pt_graph scale
17116 1.18119047619048
17116 0
17116 2.7952380952381
17116 2.41333333333333
17116 3.14
17116 2.72142857142857
17116 0.00214285714285714
17116 0
17116 0.0142857142857143
17165 1.18119047619048
17165 0
17165 2.7952380952381
17165 2.41333333333333
17165 3.14
17165 2.72142857142857
17165 0.00214285714285714
17165 0
17165 0.0142857142857143
17169 1.18119047619048
17169 0
17169 2.7952380952381
17169 2.41333333333333
17169 3.14
17169 2.72142857142857
17169 0.00214285714285714
17169 0
17169 0.0142857142857143
17209 1.18119047619048
17209 0
17209 2.7952380952381
17209 2.41333333333333
17209 3.14
17209 2.72142857142857
17209 0.00214285714285714
17209 0
17209 0.0142857142857143
17249 1.18119047619048
17249 0
17249 2.7952380952381
17249 2.41333333333333
17249 3.14
17249 2.72142857142857
17249 0.00214285714285714
17249 0
17249 0.0142857142857143
17253 1.18119047619048
17253 0
17253 2.7952380952381
17253 2.41333333333333
17253 3.14
17253 2.72142857142857
17253 0.00214285714285714
17253 0
17253 0.0142857142857143
17320 1.18119047619048
17320 0
17320 2.7952380952381
17320 2.41333333333333
17320 3.14
17320 2.72142857142857
17320 0.00214285714285714
17320 0
17320 0.0142857142857143
17321 1.18119047619048
17321 0
17321 2.7952380952381
17321 2.41333333333333
17321 3.14
17321 2.72142857142857
17321 0.00214285714285714
17321 0
17321 0.0142857142857143
17352 1.18119047619048
17352 0
17352 2.7952380952381
17352 2.41333333333333
17352 3.14
17352 2.72142857142857
17352 0.00214285714285714
17352 0
17352 0.0142857142857143
17354 1.18119047619048
17354 0
17354 2.7952380952381
17354 2.41333333333333
17354 3.14
17354 2.72142857142857
17354 0.00214285714285714
17354 0
17354 0.0142857142857143
17355 1.18119047619048
17355 0
17355 2.7952380952381
17355 2.41333333333333
17355 3.14
17355 2.72142857142857
17355 0.00214285714285714
17355 0
17355 0.0142857142857143
17356 1.18119047619048
17356 0
17356 2.7952380952381
17356 2.41333333333333
17356 3.14
17356 2.72142857142857
17356 0.00214285714285714
17356 0
17356 0.0142857142857143
17357 1.18119047619048
17357 0
17357 2.7952380952381
17357 2.41333333333333
17357 3.14
17357 2.72142857142857
17357 0.00214285714285714
17357 0
17357 0.0142857142857143
17386 1.18119047619048
17386 0
17386 2.7952380952381
17386 2.41333333333333
17386 3.14
17386 2.72142857142857
17386 0.00214285714285714
17386 0
17386 0.0142857142857143
17387 1.18119047619048
17387 0
17387 2.7952380952381
17387 2.41333333333333
17387 3.14
17387 2.72142857142857
17387 0.00214285714285714
17387 0
17387 0.0142857142857143
17389 1.18119047619048
17389 0
17389 2.7952380952381
17389 2.41333333333333
17389 3.14
17389 2.72142857142857
17389 0.00214285714285714
17389 0
17389 0.0142857142857143
17418 1.18119047619048
17418 0
17418 2.7952380952381
17418 2.41333333333333
17418 3.14
17418 2.72142857142857
17418 0.00214285714285714
17418 0
17418 0.0142857142857143
17452 1.18119047619048
17452 0
17452 2.7952380952381
17452 2.41333333333333
17452 3.14
17452 2.72142857142857
17452 0.00214285714285714
17452 0
17452 0.0142857142857143
17453 1.18119047619048
17453 0
17453 2.7952380952381
17453 2.41333333333333
17453 3.14
17453 2.72142857142857
17453 0.00214285714285714
17453 0
17453 0.0142857142857143
17454 1.18119047619048
17454 0
17454 2.7952380952381
17454 2.41333333333333
17454 3.14
17454 2.72142857142857
17454 0.00214285714285714
17454 0
17454 0.0142857142857143
17487 1.18119047619048
17487 0
17487 2.7952380952381
17487 2.41333333333333
17487 3.14
17487 2.72142857142857
17487 0.00214285714285714
17487 0
17487 0.0142857142857143
17488 1.18119047619048
17488 0
17488 2.7952380952381
17488 2.41333333333333
17488 3.14
17488 2.72142857142857
17488 0.00214285714285714
17488 0
17488 0.0142857142857143
17489 1.18119047619048
17489 0
17489 2.7952380952381
17489 2.41333333333333
17489 3.14
17489 2.72142857142857
17489 0.00214285714285714
17489 0
17489 0.0142857142857143
17490 1.18119047619048
17490 0
17490 2.7952380952381
17490 2.41333333333333
17490 3.14
17490 2.72142857142857
17490 0.00214285714285714
17490 0
17490 0.0142857142857143
17492 1.18119047619048
17492 0
17492 2.7952380952381
17492 2.41333333333333
17492 3.14
17492 2.72142857142857
17492 0.00214285714285714
17492 0
17492 0.0142857142857143
17528 1.18119047619048
17528 0
17528 2.7952380952381
17528 2.41333333333333
17528 3.14
17528 2.72142857142857
17528 0.00214285714285714
17528 0
17528 0.0142857142857143
17529 1.18119047619048
17529 0
17529 2.7952380952381
17529 2.41333333333333
17529 3.14
17529 2.72142857142857
17529 0.00214285714285714
17529 0
17529 0.0142857142857143
17561 1.18119047619048
17561 0
17561 2.7952380952381
17561 2.41333333333333
17561 3.14
17561 2.72142857142857
17561 0.00214285714285714
17561 0
17561 0.0142857142857143
17562 1.18119047619048
17562 0
17562 2.7952380952381
17562 2.41333333333333
17562 3.14
17562 2.72142857142857
17562 0.00214285714285714
17562 0
17562 0.0142857142857143
17566 1.18119047619048
17566 0
17566 2.7952380952381
17566 2.41333333333333
17566 3.14
17566 2.72142857142857
17566 0.00214285714285714
17566 0
17566 0.0142857142857143
17567 1.18119047619048
17567 0
17567 2.7952380952381
17567 2.41333333333333
17567 3.14
17567 2.72142857142857
17567 0.00214285714285714
17567 0
17567 0.0142857142857143
17571 1.18119047619048
17571 0
17571 2.7952380952381
17571 2.41333333333333
17571 3.14
17571 2.72142857142857
17571 0.00214285714285714
17571 0
17571 0.0142857142857143
17604 1.18119047619048
17604 0
17604 2.7952380952381
17604 2.41333333333333
17604 3.14
17604 2.72142857142857
17604 0.00214285714285714
17604 0
17604 0.0142857142857143
17605 1.18119047619048
17605 0
17605 2.7952380952381
17605 2.41333333333333
17605 3.14
17605 2.72142857142857
17605 0.00214285714285714
17605 0
17605 0.0142857142857143
17606 1.18119047619048
17606 0
17606 2.7952380952381
17606 2.41333333333333
17606 3.14
17606 2.72142857142857
17606 0.00214285714285714
17606 0
17606 0.0142857142857143
17607 1.18119047619048
17607 0
17607 2.7952380952381
17607 2.41333333333333
17607 3.14
17607 2.72142857142857
17607 0.00214285714285714
17607 0
17607 0.0142857142857143
17610 1.18119047619048
17610 0
17610 2.7952380952381
17610 2.41333333333333
17610 3.14
17610 2.72142857142857
17610 0.00214285714285714
17610 0
17610 0.0142857142857143
17648 1.18119047619048
17648 0
17648 2.7952380952381
17648 2.41333333333333
17648 3.14
17648 2.72142857142857
17648 0.00214285714285714
17648 0
17648 0.0142857142857143
17650 1.18119047619048
17650 0
17650 2.7952380952381
17650 2.41333333333333
17650 3.14
17650 2.72142857142857
17650 0.00214285714285714
17650 0
17650 0.0142857142857143
17660 1.18119047619048
17660 0
17660 2.7952380952381
17660 2.41333333333333
17660 3.14
17660 2.72142857142857
17660 0.00214285714285714
17660 0
17660 0.0142857142857143
17665 1.18119047619048
17665 0
17665 2.7952380952381
17665 2.41333333333333
17665 3.14
17665 2.72142857142857
17665 0.00214285714285714
17665 0
17665 0.0142857142857143
17696 1.18119047619048
17696 0
17696 2.7952380952381
17696 2.41333333333333
17696 3.14
17696 2.72142857142857
17696 0.00214285714285714
17696 0
17696 0.0142857142857143
17697 1.18119047619048
17697 0
17697 2.7952380952381
17697 2.41333333333333
17697 3.14
17697 2.72142857142857
17697 0.00214285714285714
17697 0
17697 0.0142857142857143
17703 1.18119047619048
17703 0
17703 2.7952380952381
17703 2.41333333333333
17703 3.14
17703 2.72142857142857
17703 0.00214285714285714
17703 0
17703 0.0142857142857143
17704 1.18119047619048
17704 0
17704 2.7952380952381
17704 2.41333333333333
17704 3.14
17704 2.72142857142857
17704 0.00214285714285714
17704 0
17704 0.0142857142857143
17708 1.18119047619048
17708 0
17708 2.7952380952381
17708 2.41333333333333
17708 3.14
17708 2.72142857142857
17708 0.00214285714285714
17708 0
17708 0.0142857142857143
17743 1.18119047619048
17743 0
17743 2.7952380952381
17743 2.41333333333333
17743 3.14
17743 2.72142857142857
17743 0.00214285714285714
17743 0
17743 0.0142857142857143
17744 1.18119047619048
17744 0
17744 2.7952380952381
17744 2.41333333333333
17744 3.14
17744 2.72142857142857
17744 0.00214285714285714
17744 0
17744 0.0142857142857143
17748 1.18119047619048
17748 0
17748 2.7952380952381
17748 2.41333333333333
17748 3.14
17748 2.72142857142857
17748 0.00214285714285714
17748 0
17748 0.0142857142857143
17754 1.18119047619048
17754 0
17754 2.7952380952381
17754 2.41333333333333
17754 3.14
17754 2.72142857142857
17754 0.00214285714285714
17754 0
17754 0.0142857142857143
17790 1.18119047619048
17790 0
17790 2.7952380952381
17790 2.41333333333333
17790 3.14
17790 2.72142857142857
17790 0.00214285714285714
17790 0
17790 0.0142857142857143
17793 1.18119047619048
17793 0
17793 2.7952380952381
17793 2.41333333333333
17793 3.14
17793 2.72142857142857
17793 0.00214285714285714
17793 0
17793 0.0142857142857143
17831 1.18119047619048
17831 0
17831 2.7952380952381
17831 2.41333333333333
17831 3.14
17831 2.72142857142857
17831 0.00214285714285714
17831 0
17831 0.0142857142857143
17835 1.18119047619048
17835 0
17835 2.7952380952381
17835 2.41333333333333
17835 3.14
17835 2.72142857142857
17835 0.00214285714285714
17835 0
17835 0.0142857142857143
17836 1.18119047619048
17836 0
17836 2.7952380952381
17836 2.41333333333333
17836 3.14
17836 2.72142857142857
17836 0.00214285714285714
17836 0
17836 0.0142857142857143
17837 1.18119047619048
17837 0
17837 2.7952380952381
17837 2.41333333333333
17837 3.14
17837 2.72142857142857
17837 0.00214285714285714
17837 0
17837 0.0142857142857143
17842 1.18119047619048
17842 0
17842 2.7952380952381
17842 2.41333333333333
17842 3.14
17842 2.72142857142857
17842 0.00214285714285714
17842 0
17842 0.0142857142857143
17880 1.18119047619048
17880 0
17880 2.7952380952381
17880 2.41333333333333
17880 3.14
17880 2.72142857142857
17880 0.00214285714285714
17880 0
17880 0.0142857142857143
17883 1.18119047619048
17883 0
17883 2.7952380952381
17883 2.41333333333333
17883 3.14
17883 2.72142857142857
17883 0.00214285714285714
17883 0
17883 0.0142857142857143
17884 1.18119047619048
17884 0
17884 2.7952380952381
17884 2.41333333333333
17884 3.14
17884 2.72142857142857
17884 0.00214285714285714
17884 0
17884 0.0142857142857143
17886 1.18119047619048
17886 0
17886 2.7952380952381
17886 2.41333333333333
17886 3.14
17886 2.72142857142857
17886 0.00214285714285714
17886 0
17886 0.0142857142857143
17925 1.18119047619048
17925 0
17925 2.7952380952381
17925 2.41333333333333
17925 3.14
17925 2.72142857142857
17925 0.00214285714285714
17925 0
17925 0.0142857142857143
17926 1.18119047619048
17926 0
17926 2.7952380952381
17926 2.41333333333333
17926 3.14
17926 2.72142857142857
17926 0.00214285714285714
17926 0
17926 0.0142857142857143
17929 1.18119047619048
17929 0
17929 2.7952380952381
17929 2.41333333333333
17929 3.14
17929 2.72142857142857
17929 0.00214285714285714
17929 0
17929 0.0142857142857143
17930 1.18119047619048
17930 0
17930 2.7952380952381
17930 2.41333333333333
17930 3.14
17930 2.72142857142857
17930 0.00214285714285714
17930 0
17930 0.0142857142857143
17931 1.18119047619048
17931 0
17931 2.7952380952381
17931 2.41333333333333
17931 3.14
17931 2.72142857142857
17931 0.00214285714285714
17931 0
17931 0.0142857142857143
17932 1.18119047619048
17932 0
17932 2.7952380952381
17932 2.41333333333333
17932 3.14
17932 2.72142857142857
17932 0.00214285714285714
17932 0
17932 0.0142857142857143
17934 1.18119047619048
17934 0
17934 2.7952380952381
17934 2.41333333333333
17934 3.14
17934 2.72142857142857
17934 0.00214285714285714
17934 0
17934 0.0142857142857143
17973 1.18119047619048
17973 0
17973 2.7952380952381
17973 2.41333333333333
17973 3.14
17973 2.72142857142857
17973 0.00214285714285714
17973 0
17973 0.0142857142857143
17974 1.18119047619048
17974 0
17974 2.7952380952381
17974 2.41333333333333
17974 3.14
17974 2.72142857142857
17974 0.00214285714285714
17974 0
17974 0.0142857142857143
17976 1.18119047619048
17976 0
17976 2.7952380952381
17976 2.41333333333333
17976 3.14
17976 2.72142857142857
17976 0.00214285714285714
17976 0
17976 0.0142857142857143
17977 1.18119047619048
17977 0
17977 2.7952380952381
17977 2.41333333333333
17977 3.14
17977 2.72142857142857
17977 0.00214285714285714
17977 0
17977 0.0142857142857143
17980 1.18119047619048
17980 0
17980 2.7952380952381
17980 2.41333333333333
17980 3.14
17980 2.72142857142857
17980 0.00214285714285714
17980 0
17980 0.0142857142857143
17981 1.18119047619048
17981 0
17981 2.7952380952381
17981 2.41333333333333
17981 3.14
17981 2.72142857142857
17981 0.00214285714285714
17981 0
17981 0.0142857142857143
18020 1.18119047619048
18020 0
18020 2.7952380952381
18020 2.41333333333333
18020 3.14
18020 2.72142857142857
18020 0.00214285714285714
18020 0
18020 0.0142857142857143
18021 1.18119047619048
18021 0
18021 2.7952380952381
18021 2.41333333333333
18021 3.14
18021 2.72142857142857
18021 0.00214285714285714
18021 0
18021 0.0142857142857143
18022 1.18119047619048
18022 0
18022 2.7952380952381
18022 2.41333333333333
18022 3.14
18022 2.72142857142857
18022 0.00214285714285714
18022 0
18022 0.0142857142857143
18024 1.18119047619048
18024 0
18024 2.7952380952381
18024 2.41333333333333
18024 3.14
18024 2.72142857142857
18024 0.00214285714285714
18024 0
18024 0.0142857142857143
18025 1.18119047619048
18025 0
18025 2.7952380952381
18025 2.41333333333333
18025 3.14
18025 2.72142857142857
18025 0.00214285714285714
18025 0
18025 0.0142857142857143
18026 1.18119047619048
18026 0
18026 2.7952380952381
18026 2.41333333333333
18026 3.14
18026 2.72142857142857
18026 0.00214285714285714
18026 0
18026 0.0142857142857143
18030 1.18119047619048
18030 0
18030 2.7952380952381
18030 2.41333333333333
18030 3.14
18030 2.72142857142857
18030 0.00214285714285714
18030 0
18030 0.0142857142857143
18067 1.18119047619048
18067 0
18067 2.7952380952381
18067 2.41333333333333
18067 3.14
18067 2.72142857142857
18067 0.00214285714285714
18067 0
18067 0.0142857142857143
18069 1.18119047619048
18069 0
18069 2.7952380952381
18069 2.41333333333333
18069 3.14
18069 2.72142857142857
18069 0.00214285714285714
18069 0
18069 0.0142857142857143
18071 1.18119047619048
18071 0
18071 2.7952380952381
18071 2.41333333333333
18071 3.14
18071 2.72142857142857
18071 0.00214285714285714
18071 0
18071 0.0142857142857143
18072 1.18119047619048
18072 0
18072 2.7952380952381
18072 2.41333333333333
18072 3.14
18072 2.72142857142857
18072 0.00214285714285714
18072 0
18072 0.0142857142857143
18073 1.18119047619048
18073 0
18073 2.7952380952381
18073 2.41333333333333
18073 3.14
18073 2.72142857142857
18073 0.00214285714285714
18073 0
18073 0.0142857142857143
18080 1.18119047619048
18080 0
18080 2.7952380952381
18080 2.41333333333333
18080 3.14
18080 2.72142857142857
18080 0.00214285714285714
18080 0
18080 0.0142857142857143
18114 1.18119047619048
18114 0
18114 2.7952380952381
18114 2.41333333333333
18114 3.14
18114 2.72142857142857
18114 0.00214285714285714
18114 0
18114 0.0142857142857143
18115 1.18119047619048
18115 0
18115 2.7952380952381
18115 2.41333333333333
18115 3.14
18115 2.72142857142857
18115 0.00214285714285714
18115 0
18115 0.0142857142857143
18117 1.18119047619048
18117 0
18117 2.7952380952381
18117 2.41333333333333
18117 3.14
18117 2.72142857142857
18117 0.00214285714285714
18117 0
18117 0.0142857142857143
18118 1.18119047619048
18118 0
18118 2.7952380952381
18118 2.41333333333333
18118 3.14
18118 2.72142857142857
18118 0.00214285714285714
18118 0
18118 0.0142857142857143
18120 1.18119047619048
18120 0
18120 2.7952380952381
18120 2.41333333333333
18120 3.14
18120 2.72142857142857
18120 0.00214285714285714
18120 0
18120 0.0142857142857143
18121 1.18119047619048
18121 0
18121 2.7952380952381
18121 2.41333333333333
18121 3.14
18121 2.72142857142857
18121 0.00214285714285714
18121 0
18121 0.0142857142857143
18164 1.18119047619048
18164 0
18164 2.7952380952381
18164 2.41333333333333
18164 3.14
18164 2.72142857142857
18164 0.00214285714285714
18164 0
18164 0.0142857142857143
18167 1.18119047619048
18167 0
18167 2.7952380952381
18167 2.41333333333333
18167 3.14
18167 2.72142857142857
18167 0.00214285714285714
18167 0
18167 0.0142857142857143
18171 1.18119047619048
18171 0
18171 2.7952380952381
18171 2.41333333333333
18171 3.14
18171 2.72142857142857
18171 0.00214285714285714
18171 0
18171 0.0142857142857143
18212 1.18119047619048
18212 0
18212 2.7952380952381
18212 2.41333333333333
18212 3.14
18212 2.72142857142857
18212 0.00214285714285714
18212 0
18212 0.0142857142857143
18213 1.18119047619048
18213 0
18213 2.7952380952381
18213 2.41333333333333
18213 3.14
18213 2.72142857142857
18213 0.00214285714285714
18213 0
18213 0.0142857142857143
18214 1.18119047619048
18214 0
18214 2.7952380952381
18214 2.41333333333333
18214 3.14
18214 2.72142857142857
18214 0.00214285714285714
18214 0
18214 0.0142857142857143
18216 1.18119047619048
18216 0
18216 2.7952380952381
18216 2.41333333333333
18216 3.14
18216 2.72142857142857
18216 0.00214285714285714
18216 0
18216 0.0142857142857143
18222 1.18119047619048
18222 0
18222 2.7952380952381
18222 2.41333333333333
18222 3.14
18222 2.72142857142857
18222 0.00214285714285714
18222 0
18222 0.0142857142857143
18223 1.18119047619048
18223 0
18223 2.7952380952381
18223 2.41333333333333
18223 3.14
18223 2.72142857142857
18223 0.00214285714285714
18223 0
18223 0.0142857142857143
18259 1.18119047619048
18259 0
18259 2.7952380952381
18259 2.41333333333333
18259 3.14
18259 2.72142857142857
18259 0.00214285714285714
18259 0
18259 0.0142857142857143
18260 1.18119047619048
18260 0
18260 2.7952380952381
18260 2.41333333333333
18260 3.14
18260 2.72142857142857
18260 0.00214285714285714
18260 0
18260 0.0142857142857143
18261 1.18119047619048
18261 0
18261 2.7952380952381
18261 2.41333333333333
18261 3.14
18261 2.72142857142857
18261 0.00214285714285714
18261 0
18261 0.0142857142857143
18262 1.18119047619048
18262 0
18262 2.7952380952381
18262 2.41333333333333
18262 3.14
18262 2.72142857142857
18262 0.00214285714285714
18262 0
18262 0.0142857142857143
18263 1.18119047619048
18263 0
18263 2.7952380952381
18263 2.41333333333333
18263 3.14
18263 2.72142857142857
18263 0.00214285714285714
18263 0
18263 0.0142857142857143
18264 1.18119047619048
18264 0
18264 2.7952380952381
18264 2.41333333333333
18264 3.14
18264 2.72142857142857
18264 0.00214285714285714
18264 0
18264 0.0142857142857143
18265 1.18119047619048
18265 0
18265 2.7952380952381
18265 2.41333333333333
18265 3.14
18265 2.72142857142857
18265 0.00214285714285714
18265 0
18265 0.0142857142857143
18267 1.18119047619048
18267 0
18267 2.7952380952381
18267 2.41333333333333
18267 3.14
18267 2.72142857142857
18267 0.00214285714285714
18267 0
18267 0.0142857142857143
18269 1.18119047619048
18269 0
18269 2.7952380952381
18269 2.41333333333333
18269 3.14
18269 2.72142857142857
18269 0.00214285714285714
18269 0
18269 0.0142857142857143
18270 1.18119047619048
18270 0
18270 2.7952380952381
18270 2.41333333333333
18270 3.14
18270 2.72142857142857
18270 0.00214285714285714
18270 0
18270 0.0142857142857143
18306 1.18119047619048
18306 0
18306 2.7952380952381
18306 2.41333333333333
18306 3.14
18306 2.72142857142857
18306 0.00214285714285714
18306 0
18306 0.0142857142857143
18307 1.18119047619048
18307 0
18307 2.7952380952381
18307 2.41333333333333
18307 3.14
18307 2.72142857142857
18307 0.00214285714285714
18307 0
18307 0.0142857142857143
18308 1.18119047619048
18308 0
18308 2.7952380952381
18308 2.41333333333333
18308 3.14
18308 2.72142857142857
18308 0.00214285714285714
18308 0
18308 0.0142857142857143
18309 1.18119047619048
18309 0
18309 2.7952380952381
18309 2.41333333333333
18309 3.14
18309 2.72142857142857
18309 0.00214285714285714
18309 0
18309 0.0142857142857143
18311 1.18119047619048
18311 0
18311 2.7952380952381
18311 2.41333333333333
18311 3.14
18311 2.72142857142857
18311 0.00214285714285714
18311 0
18311 0.0142857142857143
18313 1.18119047619048
18313 0
18313 2.7952380952381
18313 2.41333333333333
18313 3.14
18313 2.72142857142857
18313 0.00214285714285714
18313 0
18313 0.0142857142857143
18314 1.18119047619048
18314 0
18314 2.7952380952381
18314 2.41333333333333
18314 3.14
18314 2.72142857142857
18314 0.00214285714285714
18314 0
18314 0.0142857142857143
18349 1.18119047619048
18349 0
18349 2.7952380952381
18349 2.41333333333333
18349 3.14
18349 2.72142857142857
18349 0.00214285714285714
18349 0
18349 0.0142857142857143
18350 1.18119047619048
18350 0
18350 2.7952380952381
18350 2.41333333333333
18350 3.14
18350 2.72142857142857
18350 0.00214285714285714
18350 0
18350 0.0142857142857143
18351 1.18119047619048
18351 0
18351 2.7952380952381
18351 2.41333333333333
18351 3.14
18351 2.72142857142857
18351 0.00214285714285714
18351 0
18351 0.0142857142857143
18352 1.18119047619048
18352 0
18352 2.7952380952381
18352 2.41333333333333
18352 3.14
18352 2.72142857142857
18352 0.00214285714285714
18352 0
18352 0.0142857142857143
18353 1.18119047619048
18353 0
18353 2.7952380952381
18353 2.41333333333333
18353 3.14
18353 2.72142857142857
18353 0.00214285714285714
18353 0
18353 0.0142857142857143
18354 1.18119047619048
18354 0
18354 2.7952380952381
18354 2.41333333333333
18354 3.14
18354 2.72142857142857
18354 0.00214285714285714
18354 0
18354 0.0142857142857143
18355 1.18119047619048
18355 0
18355 2.7952380952381
18355 2.41333333333333
18355 3.14
18355 2.72142857142857
18355 0.00214285714285714
18355 0
18355 0.0142857142857143
18356 1.18119047619048
18356 0
18356 2.7952380952381
18356 2.41333333333333
18356 3.14
18356 2.72142857142857
18356 0.00214285714285714
18356 0
18356 0.0142857142857143
18357 1.18119047619048
18357 0
18357 2.7952380952381
18357 2.41333333333333
18357 3.14
18357 2.72142857142857
18357 0.00214285714285714
18357 0
18357 0.0142857142857143
18388 1.18119047619048
18388 0
18388 2.7952380952381
18388 2.41333333333333
18388 3.14
18388 2.72142857142857
18388 0.00214285714285714
18388 0
18388 0.0142857142857143
18389 1.18119047619048
18389 0
18389 2.7952380952381
18389 2.41333333333333
18389 3.14
18389 2.72142857142857
18389 0.00214285714285714
18389 0
18389 0.0142857142857143
18390 1.18119047619048
18390 0
18390 2.7952380952381
18390 2.41333333333333
18390 3.14
18390 2.72142857142857
18390 0.00214285714285714
18390 0
18390 0.0142857142857143
18392 1.18119047619048
18392 0
18392 2.7952380952381
18392 2.41333333333333
18392 3.14
18392 2.72142857142857
18392 0.00214285714285714
18392 0
18392 0.0142857142857143
18422 1.18119047619048
18422 0
18422 2.7952380952381
18422 2.41333333333333
18422 3.14
18422 2.72142857142857
18422 0.00214285714285714
18422 0
18422 0.0142857142857143
18423 1.18119047619048
18423 0
18423 2.7952380952381
18423 2.41333333333333
18423 3.14
18423 2.72142857142857
18423 0.00214285714285714
18423 0
18423 0.0142857142857143
18424 1.18119047619048
18424 0
18424 2.7952380952381
18424 2.41333333333333
18424 3.14
18424 2.72142857142857
18424 0.00214285714285714
18424 0
18424 0.0142857142857143
18425 1.18119047619048
18425 0
18425 2.7952380952381
18425 2.41333333333333
18425 3.14
18425 2.72142857142857
18425 0.00214285714285714
18425 0
18425 0.0142857142857143
18426 1.18119047619048
18426 0
18426 2.7952380952381
18426 2.41333333333333
18426 3.14
18426 2.72142857142857
18426 0.00214285714285714
18426 0
18426 0.0142857142857143
18457 1.18119047619048
18457 0
18457 2.7952380952381
18457 2.41333333333333
18457 3.14
18457 2.72142857142857
18457 0.00214285714285714
18457 0
18457 0.0142857142857143
18458 1.18119047619048
18458 0
18458 2.7952380952381
18458 2.41333333333333
18458 3.14
18458 2.72142857142857
18458 0.00214285714285714
18458 0
18458 0.0142857142857143
18459 1.18119047619048
18459 0
18459 2.7952380952381
18459 2.41333333333333
18459 3.14
18459 2.72142857142857
18459 0.00214285714285714
18459 0
18459 0.0142857142857143
18461 1.18119047619048
18461 0
18461 2.7952380952381
18461 2.41333333333333
18461 3.14
18461 2.72142857142857
18461 0.00214285714285714
18461 0
18461 0.0142857142857143
18491 1.18119047619048
18491 0
18491 2.7952380952381
18491 2.41333333333333
18491 3.14
18491 2.72142857142857
18491 0.00214285714285714
18491 0
18491 0.0142857142857143
18492 1.18119047619048
18492 0
18492 2.7952380952381
18492 2.41333333333333
18492 3.14
18492 2.72142857142857
18492 0.00214285714285714
18492 0
18492 0.0142857142857143
18493 1.18119047619048
18493 0
18493 2.7952380952381
18493 2.41333333333333
18493 3.14
18493 2.72142857142857
18493 0.00214285714285714
18493 0
18493 0.0142857142857143
18494 1.18119047619048
18494 0
18494 2.7952380952381
18494 2.41333333333333
18494 3.14
18494 2.72142857142857
18494 0.00214285714285714
18494 0
18494 0.0142857142857143
18523 1.18119047619048
18523 0
18523 2.7952380952381
18523 2.41333333333333
18523 3.14
18523 2.72142857142857
18523 0.00214285714285714
18523 0
18523 0.0142857142857143
18524 1.18119047619048
18524 0
18524 2.7952380952381
18524 2.41333333333333
18524 3.14
18524 2.72142857142857
18524 0.00214285714285714
18524 0
18524 0.0142857142857143
18581 1.18119047619048
18581 0
18581 2.7952380952381
18581 2.41333333333333
18581 3.14
18581 2.72142857142857
18581 0.00214285714285714
18581 0
18581 0.0142857142857143
18608 1.18119047619048
18608 0
18608 2.7952380952381
18608 2.41333333333333
18608 3.14
18608 2.72142857142857
18608 0.00214285714285714
18608 0
18608 0.0142857142857143
18636 1.18119047619048
18636 0
18636 2.7952380952381
18636 2.41333333333333
18636 3.14
18636 2.72142857142857
18636 0.00214285714285714
18636 0
18636 0.0142857142857143
18637 1.18119047619048
18637 0
18637 2.7952380952381
18637 2.41333333333333
18637 3.14
18637 2.72142857142857
18637 0.00214285714285714
18637 0
18637 0.0142857142857143
18669 1.18119047619048
18669 0
18669 2.7952380952381
18669 2.41333333333333
18669 3.14
18669 2.72142857142857
18669 0.00214285714285714
18669 0
18669 0.0142857142857143
18670 1.18119047619048
18670 0
18670 2.7952380952381
18670 2.41333333333333
18670 3.14
18670 2.72142857142857
18670 0.00214285714285714
18670 0
18670 0.0142857142857143
18710 1.18119047619048
18710 0
18710 2.7952380952381
18710 2.41333333333333
18710 3.14
18710 2.72142857142857
18710 0.00214285714285714
18710 0
18710 0.0142857142857143
18711 1.18119047619048
18711 0
18711 2.7952380952381
18711 2.41333333333333
18711 3.14
18711 2.72142857142857
18711 0.00214285714285714
18711 0
18711 0.0142857142857143
18752 1.18119047619048
18752 0
18752 2.7952380952381
18752 2.41333333333333
18752 3.14
18752 2.72142857142857
18752 0.00214285714285714
18752 0
18752 0.0142857142857143
18753 1.18119047619048
18753 0
18753 2.7952380952381
18753 2.41333333333333
18753 3.14
18753 2.72142857142857
18753 0.00214285714285714
18753 0
18753 0.0142857142857143
18795 1.18119047619048
18795 0
18795 2.7952380952381
18795 2.41333333333333
18795 3.14
18795 2.72142857142857
18795 0.00214285714285714
18795 0
18795 0.0142857142857143
18796 1.18119047619048
18796 0
18796 2.7952380952381
18796 2.41333333333333
18796 3.14
18796 2.72142857142857
18796 0.00214285714285714
18796 0
18796 0.0142857142857143
18797 1.18119047619048
18797 0
18797 2.7952380952381
18797 2.41333333333333
18797 3.14
18797 2.72142857142857
18797 0.00214285714285714
18797 0
18797 0.0142857142857143
18799 1.18119047619048
18799 0
18799 2.7952380952381
18799 2.41333333333333
18799 3.14
18799 2.72142857142857
18799 0.00214285714285714
18799 0
18799 0.0142857142857143
18800 1.18119047619048
18800 0
18800 2.7952380952381
18800 2.41333333333333
18800 3.14
18800 2.72142857142857
18800 0.00214285714285714
18800 0
18800 0.0142857142857143
18801 1.18119047619048
18801 0
18801 2.7952380952381
18801 2.41333333333333
18801 3.14
18801 2.72142857142857
18801 0.00214285714285714
18801 0
18801 0.0142857142857143
18843 1.18119047619048
18843 0
18843 2.7952380952381
18843 2.41333333333333
18843 3.14
18843 2.72142857142857
18843 0.00214285714285714
18843 0
18843 0.0142857142857143
18844 1.18119047619048
18844 0
18844 2.7952380952381
18844 2.41333333333333
18844 3.14
18844 2.72142857142857
18844 0.00214285714285714
18844 0
18844 0.0142857142857143
18845 1.18119047619048
18845 0
18845 2.7952380952381
18845 2.41333333333333
18845 3.14
18845 2.72142857142857
18845 0.00214285714285714
18845 0
18845 0.0142857142857143
18846 1.18119047619048
18846 0
18846 2.7952380952381
18846 2.41333333333333
18846 3.14
18846 2.72142857142857
18846 0.00214285714285714
18846 0
18846 0.0142857142857143
18885 1.18119047619048
18885 0
18885 2.7952380952381
18885 2.41333333333333
18885 3.14
18885 2.72142857142857
18885 0.00214285714285714
18885 0
18885 0.0142857142857143
18886 1.18119047619048
18886 0
18886 2.7952380952381
18886 2.41333333333333
18886 3.14
18886 2.72142857142857
18886 0.00214285714285714
18886 0
18886 0.0142857142857143
18926 1.18119047619048
18926 0
18926 2.7952380952381
18926 2.41333333333333
18926 3.14
18926 2.72142857142857
18926 0.00214285714285714
18926 0
18926 0.0142857142857143
