pt_graph shape
7606 1
7606 1
7606 1
7606 1
7606 1
7606 1
7606 1
7606 1
7606 1
7675 1
7675 1
7675 1
7675 1
7675 1
7675 1
7675 1
7675 1
7675 1
7676 1
7676 1
7676 1
7676 1
7676 1
7676 1
7676 1
7676 1
7676 1
7669 1
7669 1
7669 1
7669 1
7669 1
7669 1
7669 1
7669 1
7669 1
7806 1
7806 1
7806 1
7806 1
7806 1
7806 1
7806 1
7806 1
7806 1
7791 1
7791 1
7791 1
7791 1
7791 1
7791 1
7791 1
7791 1
7791 1
7868 1
7868 1
7868 1
7868 1
7868 1
7868 1
7868 1
7868 1
7868 1
7870 1
7870 1
7870 1
7870 1
7870 1
7870 1
7870 1
7870 1
7870 1
7863 1
7863 1
7863 1
7863 1
7863 1
7863 1
7863 1
7863 1
7863 1
7934 1
7934 1
7934 1
7934 1
7934 1
7934 1
7934 1
7934 1
7934 1
7988 1
7988 1
7988 1
7988 1
7988 1
7988 1
7988 1
7988 1
7988 1
8100 1
8100 1
8100 1
8100 1
8100 1
8100 1
8100 1
8100 1
8100 1
8119 1
8119 1
8119 1
8119 1
8119 1
8119 1
8119 1
8119 1
8119 1
8162 1
8162 1
8162 1
8162 1
8162 1
8162 1
8162 1
8162 1
8162 1
8181 1
8181 1
8181 1
8181 1
8181 1
8181 1
8181 1
8181 1
8181 1
8239 1
8239 1
8239 1
8239 1
8239 1
8239 1
8239 1
8239 1
8239 1
8468 1
8468 1
8468 1
8468 1
8468 1
8468 1
8468 1
8468 1
8468 1
8522 1
8522 1
8522 1
8522 1
8522 1
8522 1
8522 1
8522 1
8522 1
8708 1
8708 1
8708 1
8708 1
8708 1
8708 1
8708 1
8708 1
8708 1
8713 1
8713 1
8713 1
8713 1
8713 1
8713 1
8713 1
8713 1
8713 1
8801 1
8801 1
8801 1
8801 1
8801 1
8801 1
8801 1
8801 1
8801 1
8802 1
8802 1
8802 1
8802 1
8802 1
8802 1
8802 1
8802 1
8802 1
8888 1
8888 1
8888 1
8888 1
8888 1
8888 1
8888 1
8888 1
8888 1
8889 1
8889 1
8889 1
8889 1
8889 1
8889 1
8889 1
8889 1
8889 1
8890 1
8890 1
8890 1
8890 1
8890 1
8890 1
8890 1
8890 1
8890 1
8893 1
8893 1
8893 1
8893 1
8893 1
8893 1
8893 1
8893 1
8893 1
8932 1
8932 1
8932 1
8932 1
8932 1
8932 1
8932 1
8932 1
8932 1
8933 1
8933 1
8933 1
8933 1
8933 1
8933 1
8933 1
8933 1
8933 1
8972 1
8972 1
8972 1
8972 1
8972 1
8972 1
8972 1
8972 1
8972 1
