pt_graph cpue_kghour
10221 1.24
10221 0
10221 3.05
10221 2.53
10221 3.51
10221 2.95
10221 0
10221 0
10221 0
10391 1.24
10391 0
10391 3.05
10391 2.53
10391 3.51
10391 2.95
10391 0
10391 0
10391 0
10395 1.24
10395 0
10395 3.05
10395 2.53
10395 3.51
10395 2.95
10395 0
10395 0
10395 0
10502 1.24
10502 0
10502 3.05
10502 2.53
10502 3.51
10502 2.95
10502 0
10502 0
10502 0
10599 1.24
10599 0
10599 3.05
10599 2.53
10599 3.51
10599 2.95
10599 0
10599 0
10599 0
10700 1.24
10700 0
10700 3.05
10700 2.53
10700 3.51
10700 2.95
10700 0
10700 0
10700 0
11114 1.24
11114 0
11114 3.05
11114 2.53
11114 3.51
11114 2.95
11114 0
11114 0
11114 0
11115 1.24
11115 0
11115 3.05
11115 2.53
11115 3.51
11115 2.95
11115 0
11115 0
11115 0
11240 1.24
11240 0
11240 3.05
11240 2.53
11240 3.51
11240 2.95
11240 0
11240 0
11240 0
11483 1.24
11483 0
11483 3.05
11483 2.53
11483 3.51
11483 2.95
11483 0
11483 0
11483 0
11486 1.24
11486 0
11486 3.05
11486 2.53
11486 3.51
11486 2.95
11486 0
11486 0
11486 0
11498 1.24
11498 0
11498 3.05
11498 2.53
11498 3.51
11498 2.95
11498 0
11498 0
11498 0
11866 1.24
11866 0
11866 3.05
11866 2.53
11866 3.51
11866 2.95
11866 0
11866 0
11866 0
11994 1.24
11994 0
11994 3.05
11994 2.53
11994 3.51
11994 2.95
11994 0
11994 0
11994 0
12250 1.24
12250 0
12250 3.05
12250 2.53
12250 3.51
12250 2.95
12250 0
12250 0
12250 0
12380 1.24
12380 0
12380 3.05
12380 2.53
12380 3.51
12380 2.95
12380 0
12380 0
12380 0
12522 1.24
12522 0
12522 3.05
12522 2.53
12522 3.51
12522 2.95
12522 0
12522 0
12522 0
12626 1.24
12626 0
12626 3.05
12626 2.53
12626 3.51
12626 2.95
12626 0
12626 0
12626 0
12629 1.24
12629 0
12629 3.05
12629 2.53
12629 3.51
12629 2.95
12629 0
12629 0
12629 0
12643 1.24
12643 0
12643 3.05
12643 2.53
12643 3.51
12643 2.95
12643 0
12643 0
12643 0
12648 1.24
12648 0
12648 3.05
12648 2.53
12648 3.51
12648 2.95
12648 0
12648 0
12648 0
12651 1.24
12651 0
12651 3.05
12651 2.53
12651 3.51
12651 2.95
12651 0
12651 0
12651 0
12761 1.24
12761 0
12761 3.05
12761 2.53
12761 3.51
12761 2.95
12761 0
12761 0
12761 0
12766 1.24
12766 0
12766 3.05
12766 2.53
12766 3.51
12766 2.95
12766 0
12766 0
12766 0
12877 1.24
12877 0
12877 3.05
12877 2.53
12877 3.51
12877 2.95
12877 0
12877 0
12877 0
12887 1.24
12887 0
12887 3.05
12887 2.53
12887 3.51
12887 2.95
12887 0
12887 0
12887 0
12889 1.24
12889 0
12889 3.05
12889 2.53
12889 3.51
12889 2.95
12889 0
12889 0
12889 0
12989 1.24
12989 0
12989 3.05
12989 2.53
12989 3.51
12989 2.95
12989 0
12989 0
12989 0
12997 1.24
12997 0
12997 3.05
12997 2.53
12997 3.51
12997 2.95
12997 0
12997 0
12997 0
13097 1.24
13097 0
13097 3.05
13097 2.53
13097 3.51
13097 2.95
13097 0
13097 0
13097 0
13112 1.24
13112 0
13112 3.05
13112 2.53
13112 3.51
13112 2.95
13112 0
13112 0
13112 0
13116 1.24
13116 0
13116 3.05
13116 2.53
13116 3.51
13116 2.95
13116 0
13116 0
13116 0
13119 1.24
13119 0
13119 3.05
13119 2.53
13119 3.51
13119 2.95
13119 0
13119 0
13119 0
13223 1.24
13223 0
13223 3.05
13223 2.53
13223 3.51
13223 2.95
13223 0
13223 0
13223 0
13224 1.24
13224 0
13224 3.05
13224 2.53
13224 3.51
13224 2.95
13224 0
13224 0
13224 0
13313 1.24
13313 0
13313 3.05
13313 2.53
13313 3.51
13313 2.95
13313 0
13313 0
13313 0
13319 1.24
13319 0
13319 3.05
13319 2.53
13319 3.51
13319 2.95
13319 0
13319 0
13319 0
13401 1.24
13401 0
13401 3.05
13401 2.53
13401 3.51
13401 2.95
13401 0
13401 0
13401 0
13407 1.24
13407 0
13407 3.05
13407 2.53
13407 3.51
13407 2.95
13407 0
13407 0
13407 0
13468 1.24
13468 0
13468 3.05
13468 2.53
13468 3.51
13468 2.95
13468 0
13468 0
13468 0
13479 1.24
13479 0
13479 3.05
13479 2.53
13479 3.51
13479 2.95
13479 0
13479 0
13479 0
13555 1.24
13555 0
13555 3.05
13555 2.53
13555 3.51
13555 2.95
13555 0
13555 0
13555 0
13556 1.24
13556 0
13556 3.05
13556 2.53
13556 3.51
13556 2.95
13556 0
13556 0
13556 0
13601 1.24
13601 0
13601 3.05
13601 2.53
13601 3.51
13601 2.95
13601 0
13601 0
13601 0
13619 1.24
13619 0
13619 3.05
13619 2.53
13619 3.51
13619 2.95
13619 0
13619 0
13619 0
13667 1.24
13667 0
13667 3.05
13667 2.53
13667 3.51
13667 2.95
13667 0
13667 0
13667 0
13670 1.24
13670 0
13670 3.05
13670 2.53
13670 3.51
13670 2.95
13670 0
13670 0
13670 0
13718 1.24
13718 0
13718 3.05
13718 2.53
13718 3.51
13718 2.95
13718 0
13718 0
13718 0
13817 1.24
13817 0
13817 3.05
13817 2.53
13817 3.51
13817 2.95
13817 0
13817 0
13817 0
13821 1.24
13821 0
13821 3.05
13821 2.53
13821 3.51
13821 2.95
13821 0
13821 0
13821 0
13836 1.24
13836 0
13836 3.05
13836 2.53
13836 3.51
13836 2.95
13836 0
13836 0
13836 0
13865 1.24
13865 0
13865 3.05
13865 2.53
13865 3.51
13865 2.95
13865 0
13865 0
13865 0
13949 1.24
13949 0
13949 3.05
13949 2.53
13949 3.51
13949 2.95
13949 0
13949 0
13949 0
13952 1.24
13952 0
13952 3.05
13952 2.53
13952 3.51
13952 2.95
13952 0
13952 0
13952 0
14004 1.24
14004 0
14004 3.05
14004 2.53
14004 3.51
14004 2.95
14004 0
14004 0
14004 0
14049 1.24
14049 0
14049 3.05
14049 2.53
14049 3.51
14049 2.95
14049 0
14049 0
14049 0
14089 1.24
14089 0
14089 3.05
14089 2.53
14089 3.51
14089 2.95
14089 0
14089 0
14089 0
14097 1.24
14097 0
14097 3.05
14097 2.53
14097 3.51
14097 2.95
14097 0
14097 0
14097 0
14099 1.24
14099 0
14099 3.05
14099 2.53
14099 3.51
14099 2.95
14099 0
14099 0
14099 0
14106 1.24
14106 0
14106 3.05
14106 2.53
14106 3.51
14106 2.95
14106 0
14106 0
14106 0
14142 1.24
14142 0
14142 3.05
14142 2.53
14142 3.51
14142 2.95
14142 0
14142 0
14142 0
14146 1.24
14146 0
14146 3.05
14146 2.53
14146 3.51
14146 2.95
14146 0
14146 0
14146 0
14152 1.24
14152 0
14152 3.05
14152 2.53
14152 3.51
14152 2.95
14152 0
14152 0
14152 0
14162 1.24
14162 0
14162 3.05
14162 2.53
14162 3.51
14162 2.95
14162 0
14162 0
14162 0
14165 1.24
14165 0
14165 3.05
14165 2.53
14165 3.51
14165 2.95
14165 0
14165 0
14165 0
14168 1.24
14168 0
14168 3.05
14168 2.53
14168 3.51
14168 2.95
14168 0
14168 0
14168 0
14195 1.24
14195 0
14195 3.05
14195 2.53
14195 3.51
14195 2.95
14195 0
14195 0
14195 0
14237 1.24
14237 0
14237 3.05
14237 2.53
14237 3.51
14237 2.95
14237 0
14237 0
14237 0
14257 1.24
14257 0
14257 3.05
14257 2.53
14257 3.51
14257 2.95
14257 0
14257 0
14257 0
14287 1.24
14287 0
14287 3.05
14287 2.53
14287 3.51
14287 2.95
14287 0
14287 0
14287 0
14338 1.24
14338 0
14338 3.05
14338 2.53
14338 3.51
14338 2.95
14338 0
14338 0
14338 0
14373 1.24
14373 0
14373 3.05
14373 2.53
14373 3.51
14373 2.95
14373 0
14373 0
14373 0
14395 1.24
14395 0
14395 3.05
14395 2.53
14395 3.51
14395 2.95
14395 0
14395 0
14395 0
14468 1.24
14468 0
14468 3.05
14468 2.53
14468 3.51
14468 2.95
14468 0
14468 0
14468 0
14473 1.24
14473 0
14473 3.05
14473 2.53
14473 3.51
14473 2.95
14473 0
14473 0
14473 0
14495 1.24
14495 0
14495 3.05
14495 2.53
14495 3.51
14495 2.95
14495 0
14495 0
14495 0
14537 1.24
14537 0
14537 3.05
14537 2.53
14537 3.51
14537 2.95
14537 0
14537 0
14537 0
14538 1.24
14538 0
14538 3.05
14538 2.53
14538 3.51
14538 2.95
14538 0
14538 0
14538 0
14558 1.24
14558 0
14558 3.05
14558 2.53
14558 3.51
14558 2.95
14558 0
14558 0
14558 0
14568 1.24
14568 0
14568 3.05
14568 2.53
14568 3.51
14568 2.95
14568 0
14568 0
14568 0
14604 1.24
14604 0
14604 3.05
14604 2.53
14604 3.51
14604 2.95
14604 0
14604 0
14604 0
