pt_graph scale
9611 1.1152380952381
9611 0
9611 3.2597619047619
9611 2.12547619047619
9611 2
9611 2.68047619047619
9611 0.0019047619047619
9611 0.0169047619047619
9611 0.0133333333333333
9677 1.1152380952381
9677 0
9677 3.2597619047619
9677 2.12547619047619
9677 2
9677 2.68047619047619
9677 0.0019047619047619
9677 0.0169047619047619
9677 0.0133333333333333
9682 1.1152380952381
9682 0
9682 3.2597619047619
9682 2.12547619047619
9682 2
9682 2.68047619047619
9682 0.0019047619047619
9682 0.0169047619047619
9682 0.0133333333333333
9684 1.1152380952381
9684 0
9684 3.2597619047619
9684 2.12547619047619
9684 2
9684 2.68047619047619
9684 0.0019047619047619
9684 0.0169047619047619
9684 0.0133333333333333
9690 1.1152380952381
9690 0
9690 3.2597619047619
9690 2.12547619047619
9690 2
9690 2.68047619047619
9690 0.0019047619047619
9690 0.0169047619047619
9690 0.0133333333333333
9765 1.1152380952381
9765 0
9765 3.2597619047619
9765 2.12547619047619
9765 2
9765 2.68047619047619
9765 0.0019047619047619
9765 0.0169047619047619
9765 0.0133333333333333
9822 1.1152380952381
9822 0
9822 3.2597619047619
9822 2.12547619047619
9822 2
9822 2.68047619047619
9822 0.0019047619047619
9822 0.0169047619047619
9822 0.0133333333333333
9924 1.1152380952381
9924 0
9924 3.2597619047619
9924 2.12547619047619
9924 2
9924 2.68047619047619
9924 0.0019047619047619
9924 0.0169047619047619
9924 0.0133333333333333
9925 1.1152380952381
9925 0
9925 3.2597619047619
9925 2.12547619047619
9925 2
9925 2.68047619047619
9925 0.0019047619047619
9925 0.0169047619047619
9925 0.0133333333333333
10005 1.1152380952381
10005 0
10005 3.2597619047619
10005 2.12547619047619
10005 2
10005 2.68047619047619
10005 0.0019047619047619
10005 0.0169047619047619
10005 0.0133333333333333
10006 1.1152380952381
10006 0
10006 3.2597619047619
10006 2.12547619047619
10006 2
10006 2.68047619047619
10006 0.0019047619047619
10006 0.0169047619047619
10006 0.0133333333333333
10071 1.1152380952381
10071 0
10071 3.2597619047619
10071 2.12547619047619
10071 2
10071 2.68047619047619
10071 0.0019047619047619
10071 0.0169047619047619
10071 0.0133333333333333
10256 1.1152380952381
10256 0
10256 3.2597619047619
10256 2.12547619047619
10256 2
10256 2.68047619047619
10256 0.0019047619047619
10256 0.0169047619047619
10256 0.0133333333333333
10340 1.1152380952381
10340 0
10340 3.2597619047619
10340 2.12547619047619
10340 2
10340 2.68047619047619
10340 0.0019047619047619
10340 0.0169047619047619
10340 0.0133333333333333
10343 1.1152380952381
10343 0
10343 3.2597619047619
10343 2.12547619047619
10343 2
10343 2.68047619047619
10343 0.0019047619047619
10343 0.0169047619047619
10343 0.0133333333333333
10400 1.1152380952381
10400 0
10400 3.2597619047619
10400 2.12547619047619
10400 2
10400 2.68047619047619
10400 0.0019047619047619
10400 0.0169047619047619
10400 0.0133333333333333
10402 1.1152380952381
10402 0
10402 3.2597619047619
10402 2.12547619047619
10402 2
10402 2.68047619047619
10402 0.0019047619047619
10402 0.0169047619047619
10402 0.0133333333333333
10620 1.1152380952381
10620 0
10620 3.2597619047619
10620 2.12547619047619
10620 2
10620 2.68047619047619
10620 0.0019047619047619
10620 0.0169047619047619
10620 0.0133333333333333
10624 1.1152380952381
10624 0
10624 3.2597619047619
10624 2.12547619047619
10624 2
10624 2.68047619047619
10624 0.0019047619047619
10624 0.0169047619047619
10624 0.0133333333333333
10724 1.1152380952381
10724 0
10724 3.2597619047619
10724 2.12547619047619
10724 2
10724 2.68047619047619
10724 0.0019047619047619
10724 0.0169047619047619
10724 0.0133333333333333
10798 1.1152380952381
10798 0
10798 3.2597619047619
10798 2.12547619047619
10798 2
10798 2.68047619047619
10798 0.0019047619047619
10798 0.0169047619047619
10798 0.0133333333333333
10802 1.1152380952381
10802 0
10802 3.2597619047619
10802 2.12547619047619
10802 2
10802 2.68047619047619
10802 0.0019047619047619
10802 0.0169047619047619
10802 0.0133333333333333
10902 1.1152380952381
10902 0
10902 3.2597619047619
10902 2.12547619047619
10902 2
10902 2.68047619047619
10902 0.0019047619047619
10902 0.0169047619047619
10902 0.0133333333333333
10928 1.1152380952381
10928 0
10928 3.2597619047619
10928 2.12547619047619
10928 2
10928 2.68047619047619
10928 0.0019047619047619
10928 0.0169047619047619
10928 0.0133333333333333
11359 1.1152380952381
11359 0
11359 3.2597619047619
11359 2.12547619047619
11359 2
11359 2.68047619047619
11359 0.0019047619047619
11359 0.0169047619047619
11359 0.0133333333333333
11398 1.1152380952381
11398 0
11398 3.2597619047619
11398 2.12547619047619
11398 2
11398 2.68047619047619
11398 0.0019047619047619
11398 0.0169047619047619
11398 0.0133333333333333
11533 1.1152380952381
11533 0
11533 3.2597619047619
11533 2.12547619047619
11533 2
11533 2.68047619047619
11533 0.0019047619047619
11533 0.0169047619047619
11533 0.0133333333333333
11527 1.1152380952381
11527 0
11527 3.2597619047619
11527 2.12547619047619
11527 2
11527 2.68047619047619
11527 0.0019047619047619
11527 0.0169047619047619
11527 0.0133333333333333
11512 1.1152380952381
11512 0
11512 3.2597619047619
11512 2.12547619047619
11512 2
11512 2.68047619047619
11512 0.0019047619047619
11512 0.0169047619047619
11512 0.0133333333333333
11629 1.1152380952381
11629 0
11629 3.2597619047619
11629 2.12547619047619
11629 2
11629 2.68047619047619
11629 0.0019047619047619
11629 0.0169047619047619
11629 0.0133333333333333
11785 1.1152380952381
11785 0
11785 3.2597619047619
11785 2.12547619047619
11785 2
11785 2.68047619047619
11785 0.0019047619047619
11785 0.0169047619047619
11785 0.0133333333333333
11781 1.1152380952381
11781 0
11781 3.2597619047619
11781 2.12547619047619
11781 2
11781 2.68047619047619
11781 0.0019047619047619
11781 0.0169047619047619
11781 0.0133333333333333
11923 1.1152380952381
11923 0
11923 3.2597619047619
11923 2.12547619047619
11923 2
11923 2.68047619047619
11923 0.0019047619047619
11923 0.0169047619047619
11923 0.0133333333333333
12030 1.1152380952381
12030 0
12030 3.2597619047619
12030 2.12547619047619
12030 2
12030 2.68047619047619
12030 0.0019047619047619
12030 0.0169047619047619
12030 0.0133333333333333
12114 1.1152380952381
12114 0
12114 3.2597619047619
12114 2.12547619047619
12114 2
12114 2.68047619047619
12114 0.0019047619047619
12114 0.0169047619047619
12114 0.0133333333333333
12129 1.1152380952381
12129 0
12129 3.2597619047619
12129 2.12547619047619
12129 2
12129 2.68047619047619
12129 0.0019047619047619
12129 0.0169047619047619
12129 0.0133333333333333
12130 1.1152380952381
12130 0
12130 3.2597619047619
12130 2.12547619047619
12130 2
12130 2.68047619047619
12130 0.0019047619047619
12130 0.0169047619047619
12130 0.0133333333333333
12138 1.1152380952381
12138 0
12138 3.2597619047619
12138 2.12547619047619
12138 2
12138 2.68047619047619
12138 0.0019047619047619
12138 0.0169047619047619
12138 0.0133333333333333
12150 1.1152380952381
12150 0
12150 3.2597619047619
12150 2.12547619047619
12150 2
12150 2.68047619047619
12150 0.0019047619047619
12150 0.0169047619047619
12150 0.0133333333333333
12288 1.1152380952381
12288 0
12288 3.2597619047619
12288 2.12547619047619
12288 2
12288 2.68047619047619
12288 0.0019047619047619
12288 0.0169047619047619
12288 0.0133333333333333
12382 1.1152380952381
12382 0
12382 3.2597619047619
12382 2.12547619047619
12382 2
12382 2.68047619047619
12382 0.0019047619047619
12382 0.0169047619047619
12382 0.0133333333333333
12391 1.1152380952381
12391 0
12391 3.2597619047619
12391 2.12547619047619
12391 2
12391 2.68047619047619
12391 0.0019047619047619
12391 0.0169047619047619
12391 0.0133333333333333
12396 1.1152380952381
12396 0
12396 3.2597619047619
12396 2.12547619047619
12396 2
12396 2.68047619047619
12396 0.0019047619047619
12396 0.0169047619047619
12396 0.0133333333333333
12401 1.1152380952381
12401 0
12401 3.2597619047619
12401 2.12547619047619
12401 2
12401 2.68047619047619
12401 0.0019047619047619
12401 0.0169047619047619
12401 0.0133333333333333
12557 1.1152380952381
12557 0
12557 3.2597619047619
12557 2.12547619047619
12557 2
12557 2.68047619047619
12557 0.0019047619047619
12557 0.0169047619047619
12557 0.0133333333333333
12511 1.1152380952381
12511 0
12511 3.2597619047619
12511 2.12547619047619
12511 2
12511 2.68047619047619
12511 0.0019047619047619
12511 0.0169047619047619
12511 0.0133333333333333
12552 1.1152380952381
12552 0
12552 3.2597619047619
12552 2.12547619047619
12552 2
12552 2.68047619047619
12552 0.0019047619047619
12552 0.0169047619047619
12552 0.0133333333333333
12517 1.1152380952381
12517 0
12517 3.2597619047619
12517 2.12547619047619
12517 2
12517 2.68047619047619
12517 0.0019047619047619
12517 0.0169047619047619
12517 0.0133333333333333
12549 1.1152380952381
12549 0
12549 3.2597619047619
12549 2.12547619047619
12549 2
12549 2.68047619047619
12549 0.0019047619047619
12549 0.0169047619047619
12549 0.0133333333333333
12545 1.1152380952381
12545 0
12545 3.2597619047619
12545 2.12547619047619
12545 2
12545 2.68047619047619
12545 0.0019047619047619
12545 0.0169047619047619
12545 0.0133333333333333
12546 1.1152380952381
12546 0
12546 3.2597619047619
12546 2.12547619047619
12546 2
12546 2.68047619047619
12546 0.0019047619047619
12546 0.0169047619047619
12546 0.0133333333333333
12522 1.1152380952381
12522 0
12522 3.2597619047619
12522 2.12547619047619
12522 2
12522 2.68047619047619
12522 0.0019047619047619
12522 0.0169047619047619
12522 0.0133333333333333
12526 1.1152380952381
12526 0
12526 3.2597619047619
12526 2.12547619047619
12526 2
12526 2.68047619047619
12526 0.0019047619047619
12526 0.0169047619047619
12526 0.0133333333333333
12529 1.1152380952381
12529 0
12529 3.2597619047619
12529 2.12547619047619
12529 2
12529 2.68047619047619
12529 0.0019047619047619
12529 0.0169047619047619
12529 0.0133333333333333
12643 1.1152380952381
12643 0
12643 3.2597619047619
12643 2.12547619047619
12643 2
12643 2.68047619047619
12643 0.0019047619047619
12643 0.0169047619047619
12643 0.0133333333333333
12672 1.1152380952381
12672 0
12672 3.2597619047619
12672 2.12547619047619
12672 2
12672 2.68047619047619
12672 0.0019047619047619
12672 0.0169047619047619
12672 0.0133333333333333
12662 1.1152380952381
12662 0
12662 3.2597619047619
12662 2.12547619047619
12662 2
12662 2.68047619047619
12662 0.0019047619047619
12662 0.0169047619047619
12662 0.0133333333333333
12659 1.1152380952381
12659 0
12659 3.2597619047619
12659 2.12547619047619
12659 2
12659 2.68047619047619
12659 0.0019047619047619
12659 0.0169047619047619
12659 0.0133333333333333
12754 1.1152380952381
12754 0
12754 3.2597619047619
12754 2.12547619047619
12754 2
12754 2.68047619047619
12754 0.0019047619047619
12754 0.0169047619047619
12754 0.0133333333333333
12796 1.1152380952381
12796 0
12796 3.2597619047619
12796 2.12547619047619
12796 2
12796 2.68047619047619
12796 0.0019047619047619
12796 0.0169047619047619
12796 0.0133333333333333
12759 1.1152380952381
12759 0
12759 3.2597619047619
12759 2.12547619047619
12759 2
12759 2.68047619047619
12759 0.0019047619047619
12759 0.0169047619047619
12759 0.0133333333333333
12790 1.1152380952381
12790 0
12790 3.2597619047619
12790 2.12547619047619
12790 2
12790 2.68047619047619
12790 0.0019047619047619
12790 0.0169047619047619
12790 0.0133333333333333
12767 1.1152380952381
12767 0
12767 3.2597619047619
12767 2.12547619047619
12767 2
12767 2.68047619047619
12767 0.0019047619047619
12767 0.0169047619047619
12767 0.0133333333333333
12864 1.1152380952381
12864 0
12864 3.2597619047619
12864 2.12547619047619
12864 2
12864 2.68047619047619
12864 0.0019047619047619
12864 0.0169047619047619
12864 0.0133333333333333
12914 1.1152380952381
12914 0
12914 3.2597619047619
12914 2.12547619047619
12914 2
12914 2.68047619047619
12914 0.0019047619047619
12914 0.0169047619047619
12914 0.0133333333333333
12913 1.1152380952381
12913 0
12913 3.2597619047619
12913 2.12547619047619
12913 2
12913 2.68047619047619
12913 0.0019047619047619
12913 0.0169047619047619
12913 0.0133333333333333
12887 1.1152380952381
12887 0
12887 3.2597619047619
12887 2.12547619047619
12887 2
12887 2.68047619047619
12887 0.0019047619047619
12887 0.0169047619047619
12887 0.0133333333333333
13005 1.1152380952381
13005 0
13005 3.2597619047619
13005 2.12547619047619
13005 2
13005 2.68047619047619
13005 0.0019047619047619
13005 0.0169047619047619
13005 0.0133333333333333
13006 1.1152380952381
13006 0
13006 3.2597619047619
13006 2.12547619047619
13006 2
13006 2.68047619047619
13006 0.0019047619047619
13006 0.0169047619047619
13006 0.0133333333333333
13109 1.1152380952381
13109 0
13109 3.2597619047619
13109 2.12547619047619
13109 2
13109 2.68047619047619
13109 0.0019047619047619
13109 0.0169047619047619
13109 0.0133333333333333
13114 1.1152380952381
13114 0
13114 3.2597619047619
13114 2.12547619047619
13114 2
13114 2.68047619047619
13114 0.0019047619047619
13114 0.0169047619047619
13114 0.0133333333333333
13122 1.1152380952381
13122 0
13122 3.2597619047619
13122 2.12547619047619
13122 2
13122 2.68047619047619
13122 0.0019047619047619
13122 0.0169047619047619
13122 0.0133333333333333
13208 1.1152380952381
13208 0
13208 3.2597619047619
13208 2.12547619047619
13208 2
13208 2.68047619047619
13208 0.0019047619047619
13208 0.0169047619047619
13208 0.0133333333333333
13304 1.1152380952381
13304 0
13304 3.2597619047619
13304 2.12547619047619
13304 2
13304 2.68047619047619
13304 0.0019047619047619
13304 0.0169047619047619
13304 0.0133333333333333
13323 1.1152380952381
13323 0
13323 3.2597619047619
13323 2.12547619047619
13323 2
13323 2.68047619047619
13323 0.0019047619047619
13323 0.0169047619047619
13323 0.0133333333333333
13379 1.1152380952381
13379 0
13379 3.2597619047619
13379 2.12547619047619
13379 2
13379 2.68047619047619
13379 0.0019047619047619
13379 0.0169047619047619
13379 0.0133333333333333
13405 1.1152380952381
13405 0
13405 3.2597619047619
13405 2.12547619047619
13405 2
13405 2.68047619047619
13405 0.0019047619047619
13405 0.0169047619047619
13405 0.0133333333333333
13408 1.1152380952381
13408 0
13408 3.2597619047619
13408 2.12547619047619
13408 2
13408 2.68047619047619
13408 0.0019047619047619
13408 0.0169047619047619
13408 0.0133333333333333
13478 1.1152380952381
13478 0
13478 3.2597619047619
13478 2.12547619047619
13478 2
13478 2.68047619047619
13478 0.0019047619047619
13478 0.0169047619047619
13478 0.0133333333333333
13554 1.1152380952381
13554 0
13554 3.2597619047619
13554 2.12547619047619
13554 2
13554 2.68047619047619
13554 0.0019047619047619
13554 0.0169047619047619
13554 0.0133333333333333
13556 1.1152380952381
13556 0
13556 3.2597619047619
13556 2.12547619047619
13556 2
13556 2.68047619047619
13556 0.0019047619047619
13556 0.0169047619047619
13556 0.0133333333333333
13602 1.1152380952381
13602 0
13602 3.2597619047619
13602 2.12547619047619
13602 2
13602 2.68047619047619
13602 0.0019047619047619
13602 0.0169047619047619
13602 0.0133333333333333
13650 1.1152380952381
13650 0
13650 3.2597619047619
13650 2.12547619047619
13650 2
13650 2.68047619047619
13650 0.0019047619047619
13650 0.0169047619047619
13650 0.0133333333333333
13674 1.1152380952381
13674 0
13674 3.2597619047619
13674 2.12547619047619
13674 2
13674 2.68047619047619
13674 0.0019047619047619
13674 0.0169047619047619
13674 0.0133333333333333
13714 1.1152380952381
13714 0
13714 3.2597619047619
13714 2.12547619047619
13714 2
13714 2.68047619047619
13714 0.0019047619047619
13714 0.0169047619047619
13714 0.0133333333333333
13717 1.1152380952381
13717 0
13717 3.2597619047619
13717 2.12547619047619
13717 2
13717 2.68047619047619
13717 0.0019047619047619
13717 0.0169047619047619
13717 0.0133333333333333
13718 1.1152380952381
13718 0
13718 3.2597619047619
13718 2.12547619047619
13718 2
13718 2.68047619047619
13718 0.0019047619047619
13718 0.0169047619047619
13718 0.0133333333333333
13726 1.1152380952381
13726 0
13726 3.2597619047619
13726 2.12547619047619
13726 2
13726 2.68047619047619
13726 0.0019047619047619
13726 0.0169047619047619
13726 0.0133333333333333
13727 1.1152380952381
13727 0
13727 3.2597619047619
13727 2.12547619047619
13727 2
13727 2.68047619047619
13727 0.0019047619047619
13727 0.0169047619047619
13727 0.0133333333333333
13826 1.1152380952381
13826 0
13826 3.2597619047619
13826 2.12547619047619
13826 2
13826 2.68047619047619
13826 0.0019047619047619
13826 0.0169047619047619
13826 0.0133333333333333
13833 1.1152380952381
13833 0
13833 3.2597619047619
13833 2.12547619047619
13833 2
13833 2.68047619047619
13833 0.0019047619047619
13833 0.0169047619047619
13833 0.0133333333333333
13837 1.1152380952381
13837 0
13837 3.2597619047619
13837 2.12547619047619
13837 2
13837 2.68047619047619
13837 0.0019047619047619
13837 0.0169047619047619
13837 0.0133333333333333
13838 1.1152380952381
13838 0
13838 3.2597619047619
13838 2.12547619047619
13838 2
13838 2.68047619047619
13838 0.0019047619047619
13838 0.0169047619047619
13838 0.0133333333333333
13874 1.1152380952381
13874 0
13874 3.2597619047619
13874 2.12547619047619
13874 2
13874 2.68047619047619
13874 0.0019047619047619
13874 0.0169047619047619
13874 0.0133333333333333
13889 1.1152380952381
13889 0
13889 3.2597619047619
13889 2.12547619047619
13889 2
13889 2.68047619047619
13889 0.0019047619047619
13889 0.0169047619047619
13889 0.0133333333333333
14002 1.1152380952381
14002 0
14002 3.2597619047619
14002 2.12547619047619
14002 2
14002 2.68047619047619
14002 0.0019047619047619
14002 0.0169047619047619
14002 0.0133333333333333
14059 1.1152380952381
14059 0
14059 3.2597619047619
14059 2.12547619047619
14059 2
14059 2.68047619047619
14059 0.0019047619047619
14059 0.0169047619047619
14059 0.0133333333333333
14113 1.1152380952381
14113 0
14113 3.2597619047619
14113 2.12547619047619
14113 2
14113 2.68047619047619
14113 0.0019047619047619
14113 0.0169047619047619
14113 0.0133333333333333
14203 1.1152380952381
14203 0
14203 3.2597619047619
14203 2.12547619047619
14203 2
14203 2.68047619047619
14203 0.0019047619047619
14203 0.0169047619047619
14203 0.0133333333333333
14204 1.1152380952381
14204 0
14204 3.2597619047619
14204 2.12547619047619
14204 2
14204 2.68047619047619
14204 0.0019047619047619
14204 0.0169047619047619
14204 0.0133333333333333
14205 1.1152380952381
14205 0
14205 3.2597619047619
14205 2.12547619047619
14205 2
14205 2.68047619047619
14205 0.0019047619047619
14205 0.0169047619047619
14205 0.0133333333333333
14216 1.1152380952381
14216 0
14216 3.2597619047619
14216 2.12547619047619
14216 2
14216 2.68047619047619
14216 0.0019047619047619
14216 0.0169047619047619
14216 0.0133333333333333
14283 1.1152380952381
14283 0
14283 3.2597619047619
14283 2.12547619047619
14283 2
14283 2.68047619047619
14283 0.0019047619047619
14283 0.0169047619047619
14283 0.0133333333333333
14337 1.1152380952381
14337 0
14337 3.2597619047619
14337 2.12547619047619
14337 2
14337 2.68047619047619
14337 0.0019047619047619
14337 0.0169047619047619
14337 0.0133333333333333
14342 1.1152380952381
14342 0
14342 3.2597619047619
14342 2.12547619047619
14342 2
14342 2.68047619047619
14342 0.0019047619047619
14342 0.0169047619047619
14342 0.0133333333333333
14346 1.1152380952381
14346 0
14346 3.2597619047619
14346 2.12547619047619
14346 2
14346 2.68047619047619
14346 0.0019047619047619
14346 0.0169047619047619
14346 0.0133333333333333
14348 1.1152380952381
14348 0
14348 3.2597619047619
14348 2.12547619047619
14348 2
14348 2.68047619047619
14348 0.0019047619047619
14348 0.0169047619047619
14348 0.0133333333333333
14375 1.1152380952381
14375 0
14375 3.2597619047619
14375 2.12547619047619
14375 2
14375 2.68047619047619
14375 0.0019047619047619
14375 0.0169047619047619
14375 0.0133333333333333
14386 1.1152380952381
14386 0
14386 3.2597619047619
14386 2.12547619047619
14386 2
14386 2.68047619047619
14386 0.0019047619047619
14386 0.0169047619047619
14386 0.0133333333333333
14390 1.1152380952381
14390 0
14390 3.2597619047619
14390 2.12547619047619
14390 2
14390 2.68047619047619
14390 0.0019047619047619
14390 0.0169047619047619
14390 0.0133333333333333
14392 1.1152380952381
14392 0
14392 3.2597619047619
14392 2.12547619047619
14392 2
14392 2.68047619047619
14392 0.0019047619047619
14392 0.0169047619047619
14392 0.0133333333333333
14437 1.1152380952381
14437 0
14437 3.2597619047619
14437 2.12547619047619
14437 2
14437 2.68047619047619
14437 0.0019047619047619
14437 0.0169047619047619
14437 0.0133333333333333
14531 1.1152380952381
14531 0
14531 3.2597619047619
14531 2.12547619047619
14531 2
14531 2.68047619047619
14531 0.0019047619047619
14531 0.0169047619047619
14531 0.0133333333333333
14566 1.1152380952381
14566 0
14566 3.2597619047619
14566 2.12547619047619
14566 2
14566 2.68047619047619
14566 0.0019047619047619
14566 0.0169047619047619
14566 0.0133333333333333
14635 1.1152380952381
14635 0
14635 3.2597619047619
14635 2.12547619047619
14635 2
14635 2.68047619047619
14635 0.0019047619047619
14635 0.0169047619047619
14635 0.0133333333333333
14640 1.1152380952381
14640 0
14640 3.2597619047619
14640 2.12547619047619
14640 2
14640 2.68047619047619
14640 0.0019047619047619
14640 0.0169047619047619
14640 0.0133333333333333
14701 1.1152380952381
14701 0
14701 3.2597619047619
14701 2.12547619047619
14701 2
14701 2.68047619047619
14701 0.0019047619047619
14701 0.0169047619047619
14701 0.0133333333333333
14707 1.1152380952381
14707 0
14707 3.2597619047619
14707 2.12547619047619
14707 2
14707 2.68047619047619
14707 0.0019047619047619
14707 0.0169047619047619
14707 0.0133333333333333
14731 1.1152380952381
14731 0
14731 3.2597619047619
14731 2.12547619047619
14731 2
14731 2.68047619047619
14731 0.0019047619047619
14731 0.0169047619047619
14731 0.0133333333333333
14797 1.1152380952381
14797 0
14797 3.2597619047619
14797 2.12547619047619
14797 2
14797 2.68047619047619
14797 0.0019047619047619
14797 0.0169047619047619
14797 0.0133333333333333
14821 1.1152380952381
14821 0
14821 3.2597619047619
14821 2.12547619047619
14821 2
14821 2.68047619047619
14821 0.0019047619047619
14821 0.0169047619047619
14821 0.0133333333333333
14915 1.1152380952381
14915 0
14915 3.2597619047619
14915 2.12547619047619
14915 2
14915 2.68047619047619
14915 0.0019047619047619
14915 0.0169047619047619
14915 0.0133333333333333
14961 1.1152380952381
14961 0
14961 3.2597619047619
14961 2.12547619047619
14961 2
14961 2.68047619047619
14961 0.0019047619047619
14961 0.0169047619047619
14961 0.0133333333333333
14989 1.1152380952381
14989 0
14989 3.2597619047619
14989 2.12547619047619
14989 2
14989 2.68047619047619
14989 0.0019047619047619
14989 0.0169047619047619
14989 0.0133333333333333
15099 1.1152380952381
15099 0
15099 3.2597619047619
15099 2.12547619047619
15099 2
15099 2.68047619047619
15099 0.0019047619047619
15099 0.0169047619047619
15099 0.0133333333333333
15174 1.1152380952381
15174 0
15174 3.2597619047619
15174 2.12547619047619
15174 2
15174 2.68047619047619
15174 0.0019047619047619
15174 0.0169047619047619
15174 0.0133333333333333
15262 1.1152380952381
15262 0
15262 3.2597619047619
15262 2.12547619047619
15262 2
15262 2.68047619047619
15262 0.0019047619047619
15262 0.0169047619047619
15262 0.0133333333333333
15269 1.1152380952381
15269 0
15269 3.2597619047619
15269 2.12547619047619
15269 2
15269 2.68047619047619
15269 0.0019047619047619
15269 0.0169047619047619
15269 0.0133333333333333
15493 1.1152380952381
15493 0
15493 3.2597619047619
15493 2.12547619047619
15493 2
15493 2.68047619047619
15493 0.0019047619047619
15493 0.0169047619047619
15493 0.0133333333333333
15511 1.1152380952381
15511 0
15511 3.2597619047619
15511 2.12547619047619
15511 2
15511 2.68047619047619
15511 0.0019047619047619
15511 0.0169047619047619
15511 0.0133333333333333
15556 1.1152380952381
15556 0
15556 3.2597619047619
15556 2.12547619047619
15556 2
15556 2.68047619047619
15556 0.0019047619047619
15556 0.0169047619047619
15556 0.0133333333333333
15574 1.1152380952381
15574 0
15574 3.2597619047619
15574 2.12547619047619
15574 2
15574 2.68047619047619
15574 0.0019047619047619
15574 0.0169047619047619
15574 0.0133333333333333
