pt_graph scale
5914 1.09
5914 3.9
5914 5.72470588235294
5914 2.56705882352941
5914 2.62411764705882
5914 2.82352941176471
5914 0.0235294117647059
5914 0.888235294117647
5914 0.0670588235294118
6138 1.09
6138 3.9
6138 5.72470588235294
6138 2.56705882352941
6138 2.62411764705882
6138 2.82352941176471
6138 0.0235294117647059
6138 0.888235294117647
6138 0.0670588235294118
6262 1.09
6262 3.9
6262 5.72470588235294
6262 2.56705882352941
6262 2.62411764705882
6262 2.82352941176471
6262 0.0235294117647059
6262 0.888235294117647
6262 0.0670588235294118
6256 1.09
6256 3.9
6256 5.72470588235294
6256 2.56705882352941
6256 2.62411764705882
6256 2.82352941176471
6256 0.0235294117647059
6256 0.888235294117647
6256 0.0670588235294118
6255 1.09
6255 3.9
6255 5.72470588235294
6255 2.56705882352941
6255 2.62411764705882
6255 2.82352941176471
6255 0.0235294117647059
6255 0.888235294117647
6255 0.0670588235294118
6322 1.09
6322 3.9
6322 5.72470588235294
6322 2.56705882352941
6322 2.62411764705882
6322 2.82352941176471
6322 0.0235294117647059
6322 0.888235294117647
6322 0.0670588235294118
6320 1.09
6320 3.9
6320 5.72470588235294
6320 2.56705882352941
6320 2.62411764705882
6320 2.82352941176471
6320 0.0235294117647059
6320 0.888235294117647
6320 0.0670588235294118
6321 1.09
6321 3.9
6321 5.72470588235294
6321 2.56705882352941
6321 2.62411764705882
6321 2.82352941176471
6321 0.0235294117647059
6321 0.888235294117647
6321 0.0670588235294118
6383 1.09
6383 3.9
6383 5.72470588235294
6383 2.56705882352941
6383 2.62411764705882
6383 2.82352941176471
6383 0.0235294117647059
6383 0.888235294117647
6383 0.0670588235294118
6376 1.09
6376 3.9
6376 5.72470588235294
6376 2.56705882352941
6376 2.62411764705882
6376 2.82352941176471
6376 0.0235294117647059
6376 0.888235294117647
6376 0.0670588235294118
6444 1.09
6444 3.9
6444 5.72470588235294
6444 2.56705882352941
6444 2.62411764705882
6444 2.82352941176471
6444 0.0235294117647059
6444 0.888235294117647
6444 0.0670588235294118
6443 1.09
6443 3.9
6443 5.72470588235294
6443 2.56705882352941
6443 2.62411764705882
6443 2.82352941176471
6443 0.0235294117647059
6443 0.888235294117647
6443 0.0670588235294118
6628 1.09
6628 3.9
6628 5.72470588235294
6628 2.56705882352941
6628 2.62411764705882
6628 2.82352941176471
6628 0.0235294117647059
6628 0.888235294117647
6628 0.0670588235294118
6627 1.09
6627 3.9
6627 5.72470588235294
6627 2.56705882352941
6627 2.62411764705882
6627 2.82352941176471
6627 0.0235294117647059
6627 0.888235294117647
6627 0.0670588235294118
6687 1.09
6687 3.9
6687 5.72470588235294
6687 2.56705882352941
6687 2.62411764705882
6687 2.82352941176471
6687 0.0235294117647059
6687 0.888235294117647
6687 0.0670588235294118
6806 1.09
6806 3.9
6806 5.72470588235294
6806 2.56705882352941
6806 2.62411764705882
6806 2.82352941176471
6806 0.0235294117647059
6806 0.888235294117647
6806 0.0670588235294118
6865 1.09
6865 3.9
6865 5.72470588235294
6865 2.56705882352941
6865 2.62411764705882
6865 2.82352941176471
6865 0.0235294117647059
6865 0.888235294117647
6865 0.0670588235294118
6864 1.09
6864 3.9
6864 5.72470588235294
6864 2.56705882352941
6864 2.62411764705882
6864 2.82352941176471
6864 0.0235294117647059
6864 0.888235294117647
6864 0.0670588235294118
6922 1.09
6922 3.9
6922 5.72470588235294
6922 2.56705882352941
6922 2.62411764705882
6922 2.82352941176471
6922 0.0235294117647059
6922 0.888235294117647
6922 0.0670588235294118
6921 1.09
6921 3.9
6921 5.72470588235294
6921 2.56705882352941
6921 2.62411764705882
6921 2.82352941176471
6921 0.0235294117647059
6921 0.888235294117647
6921 0.0670588235294118
7164 1.09
7164 3.9
7164 5.72470588235294
7164 2.56705882352941
7164 2.62411764705882
7164 2.82352941176471
7164 0.0235294117647059
7164 0.888235294117647
7164 0.0670588235294118
7403 1.09
7403 3.9
7403 5.72470588235294
7403 2.56705882352941
7403 2.62411764705882
7403 2.82352941176471
7403 0.0235294117647059
7403 0.888235294117647
7403 0.0670588235294118
7609 1.09
7609 3.9
7609 5.72470588235294
7609 2.56705882352941
7609 2.62411764705882
7609 2.82352941176471
7609 0.0235294117647059
7609 0.888235294117647
7609 0.0670588235294118
7599 1.09
7599 3.9
7599 5.72470588235294
7599 2.56705882352941
7599 2.62411764705882
7599 2.82352941176471
7599 0.0235294117647059
7599 0.888235294117647
7599 0.0670588235294118
7674 1.09
7674 3.9
7674 5.72470588235294
7674 2.56705882352941
7674 2.62411764705882
7674 2.82352941176471
7674 0.0235294117647059
7674 0.888235294117647
7674 0.0670588235294118
7665 1.09
7665 3.9
7665 5.72470588235294
7665 2.56705882352941
7665 2.62411764705882
7665 2.82352941176471
7665 0.0235294117647059
7665 0.888235294117647
7665 0.0670588235294118
7739 1.09
7739 3.9
7739 5.72470588235294
7739 2.56705882352941
7739 2.62411764705882
7739 2.82352941176471
7739 0.0235294117647059
7739 0.888235294117647
7739 0.0670588235294118
7803 1.09
7803 3.9
7803 5.72470588235294
7803 2.56705882352941
7803 2.62411764705882
7803 2.82352941176471
7803 0.0235294117647059
7803 0.888235294117647
7803 0.0670588235294118
7928 1.09
7928 3.9
7928 5.72470588235294
7928 2.56705882352941
7928 2.62411764705882
7928 2.82352941176471
7928 0.0235294117647059
7928 0.888235294117647
7928 0.0670588235294118
7929 1.09
7929 3.9
7929 5.72470588235294
7929 2.56705882352941
7929 2.62411764705882
7929 2.82352941176471
7929 0.0235294117647059
7929 0.888235294117647
7929 0.0670588235294118
7990 1.09
7990 3.9
7990 5.72470588235294
7990 2.56705882352941
7990 2.62411764705882
7990 2.82352941176471
7990 0.0235294117647059
7990 0.888235294117647
7990 0.0670588235294118
7992 1.09
7992 3.9
7992 5.72470588235294
7992 2.56705882352941
7992 2.62411764705882
7992 2.82352941176471
7992 0.0235294117647059
7992 0.888235294117647
7992 0.0670588235294118
8454 1.09
8454 3.9
8454 5.72470588235294
8454 2.56705882352941
8454 2.62411764705882
8454 2.82352941176471
8454 0.0235294117647059
8454 0.888235294117647
8454 0.0670588235294118
8520 1.09
8520 3.9
8520 5.72470588235294
8520 2.56705882352941
8520 2.62411764705882
8520 2.82352941176471
8520 0.0235294117647059
8520 0.888235294117647
8520 0.0670588235294118
8559 1.09
8559 3.9
8559 5.72470588235294
8559 2.56705882352941
8559 2.62411764705882
8559 2.82352941176471
8559 0.0235294117647059
8559 0.888235294117647
8559 0.0670588235294118
8560 1.09
8560 3.9
8560 5.72470588235294
8560 2.56705882352941
8560 2.62411764705882
8560 2.82352941176471
8560 0.0235294117647059
8560 0.888235294117647
8560 0.0670588235294118
8561 1.09
8561 3.9
8561 5.72470588235294
8561 2.56705882352941
8561 2.62411764705882
8561 2.82352941176471
8561 0.0235294117647059
8561 0.888235294117647
8561 0.0670588235294118
8572 1.09
8572 3.9
8572 5.72470588235294
8572 2.56705882352941
8572 2.62411764705882
8572 2.82352941176471
8572 0.0235294117647059
8572 0.888235294117647
8572 0.0670588235294118
8610 1.09
8610 3.9
8610 5.72470588235294
8610 2.56705882352941
8610 2.62411764705882
8610 2.82352941176471
8610 0.0235294117647059
8610 0.888235294117647
8610 0.0670588235294118
8611 1.09
8611 3.9
8611 5.72470588235294
8611 2.56705882352941
8611 2.62411764705882
8611 2.82352941176471
8611 0.0235294117647059
8611 0.888235294117647
8611 0.0670588235294118
8612 1.09
8612 3.9
8612 5.72470588235294
8612 2.56705882352941
8612 2.62411764705882
8612 2.82352941176471
8612 0.0235294117647059
8612 0.888235294117647
8612 0.0670588235294118
8655 1.09
8655 3.9
8655 5.72470588235294
8655 2.56705882352941
8655 2.62411764705882
8655 2.82352941176471
8655 0.0235294117647059
8655 0.888235294117647
8655 0.0670588235294118
8657 1.09
8657 3.9
8657 5.72470588235294
8657 2.56705882352941
8657 2.62411764705882
8657 2.82352941176471
8657 0.0235294117647059
8657 0.888235294117647
8657 0.0670588235294118
8666 1.09
8666 3.9
8666 5.72470588235294
8666 2.56705882352941
8666 2.62411764705882
8666 2.82352941176471
8666 0.0235294117647059
8666 0.888235294117647
8666 0.0670588235294118
8699 1.09
8699 3.9
8699 5.72470588235294
8699 2.56705882352941
8699 2.62411764705882
8699 2.82352941176471
8699 0.0235294117647059
8699 0.888235294117647
8699 0.0670588235294118
8701 1.09
8701 3.9
8701 5.72470588235294
8701 2.56705882352941
8701 2.62411764705882
8701 2.82352941176471
8701 0.0235294117647059
8701 0.888235294117647
8701 0.0670588235294118
8743 1.09
8743 3.9
8743 5.72470588235294
8743 2.56705882352941
8743 2.62411764705882
8743 2.82352941176471
8743 0.0235294117647059
8743 0.888235294117647
8743 0.0670588235294118
8744 1.09
8744 3.9
8744 5.72470588235294
8744 2.56705882352941
8744 2.62411764705882
8744 2.82352941176471
8744 0.0235294117647059
8744 0.888235294117647
8744 0.0670588235294118
8745 1.09
8745 3.9
8745 5.72470588235294
8745 2.56705882352941
8745 2.62411764705882
8745 2.82352941176471
8745 0.0235294117647059
8745 0.888235294117647
8745 0.0670588235294118
8790 1.09
8790 3.9
8790 5.72470588235294
8790 2.56705882352941
8790 2.62411764705882
8790 2.82352941176471
8790 0.0235294117647059
8790 0.888235294117647
8790 0.0670588235294118
8791 1.09
8791 3.9
8791 5.72470588235294
8791 2.56705882352941
8791 2.62411764705882
8791 2.82352941176471
8791 0.0235294117647059
8791 0.888235294117647
8791 0.0670588235294118
8796 1.09
8796 3.9
8796 5.72470588235294
8796 2.56705882352941
8796 2.62411764705882
8796 2.82352941176471
8796 0.0235294117647059
8796 0.888235294117647
8796 0.0670588235294118
8798 1.09
8798 3.9
8798 5.72470588235294
8798 2.56705882352941
8798 2.62411764705882
8798 2.82352941176471
8798 0.0235294117647059
8798 0.888235294117647
8798 0.0670588235294118
8835 1.09
8835 3.9
8835 5.72470588235294
8835 2.56705882352941
8835 2.62411764705882
8835 2.82352941176471
8835 0.0235294117647059
8835 0.888235294117647
8835 0.0670588235294118
8836 1.09
8836 3.9
8836 5.72470588235294
8836 2.56705882352941
8836 2.62411764705882
8836 2.82352941176471
8836 0.0235294117647059
8836 0.888235294117647
8836 0.0670588235294118
8841 1.09
8841 3.9
8841 5.72470588235294
8841 2.56705882352941
8841 2.62411764705882
8841 2.82352941176471
8841 0.0235294117647059
8841 0.888235294117647
8841 0.0670588235294118
8881 1.09
8881 3.9
8881 5.72470588235294
8881 2.56705882352941
8881 2.62411764705882
8881 2.82352941176471
8881 0.0235294117647059
8881 0.888235294117647
8881 0.0670588235294118
8882 1.09
8882 3.9
8882 5.72470588235294
8882 2.56705882352941
8882 2.62411764705882
8882 2.82352941176471
8882 0.0235294117647059
8882 0.888235294117647
8882 0.0670588235294118
8886 1.09
8886 3.9
8886 5.72470588235294
8886 2.56705882352941
8886 2.62411764705882
8886 2.82352941176471
8886 0.0235294117647059
8886 0.888235294117647
8886 0.0670588235294118
8887 1.09
8887 3.9
8887 5.72470588235294
8887 2.56705882352941
8887 2.62411764705882
8887 2.82352941176471
8887 0.0235294117647059
8887 0.888235294117647
8887 0.0670588235294118
8925 1.09
8925 3.9
8925 5.72470588235294
8925 2.56705882352941
8925 2.62411764705882
8925 2.82352941176471
8925 0.0235294117647059
8925 0.888235294117647
8925 0.0670588235294118
8926 1.09
8926 3.9
8926 5.72470588235294
8926 2.56705882352941
8926 2.62411764705882
8926 2.82352941176471
8926 0.0235294117647059
8926 0.888235294117647
8926 0.0670588235294118
8929 1.09
8929 3.9
8929 5.72470588235294
8929 2.56705882352941
8929 2.62411764705882
8929 2.82352941176471
8929 0.0235294117647059
8929 0.888235294117647
8929 0.0670588235294118
8931 1.09
8931 3.9
8931 5.72470588235294
8931 2.56705882352941
8931 2.62411764705882
8931 2.82352941176471
8931 0.0235294117647059
8931 0.888235294117647
8931 0.0670588235294118
9007 1.09
9007 3.9
9007 5.72470588235294
9007 2.56705882352941
9007 2.62411764705882
9007 2.82352941176471
9007 0.0235294117647059
9007 0.888235294117647
9007 0.0670588235294118
9086 1.09
9086 3.9
9086 5.72470588235294
9086 2.56705882352941
9086 2.62411764705882
9086 2.82352941176471
9086 0.0235294117647059
9086 0.888235294117647
9086 0.0670588235294118
9119 1.09
9119 3.9
9119 5.72470588235294
9119 2.56705882352941
9119 2.62411764705882
9119 2.82352941176471
9119 0.0235294117647059
9119 0.888235294117647
9119 0.0670588235294118
9122 1.09
9122 3.9
9122 5.72470588235294
9122 2.56705882352941
9122 2.62411764705882
9122 2.82352941176471
9122 0.0235294117647059
9122 0.888235294117647
9122 0.0670588235294118
9130 1.09
9130 3.9
9130 5.72470588235294
9130 2.56705882352941
9130 2.62411764705882
9130 2.82352941176471
9130 0.0235294117647059
9130 0.888235294117647
9130 0.0670588235294118
9210 1.09
9210 3.9
9210 5.72470588235294
9210 2.56705882352941
9210 2.62411764705882
9210 2.82352941176471
9210 0.0235294117647059
9210 0.888235294117647
9210 0.0670588235294118
9214 1.09
9214 3.9
9214 5.72470588235294
9214 2.56705882352941
9214 2.62411764705882
9214 2.82352941176471
9214 0.0235294117647059
9214 0.888235294117647
9214 0.0670588235294118
9216 1.09
9216 3.9
9216 5.72470588235294
9216 2.56705882352941
9216 2.62411764705882
9216 2.82352941176471
9216 0.0235294117647059
9216 0.888235294117647
9216 0.0670588235294118
9254 1.09
9254 3.9
9254 5.72470588235294
9254 2.56705882352941
9254 2.62411764705882
9254 2.82352941176471
9254 0.0235294117647059
9254 0.888235294117647
9254 0.0670588235294118
9258 1.09
9258 3.9
9258 5.72470588235294
9258 2.56705882352941
9258 2.62411764705882
9258 2.82352941176471
9258 0.0235294117647059
9258 0.888235294117647
9258 0.0670588235294118
9259 1.09
9259 3.9
9259 5.72470588235294
9259 2.56705882352941
9259 2.62411764705882
9259 2.82352941176471
9259 0.0235294117647059
9259 0.888235294117647
9259 0.0670588235294118
9260 1.09
9260 3.9
9260 5.72470588235294
9260 2.56705882352941
9260 2.62411764705882
9260 2.82352941176471
9260 0.0235294117647059
9260 0.888235294117647
9260 0.0670588235294118
9301 1.09
9301 3.9
9301 5.72470588235294
9301 2.56705882352941
9301 2.62411764705882
9301 2.82352941176471
9301 0.0235294117647059
9301 0.888235294117647
9301 0.0670588235294118
9302 1.09
9302 3.9
9302 5.72470588235294
9302 2.56705882352941
9302 2.62411764705882
9302 2.82352941176471
9302 0.0235294117647059
9302 0.888235294117647
9302 0.0670588235294118
9308 1.09
9308 3.9
9308 5.72470588235294
9308 2.56705882352941
9308 2.62411764705882
9308 2.82352941176471
9308 0.0235294117647059
9308 0.888235294117647
9308 0.0670588235294118
9309 1.09
9309 3.9
9309 5.72470588235294
9309 2.56705882352941
9309 2.62411764705882
9309 2.82352941176471
9309 0.0235294117647059
9309 0.888235294117647
9309 0.0670588235294118
9310 1.09
9310 3.9
9310 5.72470588235294
9310 2.56705882352941
9310 2.62411764705882
9310 2.82352941176471
9310 0.0235294117647059
9310 0.888235294117647
9310 0.0670588235294118
9358 1.09
9358 3.9
9358 5.72470588235294
9358 2.56705882352941
9358 2.62411764705882
9358 2.82352941176471
9358 0.0235294117647059
9358 0.888235294117647
9358 0.0670588235294118
9359 1.09
9359 3.9
9359 5.72470588235294
9359 2.56705882352941
9359 2.62411764705882
9359 2.82352941176471
9359 0.0235294117647059
9359 0.888235294117647
9359 0.0670588235294118
9360 1.09
9360 3.9
9360 5.72470588235294
9360 2.56705882352941
9360 2.62411764705882
9360 2.82352941176471
9360 0.0235294117647059
9360 0.888235294117647
9360 0.0670588235294118
9407 1.09
9407 3.9
9407 5.72470588235294
9407 2.56705882352941
9407 2.62411764705882
9407 2.82352941176471
9407 0.0235294117647059
9407 0.888235294117647
9407 0.0670588235294118
9414 1.09
9414 3.9
9414 5.72470588235294
9414 2.56705882352941
9414 2.62411764705882
9414 2.82352941176471
9414 0.0235294117647059
9414 0.888235294117647
9414 0.0670588235294118
9416 1.09
9416 3.9
9416 5.72470588235294
9416 2.56705882352941
9416 2.62411764705882
9416 2.82352941176471
9416 0.0235294117647059
9416 0.888235294117647
9416 0.0670588235294118
9470 1.09
9470 3.9
9470 5.72470588235294
9470 2.56705882352941
9470 2.62411764705882
9470 2.82352941176471
9470 0.0235294117647059
9470 0.888235294117647
9470 0.0670588235294118
9472 1.09
9472 3.9
9472 5.72470588235294
9472 2.56705882352941
9472 2.62411764705882
9472 2.82352941176471
9472 0.0235294117647059
9472 0.888235294117647
9472 0.0670588235294118
9530 1.09
9530 3.9
9530 5.72470588235294
9530 2.56705882352941
9530 2.62411764705882
9530 2.82352941176471
9530 0.0235294117647059
9530 0.888235294117647
9530 0.0670588235294118
9532 1.09
9532 3.9
9532 5.72470588235294
9532 2.56705882352941
9532 2.62411764705882
9532 2.82352941176471
9532 0.0235294117647059
9532 0.888235294117647
9532 0.0670588235294118
9533 1.09
9533 3.9
9533 5.72470588235294
9533 2.56705882352941
9533 2.62411764705882
9533 2.82352941176471
9533 0.0235294117647059
9533 0.888235294117647
9533 0.0670588235294118
9534 1.09
9534 3.9
9534 5.72470588235294
9534 2.56705882352941
9534 2.62411764705882
9534 2.82352941176471
9534 0.0235294117647059
9534 0.888235294117647
9534 0.0670588235294118
9535 1.09
9535 3.9
9535 5.72470588235294
9535 2.56705882352941
9535 2.62411764705882
9535 2.82352941176471
9535 0.0235294117647059
9535 0.888235294117647
9535 0.0670588235294118
9602 1.09
9602 3.9
9602 5.72470588235294
9602 2.56705882352941
9602 2.62411764705882
9602 2.82352941176471
9602 0.0235294117647059
9602 0.888235294117647
9602 0.0670588235294118
9606 1.09
9606 3.9
9606 5.72470588235294
9606 2.56705882352941
9606 2.62411764705882
9606 2.82352941176471
9606 0.0235294117647059
9606 0.888235294117647
9606 0.0670588235294118
9608 1.09
9608 3.9
9608 5.72470588235294
9608 2.56705882352941
9608 2.62411764705882
9608 2.82352941176471
9608 0.0235294117647059
9608 0.888235294117647
9608 0.0670588235294118
9673 1.09
9673 3.9
9673 5.72470588235294
9673 2.56705882352941
9673 2.62411764705882
9673 2.82352941176471
9673 0.0235294117647059
9673 0.888235294117647
9673 0.0670588235294118
9674 1.09
9674 3.9
9674 5.72470588235294
9674 2.56705882352941
9674 2.62411764705882
9674 2.82352941176471
9674 0.0235294117647059
9674 0.888235294117647
9674 0.0670588235294118
9675 1.09
9675 3.9
9675 5.72470588235294
9675 2.56705882352941
9675 2.62411764705882
9675 2.82352941176471
9675 0.0235294117647059
9675 0.888235294117647
9675 0.0670588235294118
9681 1.09
9681 3.9
9681 5.72470588235294
9681 2.56705882352941
9681 2.62411764705882
9681 2.82352941176471
9681 0.0235294117647059
9681 0.888235294117647
9681 0.0670588235294118
9682 1.09
9682 3.9
9682 5.72470588235294
9682 2.56705882352941
9682 2.62411764705882
9682 2.82352941176471
9682 0.0235294117647059
9682 0.888235294117647
9682 0.0670588235294118
9683 1.09
9683 3.9
9683 5.72470588235294
9683 2.56705882352941
9683 2.62411764705882
9683 2.82352941176471
9683 0.0235294117647059
9683 0.888235294117647
9683 0.0670588235294118
9684 1.09
9684 3.9
9684 5.72470588235294
9684 2.56705882352941
9684 2.62411764705882
9684 2.82352941176471
9684 0.0235294117647059
9684 0.888235294117647
9684 0.0670588235294118
9747 1.09
9747 3.9
9747 5.72470588235294
9747 2.56705882352941
9747 2.62411764705882
9747 2.82352941176471
9747 0.0235294117647059
9747 0.888235294117647
9747 0.0670588235294118
9751 1.09
9751 3.9
9751 5.72470588235294
9751 2.56705882352941
9751 2.62411764705882
9751 2.82352941176471
9751 0.0235294117647059
9751 0.888235294117647
9751 0.0670588235294118
9752 1.09
9752 3.9
9752 5.72470588235294
9752 2.56705882352941
9752 2.62411764705882
9752 2.82352941176471
9752 0.0235294117647059
9752 0.888235294117647
9752 0.0670588235294118
9753 1.09
9753 3.9
9753 5.72470588235294
9753 2.56705882352941
9753 2.62411764705882
9753 2.82352941176471
9753 0.0235294117647059
9753 0.888235294117647
9753 0.0670588235294118
9754 1.09
9754 3.9
9754 5.72470588235294
9754 2.56705882352941
9754 2.62411764705882
9754 2.82352941176471
9754 0.0235294117647059
9754 0.888235294117647
9754 0.0670588235294118
9755 1.09
9755 3.9
9755 5.72470588235294
9755 2.56705882352941
9755 2.62411764705882
9755 2.82352941176471
9755 0.0235294117647059
9755 0.888235294117647
9755 0.0670588235294118
9758 1.09
9758 3.9
9758 5.72470588235294
9758 2.56705882352941
9758 2.62411764705882
9758 2.82352941176471
9758 0.0235294117647059
9758 0.888235294117647
9758 0.0670588235294118
9759 1.09
9759 3.9
9759 5.72470588235294
9759 2.56705882352941
9759 2.62411764705882
9759 2.82352941176471
9759 0.0235294117647059
9759 0.888235294117647
9759 0.0670588235294118
9761 1.09
9761 3.9
9761 5.72470588235294
9761 2.56705882352941
9761 2.62411764705882
9761 2.82352941176471
9761 0.0235294117647059
9761 0.888235294117647
9761 0.0670588235294118
9762 1.09
9762 3.9
9762 5.72470588235294
9762 2.56705882352941
9762 2.62411764705882
9762 2.82352941176471
9762 0.0235294117647059
9762 0.888235294117647
9762 0.0670588235294118
9763 1.09
9763 3.9
9763 5.72470588235294
9763 2.56705882352941
9763 2.62411764705882
9763 2.82352941176471
9763 0.0235294117647059
9763 0.888235294117647
9763 0.0670588235294118
9764 1.09
9764 3.9
9764 5.72470588235294
9764 2.56705882352941
9764 2.62411764705882
9764 2.82352941176471
9764 0.0235294117647059
9764 0.888235294117647
9764 0.0670588235294118
9829 1.09
9829 3.9
9829 5.72470588235294
9829 2.56705882352941
9829 2.62411764705882
9829 2.82352941176471
9829 0.0235294117647059
9829 0.888235294117647
9829 0.0670588235294118
9831 1.09
9831 3.9
9831 5.72470588235294
9831 2.56705882352941
9831 2.62411764705882
9831 2.82352941176471
9831 0.0235294117647059
9831 0.888235294117647
9831 0.0670588235294118
9833 1.09
9833 3.9
9833 5.72470588235294
9833 2.56705882352941
9833 2.62411764705882
9833 2.82352941176471
9833 0.0235294117647059
9833 0.888235294117647
9833 0.0670588235294118
9835 1.09
9835 3.9
9835 5.72470588235294
9835 2.56705882352941
9835 2.62411764705882
9835 2.82352941176471
9835 0.0235294117647059
9835 0.888235294117647
9835 0.0670588235294118
9836 1.09
9836 3.9
9836 5.72470588235294
9836 2.56705882352941
9836 2.62411764705882
9836 2.82352941176471
9836 0.0235294117647059
9836 0.888235294117647
9836 0.0670588235294118
9840 1.09
9840 3.9
9840 5.72470588235294
9840 2.56705882352941
9840 2.62411764705882
9840 2.82352941176471
9840 0.0235294117647059
9840 0.888235294117647
9840 0.0670588235294118
9841 1.09
9841 3.9
9841 5.72470588235294
9841 2.56705882352941
9841 2.62411764705882
9841 2.82352941176471
9841 0.0235294117647059
9841 0.888235294117647
9841 0.0670588235294118
9842 1.09
9842 3.9
9842 5.72470588235294
9842 2.56705882352941
9842 2.62411764705882
9842 2.82352941176471
9842 0.0235294117647059
9842 0.888235294117647
9842 0.0670588235294118
9843 1.09
9843 3.9
9843 5.72470588235294
9843 2.56705882352941
9843 2.62411764705882
9843 2.82352941176471
9843 0.0235294117647059
9843 0.888235294117647
9843 0.0670588235294118
9844 1.09
9844 3.9
9844 5.72470588235294
9844 2.56705882352941
9844 2.62411764705882
9844 2.82352941176471
9844 0.0235294117647059
9844 0.888235294117647
9844 0.0670588235294118
9845 1.09
9845 3.9
9845 5.72470588235294
9845 2.56705882352941
9845 2.62411764705882
9845 2.82352941176471
9845 0.0235294117647059
9845 0.888235294117647
9845 0.0670588235294118
9846 1.09
9846 3.9
9846 5.72470588235294
9846 2.56705882352941
9846 2.62411764705882
9846 2.82352941176471
9846 0.0235294117647059
9846 0.888235294117647
9846 0.0670588235294118
9890 1.09
9890 3.9
9890 5.72470588235294
9890 2.56705882352941
9890 2.62411764705882
9890 2.82352941176471
9890 0.0235294117647059
9890 0.888235294117647
9890 0.0670588235294118
9908 1.09
9908 3.9
9908 5.72470588235294
9908 2.56705882352941
9908 2.62411764705882
9908 2.82352941176471
9908 0.0235294117647059
9908 0.888235294117647
9908 0.0670588235294118
9911 1.09
9911 3.9
9911 5.72470588235294
9911 2.56705882352941
9911 2.62411764705882
9911 2.82352941176471
9911 0.0235294117647059
9911 0.888235294117647
9911 0.0670588235294118
9913 1.09
9913 3.9
9913 5.72470588235294
9913 2.56705882352941
9913 2.62411764705882
9913 2.82352941176471
9913 0.0235294117647059
9913 0.888235294117647
9913 0.0670588235294118
9916 1.09
9916 3.9
9916 5.72470588235294
9916 2.56705882352941
9916 2.62411764705882
9916 2.82352941176471
9916 0.0235294117647059
9916 0.888235294117647
9916 0.0670588235294118
9918 1.09
9918 3.9
9918 5.72470588235294
9918 2.56705882352941
9918 2.62411764705882
9918 2.82352941176471
9918 0.0235294117647059
9918 0.888235294117647
9918 0.0670588235294118
9919 1.09
9919 3.9
9919 5.72470588235294
9919 2.56705882352941
9919 2.62411764705882
9919 2.82352941176471
9919 0.0235294117647059
9919 0.888235294117647
9919 0.0670588235294118
9920 1.09
9920 3.9
9920 5.72470588235294
9920 2.56705882352941
9920 2.62411764705882
9920 2.82352941176471
9920 0.0235294117647059
9920 0.888235294117647
9920 0.0670588235294118
9922 1.09
9922 3.9
9922 5.72470588235294
9922 2.56705882352941
9922 2.62411764705882
9922 2.82352941176471
9922 0.0235294117647059
9922 0.888235294117647
9922 0.0670588235294118
9923 1.09
9923 3.9
9923 5.72470588235294
9923 2.56705882352941
9923 2.62411764705882
9923 2.82352941176471
9923 0.0235294117647059
9923 0.888235294117647
9923 0.0670588235294118
9924 1.09
9924 3.9
9924 5.72470588235294
9924 2.56705882352941
9924 2.62411764705882
9924 2.82352941176471
9924 0.0235294117647059
9924 0.888235294117647
9924 0.0670588235294118
9925 1.09
9925 3.9
9925 5.72470588235294
9925 2.56705882352941
9925 2.62411764705882
9925 2.82352941176471
9925 0.0235294117647059
9925 0.888235294117647
9925 0.0670588235294118
9926 1.09
9926 3.9
9926 5.72470588235294
9926 2.56705882352941
9926 2.62411764705882
9926 2.82352941176471
9926 0.0235294117647059
9926 0.888235294117647
9926 0.0670588235294118
9927 1.09
9927 3.9
9927 5.72470588235294
9927 2.56705882352941
9927 2.62411764705882
9927 2.82352941176471
9927 0.0235294117647059
9927 0.888235294117647
9927 0.0670588235294118
9928 1.09
9928 3.9
9928 5.72470588235294
9928 2.56705882352941
9928 2.62411764705882
9928 2.82352941176471
9928 0.0235294117647059
9928 0.888235294117647
9928 0.0670588235294118
9972 1.09
9972 3.9
9972 5.72470588235294
9972 2.56705882352941
9972 2.62411764705882
9972 2.82352941176471
9972 0.0235294117647059
9972 0.888235294117647
9972 0.0670588235294118
9991 1.09
9991 3.9
9991 5.72470588235294
9991 2.56705882352941
9991 2.62411764705882
9991 2.82352941176471
9991 0.0235294117647059
9991 0.888235294117647
9991 0.0670588235294118
9993 1.09
9993 3.9
9993 5.72470588235294
9993 2.56705882352941
9993 2.62411764705882
9993 2.82352941176471
9993 0.0235294117647059
9993 0.888235294117647
9993 0.0670588235294118
9994 1.09
9994 3.9
9994 5.72470588235294
9994 2.56705882352941
9994 2.62411764705882
9994 2.82352941176471
9994 0.0235294117647059
9994 0.888235294117647
9994 0.0670588235294118
9995 1.09
9995 3.9
9995 5.72470588235294
9995 2.56705882352941
9995 2.62411764705882
9995 2.82352941176471
9995 0.0235294117647059
9995 0.888235294117647
9995 0.0670588235294118
9996 1.09
9996 3.9
9996 5.72470588235294
9996 2.56705882352941
9996 2.62411764705882
9996 2.82352941176471
9996 0.0235294117647059
9996 0.888235294117647
9996 0.0670588235294118
10001 1.09
10001 3.9
10001 5.72470588235294
10001 2.56705882352941
10001 2.62411764705882
10001 2.82352941176471
10001 0.0235294117647059
10001 0.888235294117647
10001 0.0670588235294118
10002 1.09
10002 3.9
10002 5.72470588235294
10002 2.56705882352941
10002 2.62411764705882
10002 2.82352941176471
10002 0.0235294117647059
10002 0.888235294117647
10002 0.0670588235294118
10007 1.09
10007 3.9
10007 5.72470588235294
10007 2.56705882352941
10007 2.62411764705882
10007 2.82352941176471
10007 0.0235294117647059
10007 0.888235294117647
10007 0.0670588235294118
10008 1.09
10008 3.9
10008 5.72470588235294
10008 2.56705882352941
10008 2.62411764705882
10008 2.82352941176471
10008 0.0235294117647059
10008 0.888235294117647
10008 0.0670588235294118
10009 1.09
10009 3.9
10009 5.72470588235294
10009 2.56705882352941
10009 2.62411764705882
10009 2.82352941176471
10009 0.0235294117647059
10009 0.888235294117647
10009 0.0670588235294118
10072 1.09
10072 3.9
10072 5.72470588235294
10072 2.56705882352941
10072 2.62411764705882
10072 2.82352941176471
10072 0.0235294117647059
10072 0.888235294117647
10072 0.0670588235294118
10076 1.09
10076 3.9
10076 5.72470588235294
10076 2.56705882352941
10076 2.62411764705882
10076 2.82352941176471
10076 0.0235294117647059
10076 0.888235294117647
10076 0.0670588235294118
10077 1.09
10077 3.9
10077 5.72470588235294
10077 2.56705882352941
10077 2.62411764705882
10077 2.82352941176471
10077 0.0235294117647059
10077 0.888235294117647
10077 0.0670588235294118
10082 1.09
10082 3.9
10082 5.72470588235294
10082 2.56705882352941
10082 2.62411764705882
10082 2.82352941176471
10082 0.0235294117647059
10082 0.888235294117647
10082 0.0670588235294118
10084 1.09
10084 3.9
10084 5.72470588235294
10084 2.56705882352941
10084 2.62411764705882
10084 2.82352941176471
10084 0.0235294117647059
10084 0.888235294117647
10084 0.0670588235294118
10088 1.09
10088 3.9
10088 5.72470588235294
10088 2.56705882352941
10088 2.62411764705882
10088 2.82352941176471
10088 0.0235294117647059
10088 0.888235294117647
10088 0.0670588235294118
10090 1.09
10090 3.9
10090 5.72470588235294
10090 2.56705882352941
10090 2.62411764705882
10090 2.82352941176471
10090 0.0235294117647059
10090 0.888235294117647
10090 0.0670588235294118
10091 1.09
10091 3.9
10091 5.72470588235294
10091 2.56705882352941
10091 2.62411764705882
10091 2.82352941176471
10091 0.0235294117647059
10091 0.888235294117647
10091 0.0670588235294118
10092 1.09
10092 3.9
10092 5.72470588235294
10092 2.56705882352941
10092 2.62411764705882
10092 2.82352941176471
10092 0.0235294117647059
10092 0.888235294117647
10092 0.0670588235294118
10156 1.09
10156 3.9
10156 5.72470588235294
10156 2.56705882352941
10156 2.62411764705882
10156 2.82352941176471
10156 0.0235294117647059
10156 0.888235294117647
10156 0.0670588235294118
10157 1.09
10157 3.9
10157 5.72470588235294
10157 2.56705882352941
10157 2.62411764705882
10157 2.82352941176471
10157 0.0235294117647059
10157 0.888235294117647
10157 0.0670588235294118
10158 1.09
10158 3.9
10158 5.72470588235294
10158 2.56705882352941
10158 2.62411764705882
10158 2.82352941176471
10158 0.0235294117647059
10158 0.888235294117647
10158 0.0670588235294118
10161 1.09
10161 3.9
10161 5.72470588235294
10161 2.56705882352941
10161 2.62411764705882
10161 2.82352941176471
10161 0.0235294117647059
10161 0.888235294117647
10161 0.0670588235294118
10164 1.09
10164 3.9
10164 5.72470588235294
10164 2.56705882352941
10164 2.62411764705882
10164 2.82352941176471
10164 0.0235294117647059
10164 0.888235294117647
10164 0.0670588235294118
10165 1.09
10165 3.9
10165 5.72470588235294
10165 2.56705882352941
10165 2.62411764705882
10165 2.82352941176471
10165 0.0235294117647059
10165 0.888235294117647
10165 0.0670588235294118
10166 1.09
10166 3.9
10166 5.72470588235294
10166 2.56705882352941
10166 2.62411764705882
10166 2.82352941176471
10166 0.0235294117647059
10166 0.888235294117647
10166 0.0670588235294118
10167 1.09
10167 3.9
10167 5.72470588235294
10167 2.56705882352941
10167 2.62411764705882
10167 2.82352941176471
10167 0.0235294117647059
10167 0.888235294117647
10167 0.0670588235294118
10168 1.09
10168 3.9
10168 5.72470588235294
10168 2.56705882352941
10168 2.62411764705882
10168 2.82352941176471
10168 0.0235294117647059
10168 0.888235294117647
10168 0.0670588235294118
10173 1.09
10173 3.9
10173 5.72470588235294
10173 2.56705882352941
10173 2.62411764705882
10173 2.82352941176471
10173 0.0235294117647059
10173 0.888235294117647
10173 0.0670588235294118
10238 1.09
10238 3.9
10238 5.72470588235294
10238 2.56705882352941
10238 2.62411764705882
10238 2.82352941176471
10238 0.0235294117647059
10238 0.888235294117647
10238 0.0670588235294118
10250 1.09
10250 3.9
10250 5.72470588235294
10250 2.56705882352941
10250 2.62411764705882
10250 2.82352941176471
10250 0.0235294117647059
10250 0.888235294117647
10250 0.0670588235294118
10251 1.09
10251 3.9
10251 5.72470588235294
10251 2.56705882352941
10251 2.62411764705882
10251 2.82352941176471
10251 0.0235294117647059
10251 0.888235294117647
10251 0.0670588235294118
10253 1.09
10253 3.9
10253 5.72470588235294
10253 2.56705882352941
10253 2.62411764705882
10253 2.82352941176471
10253 0.0235294117647059
10253 0.888235294117647
10253 0.0670588235294118
10256 1.09
10256 3.9
10256 5.72470588235294
10256 2.56705882352941
10256 2.62411764705882
10256 2.82352941176471
10256 0.0235294117647059
10256 0.888235294117647
10256 0.0670588235294118
10257 1.09
10257 3.9
10257 5.72470588235294
10257 2.56705882352941
10257 2.62411764705882
10257 2.82352941176471
10257 0.0235294117647059
10257 0.888235294117647
10257 0.0670588235294118
10327 1.09
10327 3.9
10327 5.72470588235294
10327 2.56705882352941
10327 2.62411764705882
10327 2.82352941176471
10327 0.0235294117647059
10327 0.888235294117647
10327 0.0670588235294118
10329 1.09
10329 3.9
10329 5.72470588235294
10329 2.56705882352941
10329 2.62411764705882
10329 2.82352941176471
10329 0.0235294117647059
10329 0.888235294117647
10329 0.0670588235294118
10331 1.09
10331 3.9
10331 5.72470588235294
10331 2.56705882352941
10331 2.62411764705882
10331 2.82352941176471
10331 0.0235294117647059
10331 0.888235294117647
10331 0.0670588235294118
10336 1.09
10336 3.9
10336 5.72470588235294
10336 2.56705882352941
10336 2.62411764705882
10336 2.82352941176471
10336 0.0235294117647059
10336 0.888235294117647
10336 0.0670588235294118
10338 1.09
10338 3.9
10338 5.72470588235294
10338 2.56705882352941
10338 2.62411764705882
10338 2.82352941176471
10338 0.0235294117647059
10338 0.888235294117647
10338 0.0670588235294118
10339 1.09
10339 3.9
10339 5.72470588235294
10339 2.56705882352941
10339 2.62411764705882
10339 2.82352941176471
10339 0.0235294117647059
10339 0.888235294117647
10339 0.0670588235294118
10340 1.09
10340 3.9
10340 5.72470588235294
10340 2.56705882352941
10340 2.62411764705882
10340 2.82352941176471
10340 0.0235294117647059
10340 0.888235294117647
10340 0.0670588235294118
10409 1.09
10409 3.9
10409 5.72470588235294
10409 2.56705882352941
10409 2.62411764705882
10409 2.82352941176471
10409 0.0235294117647059
10409 0.888235294117647
10409 0.0670588235294118
10413 1.09
10413 3.9
10413 5.72470588235294
10413 2.56705882352941
10413 2.62411764705882
10413 2.82352941176471
10413 0.0235294117647059
10413 0.888235294117647
10413 0.0670588235294118
10418 1.09
10418 3.9
10418 5.72470588235294
10418 2.56705882352941
10418 2.62411764705882
10418 2.82352941176471
10418 0.0235294117647059
10418 0.888235294117647
10418 0.0670588235294118
10420 1.09
10420 3.9
10420 5.72470588235294
10420 2.56705882352941
10420 2.62411764705882
10420 2.82352941176471
10420 0.0235294117647059
10420 0.888235294117647
10420 0.0670588235294118
10421 1.09
10421 3.9
10421 5.72470588235294
10421 2.56705882352941
10421 2.62411764705882
10421 2.82352941176471
10421 0.0235294117647059
10421 0.888235294117647
10421 0.0670588235294118
10423 1.09
10423 3.9
10423 5.72470588235294
10423 2.56705882352941
10423 2.62411764705882
10423 2.82352941176471
10423 0.0235294117647059
10423 0.888235294117647
10423 0.0670588235294118
10424 1.09
10424 3.9
10424 5.72470588235294
10424 2.56705882352941
10424 2.62411764705882
10424 2.82352941176471
10424 0.0235294117647059
10424 0.888235294117647
10424 0.0670588235294118
10425 1.09
10425 3.9
10425 5.72470588235294
10425 2.56705882352941
10425 2.62411764705882
10425 2.82352941176471
10425 0.0235294117647059
10425 0.888235294117647
10425 0.0670588235294118
10426 1.09
10426 3.9
10426 5.72470588235294
10426 2.56705882352941
10426 2.62411764705882
10426 2.82352941176471
10426 0.0235294117647059
10426 0.888235294117647
10426 0.0670588235294118
10502 1.09
10502 3.9
10502 5.72470588235294
10502 2.56705882352941
10502 2.62411764705882
10502 2.82352941176471
10502 0.0235294117647059
10502 0.888235294117647
10502 0.0670588235294118
10506 1.09
10506 3.9
10506 5.72470588235294
10506 2.56705882352941
10506 2.62411764705882
10506 2.82352941176471
10506 0.0235294117647059
10506 0.888235294117647
10506 0.0670588235294118
10517 1.09
10517 3.9
10517 5.72470588235294
10517 2.56705882352941
10517 2.62411764705882
10517 2.82352941176471
10517 0.0235294117647059
10517 0.888235294117647
10517 0.0670588235294118
10518 1.09
10518 3.9
10518 5.72470588235294
10518 2.56705882352941
10518 2.62411764705882
10518 2.82352941176471
10518 0.0235294117647059
10518 0.888235294117647
10518 0.0670588235294118
10521 1.09
10521 3.9
10521 5.72470588235294
10521 2.56705882352941
10521 2.62411764705882
10521 2.82352941176471
10521 0.0235294117647059
10521 0.888235294117647
10521 0.0670588235294118
10522 1.09
10522 3.9
10522 5.72470588235294
10522 2.56705882352941
10522 2.62411764705882
10522 2.82352941176471
10522 0.0235294117647059
10522 0.888235294117647
10522 0.0670588235294118
10611 1.09
10611 3.9
10611 5.72470588235294
10611 2.56705882352941
10611 2.62411764705882
10611 2.82352941176471
10611 0.0235294117647059
10611 0.888235294117647
10611 0.0670588235294118
10612 1.09
10612 3.9
10612 5.72470588235294
10612 2.56705882352941
10612 2.62411764705882
10612 2.82352941176471
10612 0.0235294117647059
10612 0.888235294117647
10612 0.0670588235294118
10614 1.09
10614 3.9
10614 5.72470588235294
10614 2.56705882352941
10614 2.62411764705882
10614 2.82352941176471
10614 0.0235294117647059
10614 0.888235294117647
10614 0.0670588235294118
10615 1.09
10615 3.9
10615 5.72470588235294
10615 2.56705882352941
10615 2.62411764705882
10615 2.82352941176471
10615 0.0235294117647059
10615 0.888235294117647
10615 0.0670588235294118
10616 1.09
10616 3.9
10616 5.72470588235294
10616 2.56705882352941
10616 2.62411764705882
10616 2.82352941176471
10616 0.0235294117647059
10616 0.888235294117647
10616 0.0670588235294118
10617 1.09
10617 3.9
10617 5.72470588235294
10617 2.56705882352941
10617 2.62411764705882
10617 2.82352941176471
10617 0.0235294117647059
10617 0.888235294117647
10617 0.0670588235294118
10620 1.09
10620 3.9
10620 5.72470588235294
10620 2.56705882352941
10620 2.62411764705882
10620 2.82352941176471
10620 0.0235294117647059
10620 0.888235294117647
10620 0.0670588235294118
10623 1.09
10623 3.9
10623 5.72470588235294
10623 2.56705882352941
10623 2.62411764705882
10623 2.82352941176471
10623 0.0235294117647059
10623 0.888235294117647
10623 0.0670588235294118
10699 1.09
10699 3.9
10699 5.72470588235294
10699 2.56705882352941
10699 2.62411764705882
10699 2.82352941176471
10699 0.0235294117647059
10699 0.888235294117647
10699 0.0670588235294118
10701 1.09
10701 3.9
10701 5.72470588235294
10701 2.56705882352941
10701 2.62411764705882
10701 2.82352941176471
10701 0.0235294117647059
10701 0.888235294117647
10701 0.0670588235294118
10708 1.09
10708 3.9
10708 5.72470588235294
10708 2.56705882352941
10708 2.62411764705882
10708 2.82352941176471
10708 0.0235294117647059
10708 0.888235294117647
10708 0.0670588235294118
10710 1.09
10710 3.9
10710 5.72470588235294
10710 2.56705882352941
10710 2.62411764705882
10710 2.82352941176471
10710 0.0235294117647059
10710 0.888235294117647
10710 0.0670588235294118
10714 1.09
10714 3.9
10714 5.72470588235294
10714 2.56705882352941
10714 2.62411764705882
10714 2.82352941176471
10714 0.0235294117647059
10714 0.888235294117647
10714 0.0670588235294118
10719 1.09
10719 3.9
10719 5.72470588235294
10719 2.56705882352941
10719 2.62411764705882
10719 2.82352941176471
10719 0.0235294117647059
10719 0.888235294117647
10719 0.0670588235294118
10721 1.09
10721 3.9
10721 5.72470588235294
10721 2.56705882352941
10721 2.62411764705882
10721 2.82352941176471
10721 0.0235294117647059
10721 0.888235294117647
10721 0.0670588235294118
10801 1.09
10801 3.9
10801 5.72470588235294
10801 2.56705882352941
10801 2.62411764705882
10801 2.82352941176471
10801 0.0235294117647059
10801 0.888235294117647
10801 0.0670588235294118
10802 1.09
10802 3.9
10802 5.72470588235294
10802 2.56705882352941
10802 2.62411764705882
10802 2.82352941176471
10802 0.0235294117647059
10802 0.888235294117647
10802 0.0670588235294118
10803 1.09
10803 3.9
10803 5.72470588235294
10803 2.56705882352941
10803 2.62411764705882
10803 2.82352941176471
10803 0.0235294117647059
10803 0.888235294117647
10803 0.0670588235294118
10805 1.09
10805 3.9
10805 5.72470588235294
10805 2.56705882352941
10805 2.62411764705882
10805 2.82352941176471
10805 0.0235294117647059
10805 0.888235294117647
10805 0.0670588235294118
10807 1.09
10807 3.9
10807 5.72470588235294
10807 2.56705882352941
10807 2.62411764705882
10807 2.82352941176471
10807 0.0235294117647059
10807 0.888235294117647
10807 0.0670588235294118
10810 1.09
10810 3.9
10810 5.72470588235294
10810 2.56705882352941
10810 2.62411764705882
10810 2.82352941176471
10810 0.0235294117647059
10810 0.888235294117647
10810 0.0670588235294118
10812 1.09
10812 3.9
10812 5.72470588235294
10812 2.56705882352941
10812 2.62411764705882
10812 2.82352941176471
10812 0.0235294117647059
10812 0.888235294117647
10812 0.0670588235294118
10815 1.09
10815 3.9
10815 5.72470588235294
10815 2.56705882352941
10815 2.62411764705882
10815 2.82352941176471
10815 0.0235294117647059
10815 0.888235294117647
10815 0.0670588235294118
10816 1.09
10816 3.9
10816 5.72470588235294
10816 2.56705882352941
10816 2.62411764705882
10816 2.82352941176471
10816 0.0235294117647059
10816 0.888235294117647
10816 0.0670588235294118
10817 1.09
10817 3.9
10817 5.72470588235294
10817 2.56705882352941
10817 2.62411764705882
10817 2.82352941176471
10817 0.0235294117647059
10817 0.888235294117647
10817 0.0670588235294118
10818 1.09
10818 3.9
10818 5.72470588235294
10818 2.56705882352941
10818 2.62411764705882
10818 2.82352941176471
10818 0.0235294117647059
10818 0.888235294117647
10818 0.0670588235294118
10823 1.09
10823 3.9
10823 5.72470588235294
10823 2.56705882352941
10823 2.62411764705882
10823 2.82352941176471
10823 0.0235294117647059
10823 0.888235294117647
10823 0.0670588235294118
10902 1.09
10902 3.9
10902 5.72470588235294
10902 2.56705882352941
10902 2.62411764705882
10902 2.82352941176471
10902 0.0235294117647059
10902 0.888235294117647
10902 0.0670588235294118
10903 1.09
10903 3.9
10903 5.72470588235294
10903 2.56705882352941
10903 2.62411764705882
10903 2.82352941176471
10903 0.0235294117647059
10903 0.888235294117647
10903 0.0670588235294118
10906 1.09
10906 3.9
10906 5.72470588235294
10906 2.56705882352941
10906 2.62411764705882
10906 2.82352941176471
10906 0.0235294117647059
10906 0.888235294117647
10906 0.0670588235294118
10911 1.09
10911 3.9
10911 5.72470588235294
10911 2.56705882352941
10911 2.62411764705882
10911 2.82352941176471
10911 0.0235294117647059
10911 0.888235294117647
10911 0.0670588235294118
10915 1.09
10915 3.9
10915 5.72470588235294
10915 2.56705882352941
10915 2.62411764705882
10915 2.82352941176471
10915 0.0235294117647059
10915 0.888235294117647
10915 0.0670588235294118
10916 1.09
10916 3.9
10916 5.72470588235294
10916 2.56705882352941
10916 2.62411764705882
10916 2.82352941176471
10916 0.0235294117647059
10916 0.888235294117647
10916 0.0670588235294118
10917 1.09
10917 3.9
10917 5.72470588235294
10917 2.56705882352941
10917 2.62411764705882
10917 2.82352941176471
10917 0.0235294117647059
10917 0.888235294117647
10917 0.0670588235294118
10919 1.09
10919 3.9
10919 5.72470588235294
10919 2.56705882352941
10919 2.62411764705882
10919 2.82352941176471
10919 0.0235294117647059
10919 0.888235294117647
10919 0.0670588235294118
10922 1.09
10922 3.9
10922 5.72470588235294
10922 2.56705882352941
10922 2.62411764705882
10922 2.82352941176471
10922 0.0235294117647059
10922 0.888235294117647
10922 0.0670588235294118
10925 1.09
10925 3.9
10925 5.72470588235294
10925 2.56705882352941
10925 2.62411764705882
10925 2.82352941176471
10925 0.0235294117647059
10925 0.888235294117647
10925 0.0670588235294118
11012 1.09
11012 3.9
11012 5.72470588235294
11012 2.56705882352941
11012 2.62411764705882
11012 2.82352941176471
11012 0.0235294117647059
11012 0.888235294117647
11012 0.0670588235294118
11018 1.09
11018 3.9
11018 5.72470588235294
11018 2.56705882352941
11018 2.62411764705882
11018 2.82352941176471
11018 0.0235294117647059
11018 0.888235294117647
11018 0.0670588235294118
11019 1.09
11019 3.9
11019 5.72470588235294
11019 2.56705882352941
11019 2.62411764705882
11019 2.82352941176471
11019 0.0235294117647059
11019 0.888235294117647
11019 0.0670588235294118
11020 1.09
11020 3.9
11020 5.72470588235294
11020 2.56705882352941
11020 2.62411764705882
11020 2.82352941176471
11020 0.0235294117647059
11020 0.888235294117647
11020 0.0670588235294118
11024 1.09
11024 3.9
11024 5.72470588235294
11024 2.56705882352941
11024 2.62411764705882
11024 2.82352941176471
11024 0.0235294117647059
11024 0.888235294117647
11024 0.0670588235294118
11025 1.09
11025 3.9
11025 5.72470588235294
11025 2.56705882352941
11025 2.62411764705882
11025 2.82352941176471
11025 0.0235294117647059
11025 0.888235294117647
11025 0.0670588235294118
11029 1.09
11029 3.9
11029 5.72470588235294
11029 2.56705882352941
11029 2.62411764705882
11029 2.82352941176471
11029 0.0235294117647059
11029 0.888235294117647
11029 0.0670588235294118
11031 1.09
11031 3.9
11031 5.72470588235294
11031 2.56705882352941
11031 2.62411764705882
11031 2.82352941176471
11031 0.0235294117647059
11031 0.888235294117647
11031 0.0670588235294118
11032 1.09
11032 3.9
11032 5.72470588235294
11032 2.56705882352941
11032 2.62411764705882
11032 2.82352941176471
11032 0.0235294117647059
11032 0.888235294117647
11032 0.0670588235294118
11121 1.09
11121 3.9
11121 5.72470588235294
11121 2.56705882352941
11121 2.62411764705882
11121 2.82352941176471
11121 0.0235294117647059
11121 0.888235294117647
11121 0.0670588235294118
11123 1.09
11123 3.9
11123 5.72470588235294
11123 2.56705882352941
11123 2.62411764705882
11123 2.82352941176471
11123 0.0235294117647059
11123 0.888235294117647
11123 0.0670588235294118
11127 1.09
11127 3.9
11127 5.72470588235294
11127 2.56705882352941
11127 2.62411764705882
11127 2.82352941176471
11127 0.0235294117647059
11127 0.888235294117647
11127 0.0670588235294118
11130 1.09
11130 3.9
11130 5.72470588235294
11130 2.56705882352941
11130 2.62411764705882
11130 2.82352941176471
11130 0.0235294117647059
11130 0.888235294117647
11130 0.0670588235294118
11133 1.09
11133 3.9
11133 5.72470588235294
11133 2.56705882352941
11133 2.62411764705882
11133 2.82352941176471
11133 0.0235294117647059
11133 0.888235294117647
11133 0.0670588235294118
11138 1.09
11138 3.9
11138 5.72470588235294
11138 2.56705882352941
11138 2.62411764705882
11138 2.82352941176471
11138 0.0235294117647059
11138 0.888235294117647
11138 0.0670588235294118
11139 1.09
11139 3.9
11139 5.72470588235294
11139 2.56705882352941
11139 2.62411764705882
11139 2.82352941176471
11139 0.0235294117647059
11139 0.888235294117647
11139 0.0670588235294118
11140 1.09
11140 3.9
11140 5.72470588235294
11140 2.56705882352941
11140 2.62411764705882
11140 2.82352941176471
11140 0.0235294117647059
11140 0.888235294117647
11140 0.0670588235294118
11141 1.09
11141 3.9
11141 5.72470588235294
11141 2.56705882352941
11141 2.62411764705882
11141 2.82352941176471
11141 0.0235294117647059
11141 0.888235294117647
11141 0.0670588235294118
11144 1.09
11144 3.9
11144 5.72470588235294
11144 2.56705882352941
11144 2.62411764705882
11144 2.82352941176471
11144 0.0235294117647059
11144 0.888235294117647
11144 0.0670588235294118
11241 1.09
11241 3.9
11241 5.72470588235294
11241 2.56705882352941
11241 2.62411764705882
11241 2.82352941176471
11241 0.0235294117647059
11241 0.888235294117647
11241 0.0670588235294118
11242 1.09
11242 3.9
11242 5.72470588235294
11242 2.56705882352941
11242 2.62411764705882
11242 2.82352941176471
11242 0.0235294117647059
11242 0.888235294117647
11242 0.0670588235294118
11248 1.09
11248 3.9
11248 5.72470588235294
11248 2.56705882352941
11248 2.62411764705882
11248 2.82352941176471
11248 0.0235294117647059
11248 0.888235294117647
11248 0.0670588235294118
11250 1.09
11250 3.9
11250 5.72470588235294
11250 2.56705882352941
11250 2.62411764705882
11250 2.82352941176471
11250 0.0235294117647059
11250 0.888235294117647
11250 0.0670588235294118
11252 1.09
11252 3.9
11252 5.72470588235294
11252 2.56705882352941
11252 2.62411764705882
11252 2.82352941176471
11252 0.0235294117647059
11252 0.888235294117647
11252 0.0670588235294118
11255 1.09
11255 3.9
11255 5.72470588235294
11255 2.56705882352941
11255 2.62411764705882
11255 2.82352941176471
11255 0.0235294117647059
11255 0.888235294117647
11255 0.0670588235294118
11257 1.09
11257 3.9
11257 5.72470588235294
11257 2.56705882352941
11257 2.62411764705882
11257 2.82352941176471
11257 0.0235294117647059
11257 0.888235294117647
11257 0.0670588235294118
11260 1.09
11260 3.9
11260 5.72470588235294
11260 2.56705882352941
11260 2.62411764705882
11260 2.82352941176471
11260 0.0235294117647059
11260 0.888235294117647
11260 0.0670588235294118
11261 1.09
11261 3.9
11261 5.72470588235294
11261 2.56705882352941
11261 2.62411764705882
11261 2.82352941176471
11261 0.0235294117647059
11261 0.888235294117647
11261 0.0670588235294118
11262 1.09
11262 3.9
11262 5.72470588235294
11262 2.56705882352941
11262 2.62411764705882
11262 2.82352941176471
11262 0.0235294117647059
11262 0.888235294117647
11262 0.0670588235294118
11263 1.09
11263 3.9
11263 5.72470588235294
11263 2.56705882352941
11263 2.62411764705882
11263 2.82352941176471
11263 0.0235294117647059
11263 0.888235294117647
11263 0.0670588235294118
11264 1.09
11264 3.9
11264 5.72470588235294
11264 2.56705882352941
11264 2.62411764705882
11264 2.82352941176471
11264 0.0235294117647059
11264 0.888235294117647
11264 0.0670588235294118
11363 1.09
11363 3.9
11363 5.72470588235294
11363 2.56705882352941
11363 2.62411764705882
11363 2.82352941176471
11363 0.0235294117647059
11363 0.888235294117647
11363 0.0670588235294118
11367 1.09
11367 3.9
11367 5.72470588235294
11367 2.56705882352941
11367 2.62411764705882
11367 2.82352941176471
11367 0.0235294117647059
11367 0.888235294117647
11367 0.0670588235294118
11371 1.09
11371 3.9
11371 5.72470588235294
11371 2.56705882352941
11371 2.62411764705882
11371 2.82352941176471
11371 0.0235294117647059
11371 0.888235294117647
11371 0.0670588235294118
11375 1.09
11375 3.9
11375 5.72470588235294
11375 2.56705882352941
11375 2.62411764705882
11375 2.82352941176471
11375 0.0235294117647059
11375 0.888235294117647
11375 0.0670588235294118
11379 1.09
11379 3.9
11379 5.72470588235294
11379 2.56705882352941
11379 2.62411764705882
11379 2.82352941176471
11379 0.0235294117647059
11379 0.888235294117647
11379 0.0670588235294118
11382 1.09
11382 3.9
11382 5.72470588235294
11382 2.56705882352941
11382 2.62411764705882
11382 2.82352941176471
11382 0.0235294117647059
11382 0.888235294117647
11382 0.0670588235294118
11383 1.09
11383 3.9
11383 5.72470588235294
11383 2.56705882352941
11383 2.62411764705882
11383 2.82352941176471
11383 0.0235294117647059
11383 0.888235294117647
11383 0.0670588235294118
11384 1.09
11384 3.9
11384 5.72470588235294
11384 2.56705882352941
11384 2.62411764705882
11384 2.82352941176471
11384 0.0235294117647059
11384 0.888235294117647
11384 0.0670588235294118
11490 1.09
11490 3.9
11490 5.72470588235294
11490 2.56705882352941
11490 2.62411764705882
11490 2.82352941176471
11490 0.0235294117647059
11490 0.888235294117647
11490 0.0670588235294118
11495 1.09
11495 3.9
11495 5.72470588235294
11495 2.56705882352941
11495 2.62411764705882
11495 2.82352941176471
11495 0.0235294117647059
11495 0.888235294117647
11495 0.0670588235294118
11497 1.09
11497 3.9
11497 5.72470588235294
11497 2.56705882352941
11497 2.62411764705882
11497 2.82352941176471
11497 0.0235294117647059
11497 0.888235294117647
11497 0.0670588235294118
11498 1.09
11498 3.9
11498 5.72470588235294
11498 2.56705882352941
11498 2.62411764705882
11498 2.82352941176471
11498 0.0235294117647059
11498 0.888235294117647
11498 0.0670588235294118
11502 1.09
11502 3.9
11502 5.72470588235294
11502 2.56705882352941
11502 2.62411764705882
11502 2.82352941176471
11502 0.0235294117647059
11502 0.888235294117647
11502 0.0670588235294118
11503 1.09
11503 3.9
11503 5.72470588235294
11503 2.56705882352941
11503 2.62411764705882
11503 2.82352941176471
11503 0.0235294117647059
11503 0.888235294117647
11503 0.0670588235294118
11505 1.09
11505 3.9
11505 5.72470588235294
11505 2.56705882352941
11505 2.62411764705882
11505 2.82352941176471
11505 0.0235294117647059
11505 0.888235294117647
11505 0.0670588235294118
11507 1.09
11507 3.9
11507 5.72470588235294
11507 2.56705882352941
11507 2.62411764705882
11507 2.82352941176471
11507 0.0235294117647059
11507 0.888235294117647
11507 0.0670588235294118
11508 1.09
11508 3.9
11508 5.72470588235294
11508 2.56705882352941
11508 2.62411764705882
11508 2.82352941176471
11508 0.0235294117647059
11508 0.888235294117647
11508 0.0670588235294118
11509 1.09
11509 3.9
11509 5.72470588235294
11509 2.56705882352941
11509 2.62411764705882
11509 2.82352941176471
11509 0.0235294117647059
11509 0.888235294117647
11509 0.0670588235294118
11510 1.09
11510 3.9
11510 5.72470588235294
11510 2.56705882352941
11510 2.62411764705882
11510 2.82352941176471
11510 0.0235294117647059
11510 0.888235294117647
11510 0.0670588235294118
11511 1.09
11511 3.9
11511 5.72470588235294
11511 2.56705882352941
11511 2.62411764705882
11511 2.82352941176471
11511 0.0235294117647059
11511 0.888235294117647
11511 0.0670588235294118
11616 1.09
11616 3.9
11616 5.72470588235294
11616 2.56705882352941
11616 2.62411764705882
11616 2.82352941176471
11616 0.0235294117647059
11616 0.888235294117647
11616 0.0670588235294118
11618 1.09
11618 3.9
11618 5.72470588235294
11618 2.56705882352941
11618 2.62411764705882
11618 2.82352941176471
11618 0.0235294117647059
11618 0.888235294117647
11618 0.0670588235294118
11622 1.09
11622 3.9
11622 5.72470588235294
11622 2.56705882352941
11622 2.62411764705882
11622 2.82352941176471
11622 0.0235294117647059
11622 0.888235294117647
11622 0.0670588235294118
11625 1.09
11625 3.9
11625 5.72470588235294
11625 2.56705882352941
11625 2.62411764705882
11625 2.82352941176471
11625 0.0235294117647059
11625 0.888235294117647
11625 0.0670588235294118
11629 1.09
11629 3.9
11629 5.72470588235294
11629 2.56705882352941
11629 2.62411764705882
11629 2.82352941176471
11629 0.0235294117647059
11629 0.888235294117647
11629 0.0670588235294118
11630 1.09
11630 3.9
11630 5.72470588235294
11630 2.56705882352941
11630 2.62411764705882
11630 2.82352941176471
11630 0.0235294117647059
11630 0.888235294117647
11630 0.0670588235294118
11632 1.09
11632 3.9
11632 5.72470588235294
11632 2.56705882352941
11632 2.62411764705882
11632 2.82352941176471
11632 0.0235294117647059
11632 0.888235294117647
11632 0.0670588235294118
11633 1.09
11633 3.9
11633 5.72470588235294
11633 2.56705882352941
11633 2.62411764705882
11633 2.82352941176471
11633 0.0235294117647059
11633 0.888235294117647
11633 0.0670588235294118
11635 1.09
11635 3.9
11635 5.72470588235294
11635 2.56705882352941
11635 2.62411764705882
11635 2.82352941176471
11635 0.0235294117647059
11635 0.888235294117647
11635 0.0670588235294118
11636 1.09
11636 3.9
11636 5.72470588235294
11636 2.56705882352941
11636 2.62411764705882
11636 2.82352941176471
11636 0.0235294117647059
11636 0.888235294117647
11636 0.0670588235294118
11637 1.09
11637 3.9
11637 5.72470588235294
11637 2.56705882352941
11637 2.62411764705882
11637 2.82352941176471
11637 0.0235294117647059
11637 0.888235294117647
11637 0.0670588235294118
11638 1.09
11638 3.9
11638 5.72470588235294
11638 2.56705882352941
11638 2.62411764705882
11638 2.82352941176471
11638 0.0235294117647059
11638 0.888235294117647
11638 0.0670588235294118
11639 1.09
11639 3.9
11639 5.72470588235294
11639 2.56705882352941
11639 2.62411764705882
11639 2.82352941176471
11639 0.0235294117647059
11639 0.888235294117647
11639 0.0670588235294118
11640 1.09
11640 3.9
11640 5.72470588235294
11640 2.56705882352941
11640 2.62411764705882
11640 2.82352941176471
11640 0.0235294117647059
11640 0.888235294117647
11640 0.0670588235294118
11741 1.09
11741 3.9
11741 5.72470588235294
11741 2.56705882352941
11741 2.62411764705882
11741 2.82352941176471
11741 0.0235294117647059
11741 0.888235294117647
11741 0.0670588235294118
11743 1.09
11743 3.9
11743 5.72470588235294
11743 2.56705882352941
11743 2.62411764705882
11743 2.82352941176471
11743 0.0235294117647059
11743 0.888235294117647
11743 0.0670588235294118
11746 1.09
11746 3.9
11746 5.72470588235294
11746 2.56705882352941
11746 2.62411764705882
11746 2.82352941176471
11746 0.0235294117647059
11746 0.888235294117647
11746 0.0670588235294118
11791 1.09
11791 3.9
11791 5.72470588235294
11791 2.56705882352941
11791 2.62411764705882
11791 2.82352941176471
11791 0.0235294117647059
11791 0.888235294117647
11791 0.0670588235294118
11748 1.09
11748 3.9
11748 5.72470588235294
11748 2.56705882352941
11748 2.62411764705882
11748 2.82352941176471
11748 0.0235294117647059
11748 0.888235294117647
11748 0.0670588235294118
11753 1.09
11753 3.9
11753 5.72470588235294
11753 2.56705882352941
11753 2.62411764705882
11753 2.82352941176471
11753 0.0235294117647059
11753 0.888235294117647
11753 0.0670588235294118
11754 1.09
11754 3.9
11754 5.72470588235294
11754 2.56705882352941
11754 2.62411764705882
11754 2.82352941176471
11754 0.0235294117647059
11754 0.888235294117647
11754 0.0670588235294118
11759 1.09
11759 3.9
11759 5.72470588235294
11759 2.56705882352941
11759 2.62411764705882
11759 2.82352941176471
11759 0.0235294117647059
11759 0.888235294117647
11759 0.0670588235294118
11760 1.09
11760 3.9
11760 5.72470588235294
11760 2.56705882352941
11760 2.62411764705882
11760 2.82352941176471
11760 0.0235294117647059
11760 0.888235294117647
11760 0.0670588235294118
11761 1.09
11761 3.9
11761 5.72470588235294
11761 2.56705882352941
11761 2.62411764705882
11761 2.82352941176471
11761 0.0235294117647059
11761 0.888235294117647
11761 0.0670588235294118
11762 1.09
11762 3.9
11762 5.72470588235294
11762 2.56705882352941
11762 2.62411764705882
11762 2.82352941176471
11762 0.0235294117647059
11762 0.888235294117647
11762 0.0670588235294118
11763 1.09
11763 3.9
11763 5.72470588235294
11763 2.56705882352941
11763 2.62411764705882
11763 2.82352941176471
11763 0.0235294117647059
11763 0.888235294117647
11763 0.0670588235294118
11764 1.09
11764 3.9
11764 5.72470588235294
11764 2.56705882352941
11764 2.62411764705882
11764 2.82352941176471
11764 0.0235294117647059
11764 0.888235294117647
11764 0.0670588235294118
11765 1.09
11765 3.9
11765 5.72470588235294
11765 2.56705882352941
11765 2.62411764705882
11765 2.82352941176471
11765 0.0235294117647059
11765 0.888235294117647
11765 0.0670588235294118
11767 1.09
11767 3.9
11767 5.72470588235294
11767 2.56705882352941
11767 2.62411764705882
11767 2.82352941176471
11767 0.0235294117647059
11767 0.888235294117647
11767 0.0670588235294118
11769 1.09
11769 3.9
11769 5.72470588235294
11769 2.56705882352941
11769 2.62411764705882
11769 2.82352941176471
11769 0.0235294117647059
11769 0.888235294117647
11769 0.0670588235294118
11873 1.09
11873 3.9
11873 5.72470588235294
11873 2.56705882352941
11873 2.62411764705882
11873 2.82352941176471
11873 0.0235294117647059
11873 0.888235294117647
11873 0.0670588235294118
11875 1.09
11875 3.9
11875 5.72470588235294
11875 2.56705882352941
11875 2.62411764705882
11875 2.82352941176471
11875 0.0235294117647059
11875 0.888235294117647
11875 0.0670588235294118
11880 1.09
11880 3.9
11880 5.72470588235294
11880 2.56705882352941
11880 2.62411764705882
11880 2.82352941176471
11880 0.0235294117647059
11880 0.888235294117647
11880 0.0670588235294118
11882 1.09
11882 3.9
11882 5.72470588235294
11882 2.56705882352941
11882 2.62411764705882
11882 2.82352941176471
11882 0.0235294117647059
11882 0.888235294117647
11882 0.0670588235294118
11885 1.09
11885 3.9
11885 5.72470588235294
11885 2.56705882352941
11885 2.62411764705882
11885 2.82352941176471
11885 0.0235294117647059
11885 0.888235294117647
11885 0.0670588235294118
11887 1.09
11887 3.9
11887 5.72470588235294
11887 2.56705882352941
11887 2.62411764705882
11887 2.82352941176471
11887 0.0235294117647059
11887 0.888235294117647
11887 0.0670588235294118
11889 1.09
11889 3.9
11889 5.72470588235294
11889 2.56705882352941
11889 2.62411764705882
11889 2.82352941176471
11889 0.0235294117647059
11889 0.888235294117647
11889 0.0670588235294118
11891 1.09
11891 3.9
11891 5.72470588235294
11891 2.56705882352941
11891 2.62411764705882
11891 2.82352941176471
11891 0.0235294117647059
11891 0.888235294117647
11891 0.0670588235294118
11894 1.09
11894 3.9
11894 5.72470588235294
11894 2.56705882352941
11894 2.62411764705882
11894 2.82352941176471
11894 0.0235294117647059
11894 0.888235294117647
11894 0.0670588235294118
11895 1.09
11895 3.9
11895 5.72470588235294
11895 2.56705882352941
11895 2.62411764705882
11895 2.82352941176471
11895 0.0235294117647059
11895 0.888235294117647
11895 0.0670588235294118
11897 1.09
11897 3.9
11897 5.72470588235294
11897 2.56705882352941
11897 2.62411764705882
11897 2.82352941176471
11897 0.0235294117647059
11897 0.888235294117647
11897 0.0670588235294118
11898 1.09
11898 3.9
11898 5.72470588235294
11898 2.56705882352941
11898 2.62411764705882
11898 2.82352941176471
11898 0.0235294117647059
11898 0.888235294117647
11898 0.0670588235294118
11899 1.09
11899 3.9
11899 5.72470588235294
11899 2.56705882352941
11899 2.62411764705882
11899 2.82352941176471
11899 0.0235294117647059
11899 0.888235294117647
11899 0.0670588235294118
12001 1.09
12001 3.9
12001 5.72470588235294
12001 2.56705882352941
12001 2.62411764705882
12001 2.82352941176471
12001 0.0235294117647059
12001 0.888235294117647
12001 0.0670588235294118
12002 1.09
12002 3.9
12002 5.72470588235294
12002 2.56705882352941
12002 2.62411764705882
12002 2.82352941176471
12002 0.0235294117647059
12002 0.888235294117647
12002 0.0670588235294118
12003 1.09
12003 3.9
12003 5.72470588235294
12003 2.56705882352941
12003 2.62411764705882
12003 2.82352941176471
12003 0.0235294117647059
12003 0.888235294117647
12003 0.0670588235294118
12012 1.09
12012 3.9
12012 5.72470588235294
12012 2.56705882352941
12012 2.62411764705882
12012 2.82352941176471
12012 0.0235294117647059
12012 0.888235294117647
12012 0.0670588235294118
12013 1.09
12013 3.9
12013 5.72470588235294
12013 2.56705882352941
12013 2.62411764705882
12013 2.82352941176471
12013 0.0235294117647059
12013 0.888235294117647
12013 0.0670588235294118
12014 1.09
12014 3.9
12014 5.72470588235294
12014 2.56705882352941
12014 2.62411764705882
12014 2.82352941176471
12014 0.0235294117647059
12014 0.888235294117647
12014 0.0670588235294118
12015 1.09
12015 3.9
12015 5.72470588235294
12015 2.56705882352941
12015 2.62411764705882
12015 2.82352941176471
12015 0.0235294117647059
12015 0.888235294117647
12015 0.0670588235294118
12016 1.09
12016 3.9
12016 5.72470588235294
12016 2.56705882352941
12016 2.62411764705882
12016 2.82352941176471
12016 0.0235294117647059
12016 0.888235294117647
12016 0.0670588235294118
12017 1.09
12017 3.9
12017 5.72470588235294
12017 2.56705882352941
12017 2.62411764705882
12017 2.82352941176471
12017 0.0235294117647059
12017 0.888235294117647
12017 0.0670588235294118
12018 1.09
12018 3.9
12018 5.72470588235294
12018 2.56705882352941
12018 2.62411764705882
12018 2.82352941176471
12018 0.0235294117647059
12018 0.888235294117647
12018 0.0670588235294118
12019 1.09
12019 3.9
12019 5.72470588235294
12019 2.56705882352941
12019 2.62411764705882
12019 2.82352941176471
12019 0.0235294117647059
12019 0.888235294117647
12019 0.0670588235294118
12020 1.09
12020 3.9
12020 5.72470588235294
12020 2.56705882352941
12020 2.62411764705882
12020 2.82352941176471
12020 0.0235294117647059
12020 0.888235294117647
12020 0.0670588235294118
12021 1.09
12021 3.9
12021 5.72470588235294
12021 2.56705882352941
12021 2.62411764705882
12021 2.82352941176471
12021 0.0235294117647059
12021 0.888235294117647
12021 0.0670588235294118
12022 1.09
12022 3.9
12022 5.72470588235294
12022 2.56705882352941
12022 2.62411764705882
12022 2.82352941176471
12022 0.0235294117647059
12022 0.888235294117647
12022 0.0670588235294118
12023 1.09
12023 3.9
12023 5.72470588235294
12023 2.56705882352941
12023 2.62411764705882
12023 2.82352941176471
12023 0.0235294117647059
12023 0.888235294117647
12023 0.0670588235294118
12024 1.09
12024 3.9
12024 5.72470588235294
12024 2.56705882352941
12024 2.62411764705882
12024 2.82352941176471
12024 0.0235294117647059
12024 0.888235294117647
12024 0.0670588235294118
12118 1.09
12118 3.9
12118 5.72470588235294
12118 2.56705882352941
12118 2.62411764705882
12118 2.82352941176471
12118 0.0235294117647059
12118 0.888235294117647
12118 0.0670588235294118
12123 1.09
12123 3.9
12123 5.72470588235294
12123 2.56705882352941
12123 2.62411764705882
12123 2.82352941176471
12123 0.0235294117647059
12123 0.888235294117647
12123 0.0670588235294118
12125 1.09
12125 3.9
12125 5.72470588235294
12125 2.56705882352941
12125 2.62411764705882
12125 2.82352941176471
12125 0.0235294117647059
12125 0.888235294117647
12125 0.0670588235294118
12126 1.09
12126 3.9
12126 5.72470588235294
12126 2.56705882352941
12126 2.62411764705882
12126 2.82352941176471
12126 0.0235294117647059
12126 0.888235294117647
12126 0.0670588235294118
12127 1.09
12127 3.9
12127 5.72470588235294
12127 2.56705882352941
12127 2.62411764705882
12127 2.82352941176471
12127 0.0235294117647059
12127 0.888235294117647
12127 0.0670588235294118
12128 1.09
12128 3.9
12128 5.72470588235294
12128 2.56705882352941
12128 2.62411764705882
12128 2.82352941176471
12128 0.0235294117647059
12128 0.888235294117647
12128 0.0670588235294118
12131 1.09
12131 3.9
12131 5.72470588235294
12131 2.56705882352941
12131 2.62411764705882
12131 2.82352941176471
12131 0.0235294117647059
12131 0.888235294117647
12131 0.0670588235294118
12132 1.09
12132 3.9
12132 5.72470588235294
12132 2.56705882352941
12132 2.62411764705882
12132 2.82352941176471
12132 0.0235294117647059
12132 0.888235294117647
12132 0.0670588235294118
12133 1.09
12133 3.9
12133 5.72470588235294
12133 2.56705882352941
12133 2.62411764705882
12133 2.82352941176471
12133 0.0235294117647059
12133 0.888235294117647
12133 0.0670588235294118
12134 1.09
12134 3.9
12134 5.72470588235294
12134 2.56705882352941
12134 2.62411764705882
12134 2.82352941176471
12134 0.0235294117647059
12134 0.888235294117647
12134 0.0670588235294118
12247 1.09
12247 3.9
12247 5.72470588235294
12247 2.56705882352941
12247 2.62411764705882
12247 2.82352941176471
12247 0.0235294117647059
12247 0.888235294117647
12247 0.0670588235294118
12249 1.09
12249 3.9
12249 5.72470588235294
12249 2.56705882352941
12249 2.62411764705882
12249 2.82352941176471
12249 0.0235294117647059
12249 0.888235294117647
12249 0.0670588235294118
12251 1.09
12251 3.9
12251 5.72470588235294
12251 2.56705882352941
12251 2.62411764705882
12251 2.82352941176471
12251 0.0235294117647059
12251 0.888235294117647
12251 0.0670588235294118
12255 1.09
12255 3.9
12255 5.72470588235294
12255 2.56705882352941
12255 2.62411764705882
12255 2.82352941176471
12255 0.0235294117647059
12255 0.888235294117647
12255 0.0670588235294118
12375 1.09
12375 3.9
12375 5.72470588235294
12375 2.56705882352941
12375 2.62411764705882
12375 2.82352941176471
12375 0.0235294117647059
12375 0.888235294117647
12375 0.0670588235294118
12378 1.09
12378 3.9
12378 5.72470588235294
12378 2.56705882352941
12378 2.62411764705882
12378 2.82352941176471
12378 0.0235294117647059
12378 0.888235294117647
12378 0.0670588235294118
12379 1.09
12379 3.9
12379 5.72470588235294
12379 2.56705882352941
12379 2.62411764705882
12379 2.82352941176471
12379 0.0235294117647059
12379 0.888235294117647
12379 0.0670588235294118
12381 1.09
12381 3.9
12381 5.72470588235294
12381 2.56705882352941
12381 2.62411764705882
12381 2.82352941176471
12381 0.0235294117647059
12381 0.888235294117647
12381 0.0670588235294118
12384 1.09
12384 3.9
12384 5.72470588235294
12384 2.56705882352941
12384 2.62411764705882
12384 2.82352941176471
12384 0.0235294117647059
12384 0.888235294117647
12384 0.0670588235294118
12387 1.09
12387 3.9
12387 5.72470588235294
12387 2.56705882352941
12387 2.62411764705882
12387 2.82352941176471
12387 0.0235294117647059
12387 0.888235294117647
12387 0.0670588235294118
12507 1.09
12507 3.9
12507 5.72470588235294
12507 2.56705882352941
12507 2.62411764705882
12507 2.82352941176471
12507 0.0235294117647059
12507 0.888235294117647
12507 0.0670588235294118
12511 1.09
12511 3.9
12511 5.72470588235294
12511 2.56705882352941
12511 2.62411764705882
12511 2.82352941176471
12511 0.0235294117647059
12511 0.888235294117647
12511 0.0670588235294118
12513 1.09
12513 3.9
12513 5.72470588235294
12513 2.56705882352941
12513 2.62411764705882
12513 2.82352941176471
12513 0.0235294117647059
12513 0.888235294117647
12513 0.0670588235294118
12553 1.09
12553 3.9
12553 5.72470588235294
12553 2.56705882352941
12553 2.62411764705882
12553 2.82352941176471
12553 0.0235294117647059
12553 0.888235294117647
12553 0.0670588235294118
12519 1.09
12519 3.9
12519 5.72470588235294
12519 2.56705882352941
12519 2.62411764705882
12519 2.82352941176471
12519 0.0235294117647059
12519 0.888235294117647
12519 0.0670588235294118
12634 1.09
12634 3.9
12634 5.72470588235294
12634 2.56705882352941
12634 2.62411764705882
12634 2.82352941176471
12634 0.0235294117647059
12634 0.888235294117647
12634 0.0670588235294118
12639 1.09
12639 3.9
12639 5.72470588235294
12639 2.56705882352941
12639 2.62411764705882
12639 2.82352941176471
12639 0.0235294117647059
12639 0.888235294117647
12639 0.0670588235294118
12642 1.09
12642 3.9
12642 5.72470588235294
12642 2.56705882352941
12642 2.62411764705882
12642 2.82352941176471
12642 0.0235294117647059
12642 0.888235294117647
12642 0.0670588235294118
12644 1.09
12644 3.9
12644 5.72470588235294
12644 2.56705882352941
12644 2.62411764705882
12644 2.82352941176471
12644 0.0235294117647059
12644 0.888235294117647
12644 0.0670588235294118
12751 1.09
12751 3.9
12751 5.72470588235294
12751 2.56705882352941
12751 2.62411764705882
12751 2.82352941176471
12751 0.0235294117647059
12751 0.888235294117647
12751 0.0670588235294118
12757 1.09
12757 3.9
12757 5.72470588235294
12757 2.56705882352941
12757 2.62411764705882
12757 2.82352941176471
12757 0.0235294117647059
12757 0.888235294117647
12757 0.0670588235294118
12758 1.09
12758 3.9
12758 5.72470588235294
12758 2.56705882352941
12758 2.62411764705882
12758 2.82352941176471
12758 0.0235294117647059
12758 0.888235294117647
12758 0.0670588235294118
12759 1.09
12759 3.9
12759 5.72470588235294
12759 2.56705882352941
12759 2.62411764705882
12759 2.82352941176471
12759 0.0235294117647059
12759 0.888235294117647
12759 0.0670588235294118
12761 1.09
12761 3.9
12761 5.72470588235294
12761 2.56705882352941
12761 2.62411764705882
12761 2.82352941176471
12761 0.0235294117647059
12761 0.888235294117647
12761 0.0670588235294118
12764 1.09
12764 3.9
12764 5.72470588235294
12764 2.56705882352941
12764 2.62411764705882
12764 2.82352941176471
12764 0.0235294117647059
12764 0.888235294117647
12764 0.0670588235294118
12871 1.09
12871 3.9
12871 5.72470588235294
12871 2.56705882352941
12871 2.62411764705882
12871 2.82352941176471
12871 0.0235294117647059
12871 0.888235294117647
12871 0.0670588235294118
12879 1.09
12879 3.9
12879 5.72470588235294
12879 2.56705882352941
12879 2.62411764705882
12879 2.82352941176471
12879 0.0235294117647059
12879 0.888235294117647
12879 0.0670588235294118
12882 1.09
12882 3.9
12882 5.72470588235294
12882 2.56705882352941
12882 2.62411764705882
12882 2.82352941176471
12882 0.0235294117647059
12882 0.888235294117647
12882 0.0670588235294118
12883 1.09
12883 3.9
12883 5.72470588235294
12883 2.56705882352941
12883 2.62411764705882
12883 2.82352941176471
12883 0.0235294117647059
12883 0.888235294117647
12883 0.0670588235294118
12993 1.09
12993 3.9
12993 5.72470588235294
12993 2.56705882352941
12993 2.62411764705882
12993 2.82352941176471
12993 0.0235294117647059
12993 0.888235294117647
12993 0.0670588235294118
12998 1.09
12998 3.9
12998 5.72470588235294
12998 2.56705882352941
12998 2.62411764705882
12998 2.82352941176471
12998 0.0235294117647059
12998 0.888235294117647
12998 0.0670588235294118
13000 1.09
13000 3.9
13000 5.72470588235294
13000 2.56705882352941
13000 2.62411764705882
13000 2.82352941176471
13000 0.0235294117647059
13000 0.888235294117647
13000 0.0670588235294118
13001 1.09
13001 3.9
13001 5.72470588235294
13001 2.56705882352941
13001 2.62411764705882
13001 2.82352941176471
13001 0.0235294117647059
13001 0.888235294117647
13001 0.0670588235294118
13002 1.09
13002 3.9
13002 5.72470588235294
13002 2.56705882352941
13002 2.62411764705882
13002 2.82352941176471
13002 0.0235294117647059
13002 0.888235294117647
13002 0.0670588235294118
13108 1.09
13108 3.9
13108 5.72470588235294
13108 2.56705882352941
13108 2.62411764705882
13108 2.82352941176471
13108 0.0235294117647059
13108 0.888235294117647
13108 0.0670588235294118
13110 1.09
13110 3.9
13110 5.72470588235294
13110 2.56705882352941
13110 2.62411764705882
13110 2.82352941176471
13110 0.0235294117647059
13110 0.888235294117647
13110 0.0670588235294118
13114 1.09
13114 3.9
13114 5.72470588235294
13114 2.56705882352941
13114 2.62411764705882
13114 2.82352941176471
13114 0.0235294117647059
13114 0.888235294117647
13114 0.0670588235294118
13115 1.09
13115 3.9
13115 5.72470588235294
13115 2.56705882352941
13115 2.62411764705882
13115 2.82352941176471
13115 0.0235294117647059
13115 0.888235294117647
13115 0.0670588235294118
13256 1.09
13256 3.9
13256 5.72470588235294
13256 2.56705882352941
13256 2.62411764705882
13256 2.82352941176471
13256 0.0235294117647059
13256 0.888235294117647
13256 0.0670588235294118
13220 1.09
13220 3.9
13220 5.72470588235294
13220 2.56705882352941
13220 2.62411764705882
13220 2.82352941176471
13220 0.0235294117647059
13220 0.888235294117647
13220 0.0670588235294118
13311 1.09
13311 3.9
13311 5.72470588235294
13311 2.56705882352941
13311 2.62411764705882
13311 2.82352941176471
13311 0.0235294117647059
13311 0.888235294117647
13311 0.0670588235294118
13312 1.09
13312 3.9
13312 5.72470588235294
13312 2.56705882352941
13312 2.62411764705882
13312 2.82352941176471
13312 0.0235294117647059
13312 0.888235294117647
13312 0.0670588235294118
13314 1.09
13314 3.9
13314 5.72470588235294
13314 2.56705882352941
13314 2.62411764705882
13314 2.82352941176471
13314 0.0235294117647059
13314 0.888235294117647
13314 0.0670588235294118
13315 1.09
13315 3.9
13315 5.72470588235294
13315 2.56705882352941
13315 2.62411764705882
13315 2.82352941176471
13315 0.0235294117647059
13315 0.888235294117647
13315 0.0670588235294118
13316 1.09
13316 3.9
13316 5.72470588235294
13316 2.56705882352941
13316 2.62411764705882
13316 2.82352941176471
13316 0.0235294117647059
13316 0.888235294117647
13316 0.0670588235294118
13317 1.09
13317 3.9
13317 5.72470588235294
13317 2.56705882352941
13317 2.62411764705882
13317 2.82352941176471
13317 0.0235294117647059
13317 0.888235294117647
13317 0.0670588235294118
13425 1.09
13425 3.9
13425 5.72470588235294
13425 2.56705882352941
13425 2.62411764705882
13425 2.82352941176471
13425 0.0235294117647059
13425 0.888235294117647
13425 0.0670588235294118
13399 1.09
13399 3.9
13399 5.72470588235294
13399 2.56705882352941
13399 2.62411764705882
13399 2.82352941176471
13399 0.0235294117647059
13399 0.888235294117647
13399 0.0670588235294118
13474 1.09
13474 3.9
13474 5.72470588235294
13474 2.56705882352941
13474 2.62411764705882
13474 2.82352941176471
13474 0.0235294117647059
13474 0.888235294117647
13474 0.0670588235294118
13475 1.09
13475 3.9
13475 5.72470588235294
13475 2.56705882352941
13475 2.62411764705882
13475 2.82352941176471
13475 0.0235294117647059
13475 0.888235294117647
13475 0.0670588235294118
13479 1.09
13479 3.9
13479 5.72470588235294
13479 2.56705882352941
13479 2.62411764705882
13479 2.82352941176471
13479 0.0235294117647059
13479 0.888235294117647
13479 0.0670588235294118
13481 1.09
13481 3.9
13481 5.72470588235294
13481 2.56705882352941
13481 2.62411764705882
13481 2.82352941176471
13481 0.0235294117647059
13481 0.888235294117647
13481 0.0670588235294118
13482 1.09
13482 3.9
13482 5.72470588235294
13482 2.56705882352941
13482 2.62411764705882
13482 2.82352941176471
13482 0.0235294117647059
13482 0.888235294117647
13482 0.0670588235294118
13545 1.09
13545 3.9
13545 5.72470588235294
13545 2.56705882352941
13545 2.62411764705882
13545 2.82352941176471
13545 0.0235294117647059
13545 0.888235294117647
13545 0.0670588235294118
13546 1.09
13546 3.9
13546 5.72470588235294
13546 2.56705882352941
13546 2.62411764705882
13546 2.82352941176471
13546 0.0235294117647059
13546 0.888235294117647
13546 0.0670588235294118
13551 1.09
13551 3.9
13551 5.72470588235294
13551 2.56705882352941
13551 2.62411764705882
13551 2.82352941176471
13551 0.0235294117647059
13551 0.888235294117647
13551 0.0670588235294118
13552 1.09
13552 3.9
13552 5.72470588235294
13552 2.56705882352941
13552 2.62411764705882
13552 2.82352941176471
13552 0.0235294117647059
13552 0.888235294117647
13552 0.0670588235294118
13606 1.09
13606 3.9
13606 5.72470588235294
13606 2.56705882352941
13606 2.62411764705882
13606 2.82352941176471
13606 0.0235294117647059
13606 0.888235294117647
13606 0.0670588235294118
13610 1.09
13610 3.9
13610 5.72470588235294
13610 2.56705882352941
13610 2.62411764705882
13610 2.82352941176471
13610 0.0235294117647059
13610 0.888235294117647
13610 0.0670588235294118
13611 1.09
13611 3.9
13611 5.72470588235294
13611 2.56705882352941
13611 2.62411764705882
13611 2.82352941176471
13611 0.0235294117647059
13611 0.888235294117647
13611 0.0670588235294118
13612 1.09
13612 3.9
13612 5.72470588235294
13612 2.56705882352941
13612 2.62411764705882
13612 2.82352941176471
13612 0.0235294117647059
13612 0.888235294117647
13612 0.0670588235294118
13613 1.09
13613 3.9
13613 5.72470588235294
13613 2.56705882352941
13613 2.62411764705882
13613 2.82352941176471
13613 0.0235294117647059
13613 0.888235294117647
13613 0.0670588235294118
13665 1.09
13665 3.9
13665 5.72470588235294
13665 2.56705882352941
13665 2.62411764705882
13665 2.82352941176471
13665 0.0235294117647059
13665 0.888235294117647
13665 0.0670588235294118
13669 1.09
13669 3.9
13669 5.72470588235294
13669 2.56705882352941
13669 2.62411764705882
13669 2.82352941176471
13669 0.0235294117647059
13669 0.888235294117647
13669 0.0670588235294118
13714 1.09
13714 3.9
13714 5.72470588235294
13714 2.56705882352941
13714 2.62411764705882
13714 2.82352941176471
13714 0.0235294117647059
13714 0.888235294117647
13714 0.0670588235294118
13715 1.09
13715 3.9
13715 5.72470588235294
13715 2.56705882352941
13715 2.62411764705882
13715 2.82352941176471
13715 0.0235294117647059
13715 0.888235294117647
13715 0.0670588235294118
13721 1.09
13721 3.9
13721 5.72470588235294
13721 2.56705882352941
13721 2.62411764705882
13721 2.82352941176471
13721 0.0235294117647059
13721 0.888235294117647
13721 0.0670588235294118
13723 1.09
13723 3.9
13723 5.72470588235294
13723 2.56705882352941
13723 2.62411764705882
13723 2.82352941176471
13723 0.0235294117647059
13723 0.888235294117647
13723 0.0670588235294118
13724 1.09
13724 3.9
13724 5.72470588235294
13724 2.56705882352941
13724 2.62411764705882
13724 2.82352941176471
13724 0.0235294117647059
13724 0.888235294117647
13724 0.0670588235294118
13725 1.09
13725 3.9
13725 5.72470588235294
13725 2.56705882352941
13725 2.62411764705882
13725 2.82352941176471
13725 0.0235294117647059
13725 0.888235294117647
13725 0.0670588235294118
13770 1.09
13770 3.9
13770 5.72470588235294
13770 2.56705882352941
13770 2.62411764705882
13770 2.82352941176471
13770 0.0235294117647059
13770 0.888235294117647
13770 0.0670588235294118
13777 1.09
13777 3.9
13777 5.72470588235294
13777 2.56705882352941
13777 2.62411764705882
13777 2.82352941176471
13777 0.0235294117647059
13777 0.888235294117647
13777 0.0670588235294118
13778 1.09
13778 3.9
13778 5.72470588235294
13778 2.56705882352941
13778 2.62411764705882
13778 2.82352941176471
13778 0.0235294117647059
13778 0.888235294117647
13778 0.0670588235294118
13779 1.09
13779 3.9
13779 5.72470588235294
13779 2.56705882352941
13779 2.62411764705882
13779 2.82352941176471
13779 0.0235294117647059
13779 0.888235294117647
13779 0.0670588235294118
13829 1.09
13829 3.9
13829 5.72470588235294
13829 2.56705882352941
13829 2.62411764705882
13829 2.82352941176471
13829 0.0235294117647059
13829 0.888235294117647
13829 0.0670588235294118
13830 1.09
13830 3.9
13830 5.72470588235294
13830 2.56705882352941
13830 2.62411764705882
13830 2.82352941176471
13830 0.0235294117647059
13830 0.888235294117647
13830 0.0670588235294118
13883 1.09
13883 3.9
13883 5.72470588235294
13883 2.56705882352941
13883 2.62411764705882
13883 2.82352941176471
13883 0.0235294117647059
13883 0.888235294117647
13883 0.0670588235294118
13884 1.09
13884 3.9
13884 5.72470588235294
13884 2.56705882352941
13884 2.62411764705882
13884 2.82352941176471
13884 0.0235294117647059
13884 0.888235294117647
13884 0.0670588235294118
13887 1.09
13887 3.9
13887 5.72470588235294
13887 2.56705882352941
13887 2.62411764705882
13887 2.82352941176471
13887 0.0235294117647059
13887 0.888235294117647
13887 0.0670588235294118
13940 1.09
13940 3.9
13940 5.72470588235294
13940 2.56705882352941
13940 2.62411764705882
13940 2.82352941176471
13940 0.0235294117647059
13940 0.888235294117647
13940 0.0670588235294118
13941 1.09
13941 3.9
13941 5.72470588235294
13941 2.56705882352941
13941 2.62411764705882
13941 2.82352941176471
13941 0.0235294117647059
13941 0.888235294117647
13941 0.0670588235294118
13942 1.09
13942 3.9
13942 5.72470588235294
13942 2.56705882352941
13942 2.62411764705882
13942 2.82352941176471
13942 0.0235294117647059
13942 0.888235294117647
13942 0.0670588235294118
13943 1.09
13943 3.9
13943 5.72470588235294
13943 2.56705882352941
13943 2.62411764705882
13943 2.82352941176471
13943 0.0235294117647059
13943 0.888235294117647
13943 0.0670588235294118
13981 1.09
13981 3.9
13981 5.72470588235294
13981 2.56705882352941
13981 2.62411764705882
13981 2.82352941176471
13981 0.0235294117647059
13981 0.888235294117647
13981 0.0670588235294118
13983 1.09
13983 3.9
13983 5.72470588235294
13983 2.56705882352941
13983 2.62411764705882
13983 2.82352941176471
13983 0.0235294117647059
13983 0.888235294117647
13983 0.0670588235294118
14001 1.09
14001 3.9
14001 5.72470588235294
14001 2.56705882352941
14001 2.62411764705882
14001 2.82352941176471
14001 0.0235294117647059
14001 0.888235294117647
14001 0.0670588235294118
14036 1.09
14036 3.9
14036 5.72470588235294
14036 2.56705882352941
14036 2.62411764705882
14036 2.82352941176471
14036 0.0235294117647059
14036 0.888235294117647
14036 0.0670588235294118
14044 1.09
14044 3.9
14044 5.72470588235294
14044 2.56705882352941
14044 2.62411764705882
14044 2.82352941176471
14044 0.0235294117647059
14044 0.888235294117647
14044 0.0670588235294118
14047 1.09
14047 3.9
14047 5.72470588235294
14047 2.56705882352941
14047 2.62411764705882
14047 2.82352941176471
14047 0.0235294117647059
14047 0.888235294117647
14047 0.0670588235294118
14057 1.09
14057 3.9
14057 5.72470588235294
14057 2.56705882352941
14057 2.62411764705882
14057 2.82352941176471
14057 0.0235294117647059
14057 0.888235294117647
14057 0.0670588235294118
14092 1.09
14092 3.9
14092 5.72470588235294
14092 2.56705882352941
14092 2.62411764705882
14092 2.82352941176471
14092 0.0235294117647059
14092 0.888235294117647
14092 0.0670588235294118
14096 1.09
14096 3.9
14096 5.72470588235294
14096 2.56705882352941
14096 2.62411764705882
14096 2.82352941176471
14096 0.0235294117647059
14096 0.888235294117647
14096 0.0670588235294118
14103 1.09
14103 3.9
14103 5.72470588235294
14103 2.56705882352941
14103 2.62411764705882
14103 2.82352941176471
14103 0.0235294117647059
14103 0.888235294117647
14103 0.0670588235294118
14110 1.09
14110 3.9
14110 5.72470588235294
14110 2.56705882352941
14110 2.62411764705882
14110 2.82352941176471
14110 0.0235294117647059
14110 0.888235294117647
14110 0.0670588235294118
14111 1.09
14111 3.9
14111 5.72470588235294
14111 2.56705882352941
14111 2.62411764705882
14111 2.82352941176471
14111 0.0235294117647059
14111 0.888235294117647
14111 0.0670588235294118
14112 1.09
14112 3.9
14112 5.72470588235294
14112 2.56705882352941
14112 2.62411764705882
14112 2.82352941176471
14112 0.0235294117647059
14112 0.888235294117647
14112 0.0670588235294118
14113 1.09
14113 3.9
14113 5.72470588235294
14113 2.56705882352941
14113 2.62411764705882
14113 2.82352941176471
14113 0.0235294117647059
14113 0.888235294117647
14113 0.0670588235294118
14146 1.09
14146 3.9
14146 5.72470588235294
14146 2.56705882352941
14146 2.62411764705882
14146 2.82352941176471
14146 0.0235294117647059
14146 0.888235294117647
14146 0.0670588235294118
14165 1.09
14165 3.9
14165 5.72470588235294
14165 2.56705882352941
14165 2.62411764705882
14165 2.82352941176471
14165 0.0235294117647059
14165 0.888235294117647
14165 0.0670588235294118
14166 1.09
14166 3.9
14166 5.72470588235294
14166 2.56705882352941
14166 2.62411764705882
14166 2.82352941176471
14166 0.0235294117647059
14166 0.888235294117647
14166 0.0670588235294118
14167 1.09
14167 3.9
14167 5.72470588235294
14167 2.56705882352941
14167 2.62411764705882
14167 2.82352941176471
14167 0.0235294117647059
14167 0.888235294117647
14167 0.0670588235294118
14199 1.09
14199 3.9
14199 5.72470588235294
14199 2.56705882352941
14199 2.62411764705882
14199 2.82352941176471
14199 0.0235294117647059
14199 0.888235294117647
14199 0.0670588235294118
14200 1.09
14200 3.9
14200 5.72470588235294
14200 2.56705882352941
14200 2.62411764705882
14200 2.82352941176471
14200 0.0235294117647059
14200 0.888235294117647
14200 0.0670588235294118
14206 1.09
14206 3.9
14206 5.72470588235294
14206 2.56705882352941
14206 2.62411764705882
14206 2.82352941176471
14206 0.0235294117647059
14206 0.888235294117647
14206 0.0670588235294118
14207 1.09
14207 3.9
14207 5.72470588235294
14207 2.56705882352941
14207 2.62411764705882
14207 2.82352941176471
14207 0.0235294117647059
14207 0.888235294117647
14207 0.0670588235294118
14215 1.09
14215 3.9
14215 5.72470588235294
14215 2.56705882352941
14215 2.62411764705882
14215 2.82352941176471
14215 0.0235294117647059
14215 0.888235294117647
14215 0.0670588235294118
14216 1.09
14216 3.9
14216 5.72470588235294
14216 2.56705882352941
14216 2.62411764705882
14216 2.82352941176471
14216 0.0235294117647059
14216 0.888235294117647
14216 0.0670588235294118
14242 1.09
14242 3.9
14242 5.72470588235294
14242 2.56705882352941
14242 2.62411764705882
14242 2.82352941176471
14242 0.0235294117647059
14242 0.888235294117647
14242 0.0670588235294118
14251 1.09
14251 3.9
14251 5.72470588235294
14251 2.56705882352941
14251 2.62411764705882
14251 2.82352941176471
14251 0.0235294117647059
14251 0.888235294117647
14251 0.0670588235294118
14261 1.09
14261 3.9
14261 5.72470588235294
14261 2.56705882352941
14261 2.62411764705882
14261 2.82352941176471
14261 0.0235294117647059
14261 0.888235294117647
14261 0.0670588235294118
14262 1.09
14262 3.9
14262 5.72470588235294
14262 2.56705882352941
14262 2.62411764705882
14262 2.82352941176471
14262 0.0235294117647059
14262 0.888235294117647
14262 0.0670588235294118
14308 1.09
14308 3.9
14308 5.72470588235294
14308 2.56705882352941
14308 2.62411764705882
14308 2.82352941176471
14308 0.0235294117647059
14308 0.888235294117647
14308 0.0670588235294118
14310 1.09
14310 3.9
14310 5.72470588235294
14310 2.56705882352941
14310 2.62411764705882
14310 2.82352941176471
14310 0.0235294117647059
14310 0.888235294117647
14310 0.0670588235294118
14353 1.09
14353 3.9
14353 5.72470588235294
14353 2.56705882352941
14353 2.62411764705882
14353 2.82352941176471
14353 0.0235294117647059
14353 0.888235294117647
14353 0.0670588235294118
14395 1.09
14395 3.9
14395 5.72470588235294
14395 2.56705882352941
14395 2.62411764705882
14395 2.82352941176471
14395 0.0235294117647059
14395 0.888235294117647
14395 0.0670588235294118
14437 1.09
14437 3.9
14437 5.72470588235294
14437 2.56705882352941
14437 2.62411764705882
14437 2.82352941176471
14437 0.0235294117647059
14437 0.888235294117647
14437 0.0670588235294118
14468 1.09
14468 3.9
14468 5.72470588235294
14468 2.56705882352941
14468 2.62411764705882
14468 2.82352941176471
14468 0.0235294117647059
14468 0.888235294117647
14468 0.0670588235294118
14504 1.09
14504 3.9
14504 5.72470588235294
14504 2.56705882352941
14504 2.62411764705882
14504 2.82352941176471
14504 0.0235294117647059
14504 0.888235294117647
14504 0.0670588235294118
14505 1.09
14505 3.9
14505 5.72470588235294
14505 2.56705882352941
14505 2.62411764705882
14505 2.82352941176471
14505 0.0235294117647059
14505 0.888235294117647
14505 0.0670588235294118
14535 1.09
14535 3.9
14535 5.72470588235294
14535 2.56705882352941
14535 2.62411764705882
14535 2.82352941176471
14535 0.0235294117647059
14535 0.888235294117647
14535 0.0670588235294118
14536 1.09
14536 3.9
14536 5.72470588235294
14536 2.56705882352941
14536 2.62411764705882
14536 2.82352941176471
14536 0.0235294117647059
14536 0.888235294117647
14536 0.0670588235294118
14565 1.09
14565 3.9
14565 5.72470588235294
14565 2.56705882352941
14565 2.62411764705882
14565 2.82352941176471
14565 0.0235294117647059
14565 0.888235294117647
14565 0.0670588235294118
14566 1.09
14566 3.9
14566 5.72470588235294
14566 2.56705882352941
14566 2.62411764705882
14566 2.82352941176471
14566 0.0235294117647059
14566 0.888235294117647
14566 0.0670588235294118
14567 1.09
14567 3.9
14567 5.72470588235294
14567 2.56705882352941
14567 2.62411764705882
14567 2.82352941176471
14567 0.0235294117647059
14567 0.888235294117647
14567 0.0670588235294118
14601 1.09
14601 3.9
14601 5.72470588235294
14601 2.56705882352941
14601 2.62411764705882
14601 2.82352941176471
14601 0.0235294117647059
14601 0.888235294117647
14601 0.0670588235294118
