pt_graph shape
11009 1
11009 1
11009 1
11009 1
11009 1
11009 1
11009 1
11009 1
11009 1
11233 1
11233 1
11233 1
11233 1
11233 1
11233 1
11233 1
11233 1
11233 1
11241 1
11241 1
11241 1
11241 1
11241 1
11241 1
11241 1
11241 1
11241 1
11360 1
11360 1
11360 1
11360 1
11360 1
11360 1
11360 1
11360 1
11360 1
11736 1
11736 1
11736 1
11736 1
11736 1
11736 1
11736 1
11736 1
11736 1
11738 1
11738 1
11738 1
11738 1
11738 1
11738 1
11738 1
11738 1
11738 1
12116 1
12116 1
12116 1
12116 1
12116 1
12116 1
12116 1
12116 1
12116 1
12240 1
12240 1
12240 1
12240 1
12240 1
12240 1
12240 1
12240 1
12240 1
12262 1
12262 1
12262 1
12262 1
12262 1
12262 1
12262 1
12262 1
12262 1
12518 1
12518 1
12518 1
12518 1
12518 1
12518 1
12518 1
12518 1
12518 1
12630 1
12630 1
12630 1
12630 1
12630 1
12630 1
12630 1
12630 1
12630 1
12763 1
12763 1
12763 1
12763 1
12763 1
12763 1
12763 1
12763 1
12763 1
12886 1
12886 1
12886 1
12886 1
12886 1
12886 1
12886 1
12886 1
12886 1
13099 1
13099 1
13099 1
13099 1
13099 1
13099 1
13099 1
13099 1
13099 1
13107 1
13107 1
13107 1
13107 1
13107 1
13107 1
13107 1
13107 1
13107 1
13120 1
13120 1
13120 1
13120 1
13120 1
13120 1
13120 1
13120 1
13120 1
13203 1
13203 1
13203 1
13203 1
13203 1
13203 1
13203 1
13203 1
13203 1
13204 1
13204 1
13204 1
13204 1
13204 1
13204 1
13204 1
13204 1
13204 1
13209 1
13209 1
13209 1
13209 1
13209 1
13209 1
13209 1
13209 1
13209 1
13221 1
13221 1
13221 1
13221 1
13221 1
13221 1
13221 1
13221 1
13221 1
13291 1
13291 1
13291 1
13291 1
13291 1
13291 1
13291 1
13291 1
13291 1
13377 1
13377 1
13377 1
13377 1
13377 1
13377 1
13377 1
13377 1
13377 1
13383 1
13383 1
13383 1
13383 1
13383 1
13383 1
13383 1
13383 1
13383 1
13392 1
13392 1
13392 1
13392 1
13392 1
13392 1
13392 1
13392 1
13392 1
13408 1
13408 1
13408 1
13408 1
13408 1
13408 1
13408 1
13408 1
13408 1
13534 1
13534 1
13534 1
13534 1
13534 1
13534 1
13534 1
13534 1
13534 1
13550 1
13550 1
13550 1
13550 1
13550 1
13550 1
13550 1
13550 1
13550 1
13618 1
13618 1
13618 1
13618 1
13618 1
13618 1
13618 1
13618 1
13618 1
13619 1
13619 1
13619 1
13619 1
13619 1
13619 1
13619 1
13619 1
13619 1
13673 1
13673 1
13673 1
13673 1
13673 1
13673 1
13673 1
13673 1
13673 1
13674 1
13674 1
13674 1
13674 1
13674 1
13674 1
13674 1
13674 1
13674 1
13708 1
13708 1
13708 1
13708 1
13708 1
13708 1
13708 1
13708 1
13708 1
13710 1
13710 1
13710 1
13710 1
13710 1
13710 1
13710 1
13710 1
13710 1
13760 1
13760 1
13760 1
13760 1
13760 1
13760 1
13760 1
13760 1
13760 1
13827 1
13827 1
13827 1
13827 1
13827 1
13827 1
13827 1
13827 1
13827 1
13878 1
13878 1
13878 1
13878 1
13878 1
13878 1
13878 1
13878 1
13878 1
13881 1
13881 1
13881 1
13881 1
13881 1
13881 1
13881 1
13881 1
13881 1
13935 1
13935 1
13935 1
13935 1
13935 1
13935 1
13935 1
13935 1
13935 1
13948 1
13948 1
13948 1
13948 1
13948 1
13948 1
13948 1
13948 1
13948 1
13951 1
13951 1
13951 1
13951 1
13951 1
13951 1
13951 1
13951 1
13951 1
14062 1
14062 1
14062 1
14062 1
14062 1
14062 1
14062 1
14062 1
14062 1
14091 1
14091 1
14091 1
14091 1
14091 1
14091 1
14091 1
14091 1
14091 1
14100 1
14100 1
14100 1
14100 1
14100 1
14100 1
14100 1
14100 1
14100 1
14102 1
14102 1
14102 1
14102 1
14102 1
14102 1
14102 1
14102 1
14102 1
14140 1
14140 1
14140 1
14140 1
14140 1
14140 1
14140 1
14140 1
14140 1
14156 1
14156 1
14156 1
14156 1
14156 1
14156 1
14156 1
14156 1
14156 1
14160 1
14160 1
14160 1
14160 1
14160 1
14160 1
14160 1
14160 1
14160 1
14264 1
14264 1
14264 1
14264 1
14264 1
14264 1
14264 1
14264 1
14264 1
14298 1
14298 1
14298 1
14298 1
14298 1
14298 1
14298 1
14298 1
14298 1
14424 1
14424 1
14424 1
14424 1
14424 1
14424 1
14424 1
14424 1
14424 1
14428 1
14428 1
14428 1
14428 1
14428 1
14428 1
14428 1
14428 1
14428 1
14604 1
14604 1
14604 1
14604 1
14604 1
14604 1
14604 1
14604 1
14604 1
14640 1
14640 1
14640 1
14640 1
14640 1
14640 1
14640 1
14640 1
14640 1
14660 1
14660 1
14660 1
14660 1
14660 1
14660 1
14660 1
14660 1
14660 1
14695 1
14695 1
14695 1
14695 1
14695 1
14695 1
14695 1
14695 1
14695 1
14795 1
14795 1
14795 1
14795 1
14795 1
14795 1
14795 1
14795 1
14795 1
14800 1
14800 1
14800 1
14800 1
14800 1
14800 1
14800 1
14800 1
14800 1
14801 1
14801 1
14801 1
14801 1
14801 1
14801 1
14801 1
14801 1
14801 1
14830 1
14830 1
14830 1
14830 1
14830 1
14830 1
14830 1
14830 1
14830 1
14983 1
14983 1
14983 1
14983 1
14983 1
14983 1
14983 1
14983 1
14983 1
14989 1
14989 1
14989 1
14989 1
14989 1
14989 1
14989 1
14989 1
14989 1
15043 1
15043 1
15043 1
15043 1
15043 1
15043 1
15043 1
15043 1
15043 1
15070 1
15070 1
15070 1
15070 1
15070 1
15070 1
15070 1
15070 1
15070 1
15089 1
15089 1
15089 1
15089 1
15089 1
15089 1
15089 1
15089 1
15089 1
15091 1
15091 1
15091 1
15091 1
15091 1
15091 1
15091 1
15091 1
15091 1
15099 1
15099 1
15099 1
15099 1
15099 1
15099 1
15099 1
15099 1
15099 1
15131 1
15131 1
15131 1
15131 1
15131 1
15131 1
15131 1
15131 1
15131 1
15137 1
15137 1
15137 1
15137 1
15137 1
15137 1
15137 1
15137 1
15137 1
15170 1
15170 1
15170 1
15170 1
15170 1
15170 1
15170 1
15170 1
15170 1
15174 1
15174 1
15174 1
15174 1
15174 1
15174 1
15174 1
15174 1
15174 1
15222 1
15222 1
15222 1
15222 1
15222 1
15222 1
15222 1
15222 1
15222 1
15269 1
15269 1
15269 1
15269 1
15269 1
15269 1
15269 1
15269 1
15269 1
15367 1
15367 1
15367 1
15367 1
15367 1
15367 1
15367 1
15367 1
15367 1
15682 1
15682 1
15682 1
15682 1
15682 1
15682 1
15682 1
15682 1
15682 1
15752 1
15752 1
15752 1
15752 1
15752 1
15752 1
15752 1
15752 1
15752 1
15754 1
15754 1
15754 1
15754 1
15754 1
15754 1
15754 1
15754 1
15754 1
15820 1
15820 1
15820 1
15820 1
15820 1
15820 1
15820 1
15820 1
15820 1
15999 1
15999 1
15999 1
15999 1
15999 1
15999 1
15999 1
15999 1
15999 1
16087 1
16087 1
16087 1
16087 1
16087 1
16087 1
16087 1
16087 1
16087 1
16147 1
16147 1
16147 1
16147 1
16147 1
16147 1
16147 1
16147 1
16147 1
16154 1
16154 1
16154 1
16154 1
16154 1
16154 1
16154 1
16154 1
16154 1
16185 1
16185 1
16185 1
16185 1
16185 1
16185 1
16185 1
16185 1
16185 1
16291 1
16291 1
16291 1
16291 1
16291 1
16291 1
16291 1
16291 1
16291 1
16331 1
16331 1
16331 1
16331 1
16331 1
16331 1
16331 1
16331 1
16331 1
16379 1
16379 1
16379 1
16379 1
16379 1
16379 1
16379 1
16379 1
16379 1
16425 1
16425 1
16425 1
16425 1
16425 1
16425 1
16425 1
16425 1
16425 1
16469 1
16469 1
16469 1
16469 1
16469 1
16469 1
16469 1
16469 1
16469 1
16515 1
16515 1
16515 1
16515 1
16515 1
16515 1
16515 1
16515 1
16515 1
16552 1
16552 1
16552 1
16552 1
16552 1
16552 1
16552 1
16552 1
16552 1
16553 1
16553 1
16553 1
16553 1
16553 1
16553 1
16553 1
16553 1
16553 1
16558 1
16558 1
16558 1
16558 1
16558 1
16558 1
16558 1
16558 1
16558 1
16685 1
16685 1
16685 1
16685 1
16685 1
16685 1
16685 1
16685 1
16685 1
16687 1
16687 1
16687 1
16687 1
16687 1
16687 1
16687 1
16687 1
16687 1
16734 1
16734 1
16734 1
16734 1
16734 1
16734 1
16734 1
16734 1
16734 1
