pt_graph cpue_kghour
9394 1.04
9394 0
9394 2.39
9394 2.04
9394 2
9394 2.21
9394 0
9394 0
9394 0
9395 1.04
9395 0
9395 2.39
9395 2.04
9395 2
9395 2.21
9395 0
9395 0
9395 0
9396 1.04
9396 0
9396 2.39
9396 2.04
9396 2
9396 2.21
9396 0
9396 0
9396 0
9403 1.04
9403 0
9403 2.39
9403 2.04
9403 2
9403 2.21
9403 0
9403 0
9403 0
9582 1.04
9582 0
9582 2.39
9582 2.04
9582 2
9582 2.21
9582 0
9582 0
9582 0
9656 1.04
9656 0
9656 2.39
9656 2.04
9656 2
9656 2.21
9656 0
9656 0
9656 0
9811 1.04
9811 0
9811 2.39
9811 2.04
9811 2
9811 2.21
9811 0
9811 0
9811 0
9822 1.04
9822 0
9822 2.39
9822 2.04
9822 2
9822 2.21
9822 0
9822 0
9822 0
9890 1.04
9890 0
9890 2.39
9890 2.04
9890 2
9890 2.21
9890 0
9890 0
9890 0
9965 1.04
9965 0
9965 2.39
9965 2.04
9965 2
9965 2.21
9965 0
9965 0
9965 0
9978 1.04
9978 0
9978 2.39
9978 2.04
9978 2
9978 2.21
9978 0
9978 0
9978 0
10054 1.04
10054 0
10054 2.39
10054 2.04
10054 2
10054 2.21
10054 0
10054 0
10054 0
10071 1.04
10071 0
10071 2.39
10071 2.04
10071 2
10071 2.21
10071 0
10071 0
10071 0
10137 1.04
10137 0
10137 2.39
10137 2.04
10137 2
10137 2.21
10137 0
10137 0
10137 0
10218 1.04
10218 0
10218 2.39
10218 2.04
10218 2
10218 2.21
10218 0
10218 0
10218 0
10382 1.04
10382 0
10382 2.39
10382 2.04
10382 2
10382 2.21
10382 0
10382 0
10382 0
10395 1.04
10395 0
10395 2.39
10395 2.04
10395 2
10395 2.21
10395 0
10395 0
10395 0
10590 1.04
10590 0
10590 2.39
10590 2.04
10590 2
10590 2.21
10590 0
10590 0
10590 0
11010 1.04
11010 0
11010 2.39
11010 2.04
11010 2
11010 2.21
11010 0
11010 0
11010 0
11011 1.04
11011 0
11011 2.39
11011 2.04
11011 2
11011 2.21
11011 0
11011 0
11011 0
11358 1.04
11358 0
11358 2.39
11358 2.04
11358 2
11358 2.21
11358 0
11358 0
11358 0
11486 1.04
11486 0
11486 2.39
11486 2.04
11486 2
11486 2.21
11486 0
11486 0
11486 0
11487 1.04
11487 0
11487 2.39
11487 2.04
11487 2
11487 2.21
11487 0
11487 0
11487 0
11604 1.04
11604 0
11604 2.39
11604 2.04
11604 2
11604 2.21
11604 0
11604 0
11604 0
11754 1.04
11754 0
11754 2.39
11754 2.04
11754 2
11754 2.21
11754 0
11754 0
11754 0
11873 1.04
11873 0
11873 2.39
11873 2.04
11873 2
11873 2.21
11873 0
11873 0
11873 0
11883 1.04
11883 0
11883 2.39
11883 2.04
11883 2
11883 2.21
11883 0
11883 0
11883 0
12136 1.04
12136 0
12136 2.39
12136 2.04
12136 2
12136 2.21
12136 0
12136 0
12136 0
12238 1.04
12238 0
12238 2.39
12238 2.04
12238 2
12238 2.21
12238 0
12238 0
12238 0
12258 1.04
12258 0
12258 2.39
12258 2.04
12258 2
12258 2.21
12258 0
12258 0
12258 0
12376 1.04
12376 0
12376 2.39
12376 2.04
12376 2
12376 2.21
12376 0
12376 0
12376 0
12399 1.04
12399 0
12399 2.39
12399 2.04
12399 2
12399 2.21
12399 0
12399 0
12399 0
12515 1.04
12515 0
12515 2.39
12515 2.04
12515 2
12515 2.21
12515 0
12515 0
12515 0
12516 1.04
12516 0
12516 2.39
12516 2.04
12516 2
12516 2.21
12516 0
12516 0
12516 0
12761 1.04
12761 0
12761 2.39
12761 2.04
12761 2
12761 2.21
12761 0
12761 0
12761 0
12881 1.04
12881 0
12881 2.39
12881 2.04
12881 2
12881 2.21
12881 0
12881 0
12881 0
12886 1.04
12886 0
12886 2.39
12886 2.04
12886 2
12886 2.21
12886 0
12886 0
12886 0
13114 1.04
13114 0
13114 2.39
13114 2.04
13114 2
13114 2.21
13114 0
13114 0
13114 0
13407 1.04
13407 0
13407 2.39
13407 2.04
13407 2
13407 2.21
13407 0
13407 0
13407 0
13408 1.04
13408 0
13408 2.39
13408 2.04
13408 2
13408 2.21
13408 0
13408 0
13408 0
13488 1.04
13488 0
13488 2.39
13488 2.04
13488 2
13488 2.21
13488 0
13488 0
13488 0
13490 1.04
13490 0
13490 2.39
13490 2.04
13490 2
13490 2.21
13490 0
13490 0
13490 0
13549 1.04
13549 0
13549 2.39
13549 2.04
13549 2
13549 2.21
13549 0
13549 0
13549 0
13558 1.04
13558 0
13558 2.39
13558 2.04
13558 2
13558 2.21
13558 0
13558 0
13558 0
13608 1.04
13608 0
13608 2.39
13608 2.04
13608 2
13608 2.21
13608 0
13608 0
13608 0
13659 1.04
13659 0
13659 2.39
13659 2.04
13659 2
13659 2.21
13659 0
13659 0
13659 0
13669 1.04
13669 0
13669 2.39
13669 2.04
13669 2
13669 2.21
13669 0
13669 0
13669 0
13671 1.04
13671 0
13671 2.39
13671 2.04
13671 2
13671 2.21
13671 0
13671 0
13671 0
13674 1.04
13674 0
13674 2.39
13674 2.04
13674 2
13674 2.21
13674 0
13674 0
13674 0
13676 1.04
13676 0
13676 2.39
13676 2.04
13676 2
13676 2.21
13676 0
13676 0
13676 0
13725 1.04
13725 0
13725 2.39
13725 2.04
13725 2
13725 2.21
13725 0
13725 0
13725 0
13729 1.04
13729 0
13729 2.39
13729 2.04
13729 2
13729 2.21
13729 0
13729 0
13729 0
13762 1.04
13762 0
13762 2.39
13762 2.04
13762 2
13762 2.21
13762 0
13762 0
13762 0
13767 1.04
13767 0
13767 2.39
13767 2.04
13767 2
13767 2.21
13767 0
13767 0
13767 0
13770 1.04
13770 0
13770 2.39
13770 2.04
13770 2
13770 2.21
13770 0
13770 0
13770 0
13772 1.04
13772 0
13772 2.39
13772 2.04
13772 2
13772 2.21
13772 0
13772 0
13772 0
13781 1.04
13781 0
13781 2.39
13781 2.04
13781 2
13781 2.21
13781 0
13781 0
13781 0
13822 1.04
13822 0
13822 2.39
13822 2.04
13822 2
13822 2.21
13822 0
13822 0
13822 0
13832 1.04
13832 0
13832 2.39
13832 2.04
13832 2
13832 2.21
13832 0
13832 0
13832 0
13834 1.04
13834 0
13834 2.39
13834 2.04
13834 2
13834 2.21
13834 0
13834 0
13834 0
13837 1.04
13837 0
13837 2.39
13837 2.04
13837 2
13837 2.21
13837 0
13837 0
13837 0
13876 1.04
13876 0
13876 2.39
13876 2.04
13876 2
13876 2.21
13876 0
13876 0
13876 0
13892 1.04
13892 0
13892 2.39
13892 2.04
13892 2
13892 2.21
13892 0
13892 0
13892 0
13934 1.04
13934 0
13934 2.39
13934 2.04
13934 2
13934 2.21
13934 0
13934 0
13934 0
13938 1.04
13938 0
13938 2.39
13938 2.04
13938 2
13938 2.21
13938 0
13938 0
13938 0
13986 1.04
13986 0
13986 2.39
13986 2.04
13986 2
13986 2.21
13986 0
13986 0
13986 0
13988 1.04
13988 0
13988 2.39
13988 2.04
13988 2
13988 2.21
13988 0
13988 0
13988 0
13995 1.04
13995 0
13995 2.39
13995 2.04
13995 2
13995 2.21
13995 0
13995 0
13995 0
14002 1.04
14002 0
14002 2.39
14002 2.04
14002 2
14002 2.21
14002 0
14002 0
14002 0
14056 1.04
14056 0
14056 2.39
14056 2.04
14056 2
14056 2.21
14056 0
14056 0
14056 0
14090 1.04
14090 0
14090 2.39
14090 2.04
14090 2
14090 2.21
14090 0
14090 0
14090 0
14091 1.04
14091 0
14091 2.39
14091 2.04
14091 2
14091 2.21
14091 0
14091 0
14091 0
14106 1.04
14106 0
14106 2.39
14106 2.04
14106 2
14106 2.21
14106 0
14106 0
14106 0
14114 1.04
14114 0
14114 2.39
14114 2.04
14114 2
14114 2.21
14114 0
14114 0
14114 0
14198 1.04
14198 0
14198 2.39
14198 2.04
14198 2
14198 2.21
14198 0
14198 0
14198 0
14206 1.04
14206 0
14206 2.39
14206 2.04
14206 2
14206 2.21
14206 0
14206 0
14206 0
14212 1.04
14212 0
14212 2.39
14212 2.04
14212 2
14212 2.21
14212 0
14212 0
14212 0
14213 1.04
14213 0
14213 2.39
14213 2.04
14213 2
14213 2.21
14213 0
14213 0
14213 0
14217 1.04
14217 0
14217 2.39
14217 2.04
14217 2
14217 2.21
14217 0
14217 0
14217 0
14311 1.04
14311 0
14311 2.39
14311 2.04
14311 2
14311 2.21
14311 0
14311 0
14311 0
14338 1.04
14338 0
14338 2.39
14338 2.04
14338 2
14338 2.21
14338 0
14338 0
14338 0
14342 1.04
14342 0
14342 2.39
14342 2.04
14342 2
14342 2.21
14342 0
14342 0
14342 0
14343 1.04
14343 0
14343 2.39
14343 2.04
14343 2
14343 2.21
14343 0
14343 0
14343 0
14345 1.04
14345 0
14345 2.39
14345 2.04
14345 2
14345 2.21
14345 0
14345 0
14345 0
14351 1.04
14351 0
14351 2.39
14351 2.04
14351 2
14351 2.21
14351 0
14351 0
14351 0
14380 1.04
14380 0
14380 2.39
14380 2.04
14380 2
14380 2.21
14380 0
14380 0
14380 0
14397 1.04
14397 0
14397 2.39
14397 2.04
14397 2
14397 2.21
14397 0
14397 0
14397 0
14429 1.04
14429 0
14429 2.39
14429 2.04
14429 2
14429 2.21
14429 0
14429 0
14429 0
14463 1.04
14463 0
14463 2.39
14463 2.04
14463 2
14463 2.21
14463 0
14463 0
14463 0
14565 1.04
14565 0
14565 2.39
14565 2.04
14565 2
14565 2.21
14565 0
14565 0
14565 0
14626 1.04
14626 0
14626 2.39
14626 2.04
14626 2
14626 2.21
14626 0
14626 0
14626 0
14694 1.04
14694 0
14694 2.39
14694 2.04
14694 2
14694 2.21
14694 0
14694 0
14694 0
14698 1.04
14698 0
14698 2.39
14698 2.04
14698 2
14698 2.21
14698 0
14698 0
14698 0
14704 1.04
14704 0
14704 2.39
14704 2.04
14704 2
14704 2.21
14704 0
14704 0
14704 0
14705 1.04
14705 0
14705 2.39
14705 2.04
14705 2
14705 2.21
14705 0
14705 0
14705 0
14724 1.04
14724 0
14724 2.39
14724 2.04
14724 2
14724 2.21
14724 0
14724 0
14724 0
14732 1.04
14732 0
14732 2.39
14732 2.04
14732 2
14732 2.21
14732 0
14732 0
14732 0
14761 1.04
14761 0
14761 2.39
14761 2.04
14761 2
14761 2.21
14761 0
14761 0
14761 0
14791 1.04
14791 0
14791 2.39
14791 2.04
14791 2
14791 2.21
14791 0
14791 0
14791 0
14830 1.04
14830 0
14830 2.39
14830 2.04
14830 2
14830 2.21
14830 0
14830 0
14830 0
14853 1.04
14853 0
14853 2.39
14853 2.04
14853 2
14853 2.21
14853 0
14853 0
14853 0
14885 1.04
14885 0
14885 2.39
14885 2.04
14885 2
14885 2.21
14885 0
14885 0
14885 0
14887 1.04
14887 0
14887 2.39
14887 2.04
14887 2
14887 2.21
14887 0
14887 0
14887 0
15012 1.04
15012 0
15012 2.39
15012 2.04
15012 2
15012 2.21
15012 0
15012 0
15012 0
15063 1.04
15063 0
15063 2.39
15063 2.04
15063 2
15063 2.21
15063 0
15063 0
15063 0
15067 1.04
15067 0
15067 2.39
15067 2.04
15067 2
15067 2.21
15067 0
15067 0
15067 0
15070 1.04
15070 0
15070 2.39
15070 2.04
15070 2
15070 2.21
15070 0
15070 0
15070 0
15127 1.04
15127 0
15127 2.39
15127 2.04
15127 2
15127 2.21
15127 0
15127 0
15127 0
15136 1.04
15136 0
15136 2.39
15136 2.04
15136 2
15136 2.21
15136 0
15136 0
15136 0
15137 1.04
15137 0
15137 2.39
15137 2.04
15137 2
15137 2.21
15137 0
15137 0
15137 0
15169 1.04
15169 0
15169 2.39
15169 2.04
15169 2
15169 2.21
15169 0
15169 0
15169 0
15171 1.04
15171 0
15171 2.39
15171 2.04
15171 2
15171 2.21
15171 0
15171 0
15171 0
15177 1.04
15177 0
15177 2.39
15177 2.04
15177 2
15177 2.21
15177 0
15177 0
15177 0
15214 1.04
15214 0
15214 2.39
15214 2.04
15214 2
15214 2.21
15214 0
15214 0
15214 0
15215 1.04
15215 0
15215 2.39
15215 2.04
15215 2
15215 2.21
15215 0
15215 0
15215 0
15221 1.04
15221 0
15221 2.39
15221 2.04
15221 2
15221 2.21
15221 0
15221 0
15221 0
15266 1.04
15266 0
15266 2.39
15266 2.04
15266 2
15266 2.21
15266 0
15266 0
15266 0
15489 1.04
15489 0
15489 2.39
15489 2.04
15489 2
15489 2.21
15489 0
15489 0
15489 0
15555 1.04
15555 0
15555 2.39
15555 2.04
15555 2
15555 2.21
15555 0
15555 0
15555 0
15616 1.04
15616 0
15616 2.39
15616 2.04
15616 2
15616 2.21
15616 0
15616 0
15616 0
15682 1.04
15682 0
15682 2.39
15682 2.04
15682 2
15682 2.21
15682 0
15682 0
15682 0
15683 1.04
15683 0
15683 2.39
15683 2.04
15683 2
15683 2.21
15683 0
15683 0
15683 0
15685 1.04
15685 0
15685 2.39
15685 2.04
15685 2
15685 2.21
15685 0
15685 0
15685 0
15820 1.04
15820 0
15820 2.39
15820 2.04
15820 2
15820 2.21
15820 0
15820 0
15820 0
