pt_graph shape
7164 1
7164 1
7164 1
7164 1
7164 1
7164 1
7164 1
7164 1
7164 1
7732 1
7732 1
7732 1
7732 1
7732 1
7732 1
7732 1
7732 1
7732 1
7803 1
7803 1
7803 1
7803 1
7803 1
7803 1
7803 1
7803 1
7803 1
7931 1
7931 1
7931 1
7931 1
7931 1
7931 1
7931 1
7931 1
7931 1
7994 1
7994 1
7994 1
7994 1
7994 1
7994 1
7994 1
7994 1
7994 1
8057 1
8057 1
8057 1
8057 1
8057 1
8057 1
8057 1
8057 1
8057 1
8520 1
8520 1
8520 1
8520 1
8520 1
8520 1
8520 1
8520 1
8520 1
8571 1
8571 1
8571 1
8571 1
8571 1
8571 1
8571 1
8571 1
8571 1
8754 1
8754 1
8754 1
8754 1
8754 1
8754 1
8754 1
8754 1
8754 1
8796 1
8796 1
8796 1
8796 1
8796 1
8796 1
8796 1
8796 1
8796 1
8800 1
8800 1
8800 1
8800 1
8800 1
8800 1
8800 1
8800 1
8800 1
8841 1
8841 1
8841 1
8841 1
8841 1
8841 1
8841 1
8841 1
8841 1
8887 1
8887 1
8887 1
8887 1
8887 1
8887 1
8887 1
8887 1
8887 1
8888 1
8888 1
8888 1
8888 1
8888 1
8888 1
8888 1
8888 1
8888 1
8928 1
8928 1
8928 1
8928 1
8928 1
8928 1
8928 1
8928 1
8928 1
8929 1
8929 1
8929 1
8929 1
8929 1
8929 1
8929 1
8929 1
8929 1
8969 1
8969 1
8969 1
8969 1
8969 1
8969 1
8969 1
8969 1
8969 1
9173 1
9173 1
9173 1
9173 1
9173 1
9173 1
9173 1
9173 1
9173 1
9174 1
9174 1
9174 1
9174 1
9174 1
9174 1
9174 1
9174 1
9174 1
9215 1
9215 1
9215 1
9215 1
9215 1
9215 1
9215 1
9215 1
9215 1
9216 1
9216 1
9216 1
9216 1
9216 1
9216 1
9216 1
9216 1
9216 1
9259 1
9259 1
9259 1
9259 1
9259 1
9259 1
9259 1
9259 1
9259 1
9261 1
9261 1
9261 1
9261 1
9261 1
9261 1
9261 1
9261 1
9261 1
9262 1
9262 1
9262 1
9262 1
9262 1
9262 1
9262 1
9262 1
9262 1
9308 1
9308 1
9308 1
9308 1
9308 1
9308 1
9308 1
9308 1
9308 1
9309 1
9309 1
9309 1
9309 1
9309 1
9309 1
9309 1
9309 1
9309 1
9310 1
9310 1
9310 1
9310 1
9310 1
9310 1
9310 1
9310 1
9310 1
9359 1
9359 1
9359 1
9359 1
9359 1
9359 1
9359 1
9359 1
9359 1
9360 1
9360 1
9360 1
9360 1
9360 1
9360 1
9360 1
9360 1
9360 1
9361 1
9361 1
9361 1
9361 1
9361 1
9361 1
9361 1
9361 1
9361 1
9362 1
9362 1
9362 1
9362 1
9362 1
9362 1
9362 1
9362 1
9362 1
9414 1
9414 1
9414 1
9414 1
9414 1
9414 1
9414 1
9414 1
9414 1
9415 1
9415 1
9415 1
9415 1
9415 1
9415 1
9415 1
9415 1
9415 1
9416 1
9416 1
9416 1
9416 1
9416 1
9416 1
9416 1
9416 1
9416 1
9419 1
9419 1
9419 1
9419 1
9419 1
9419 1
9419 1
9419 1
9419 1
9473 1
9473 1
9473 1
9473 1
9473 1
9473 1
9473 1
9473 1
9473 1
9474 1
9474 1
9474 1
9474 1
9474 1
9474 1
9474 1
9474 1
9474 1
9477 1
9477 1
9477 1
9477 1
9477 1
9477 1
9477 1
9477 1
9477 1
9533 1
9533 1
9533 1
9533 1
9533 1
9533 1
9533 1
9533 1
9533 1
9534 1
9534 1
9534 1
9534 1
9534 1
9534 1
9534 1
9534 1
9534 1
9535 1
9535 1
9535 1
9535 1
9535 1
9535 1
9535 1
9535 1
9535 1
9536 1
9536 1
9536 1
9536 1
9536 1
9536 1
9536 1
9536 1
9536 1
9603 1
9603 1
9603 1
9603 1
9603 1
9603 1
9603 1
9603 1
9603 1
9607 1
9607 1
9607 1
9607 1
9607 1
9607 1
9607 1
9607 1
9607 1
9675 1
9675 1
9675 1
9675 1
9675 1
9675 1
9675 1
9675 1
9675 1
9678 1
9678 1
9678 1
9678 1
9678 1
9678 1
9678 1
9678 1
9678 1
9680 1
9680 1
9680 1
9680 1
9680 1
9680 1
9680 1
9680 1
9680 1
9681 1
9681 1
9681 1
9681 1
9681 1
9681 1
9681 1
9681 1
9681 1
9684 1
9684 1
9684 1
9684 1
9684 1
9684 1
9684 1
9684 1
9684 1
9685 1
9685 1
9685 1
9685 1
9685 1
9685 1
9685 1
9685 1
9685 1
9686 1
9686 1
9686 1
9686 1
9686 1
9686 1
9686 1
9686 1
9686 1
9753 1
9753 1
9753 1
9753 1
9753 1
9753 1
9753 1
9753 1
9753 1
9756 1
9756 1
9756 1
9756 1
9756 1
9756 1
9756 1
9756 1
9756 1
9757 1
9757 1
9757 1
9757 1
9757 1
9757 1
9757 1
9757 1
9757 1
9758 1
9758 1
9758 1
9758 1
9758 1
9758 1
9758 1
9758 1
9758 1
9759 1
9759 1
9759 1
9759 1
9759 1
9759 1
9759 1
9759 1
9759 1
9761 1
9761 1
9761 1
9761 1
9761 1
9761 1
9761 1
9761 1
9761 1
9762 1
9762 1
9762 1
9762 1
9762 1
9762 1
9762 1
9762 1
9762 1
9764 1
9764 1
9764 1
9764 1
9764 1
9764 1
9764 1
9764 1
9764 1
9838 1
9838 1
9838 1
9838 1
9838 1
9838 1
9838 1
9838 1
9838 1
9839 1
9839 1
9839 1
9839 1
9839 1
9839 1
9839 1
9839 1
9839 1
9840 1
9840 1
9840 1
9840 1
9840 1
9840 1
9840 1
9840 1
9840 1
9841 1
9841 1
9841 1
9841 1
9841 1
9841 1
9841 1
9841 1
9841 1
9842 1
9842 1
9842 1
9842 1
9842 1
9842 1
9842 1
9842 1
9842 1
9843 1
9843 1
9843 1
9843 1
9843 1
9843 1
9843 1
9843 1
9843 1
9844 1
9844 1
9844 1
9844 1
9844 1
9844 1
9844 1
9844 1
9844 1
9845 1
9845 1
9845 1
9845 1
9845 1
9845 1
9845 1
9845 1
9845 1
9846 1
9846 1
9846 1
9846 1
9846 1
9846 1
9846 1
9846 1
9846 1
9915 1
9915 1
9915 1
9915 1
9915 1
9915 1
9915 1
9915 1
9915 1
9917 1
9917 1
9917 1
9917 1
9917 1
9917 1
9917 1
9917 1
9917 1
9919 1
9919 1
9919 1
9919 1
9919 1
9919 1
9919 1
9919 1
9919 1
9920 1
9920 1
9920 1
9920 1
9920 1
9920 1
9920 1
9920 1
9920 1
9922 1
9922 1
9922 1
9922 1
9922 1
9922 1
9922 1
9922 1
9922 1
9923 1
9923 1
9923 1
9923 1
9923 1
9923 1
9923 1
9923 1
9923 1
9924 1
9924 1
9924 1
9924 1
9924 1
9924 1
9924 1
9924 1
9924 1
9925 1
9925 1
9925 1
9925 1
9925 1
9925 1
9925 1
9925 1
9925 1
9926 1
9926 1
9926 1
9926 1
9926 1
9926 1
9926 1
9926 1
9926 1
9927 1
9927 1
9927 1
9927 1
9927 1
9927 1
9927 1
9927 1
9927 1
9996 1
9996 1
9996 1
9996 1
9996 1
9996 1
9996 1
9996 1
9996 1
10001 1
10001 1
10001 1
10001 1
10001 1
10001 1
10001 1
10001 1
10001 1
10002 1
10002 1
10002 1
10002 1
10002 1
10002 1
10002 1
10002 1
10002 1
10004 1
10004 1
10004 1
10004 1
10004 1
10004 1
10004 1
10004 1
10004 1
10006 1
10006 1
10006 1
10006 1
10006 1
10006 1
10006 1
10006 1
10006 1
10007 1
10007 1
10007 1
10007 1
10007 1
10007 1
10007 1
10007 1
10007 1
10008 1
10008 1
10008 1
10008 1
10008 1
10008 1
10008 1
10008 1
10008 1
10009 1
10009 1
10009 1
10009 1
10009 1
10009 1
10009 1
10009 1
10009 1
10082 1
10082 1
10082 1
10082 1
10082 1
10082 1
10082 1
10082 1
10082 1
10084 1
10084 1
10084 1
10084 1
10084 1
10084 1
10084 1
10084 1
10084 1
10089 1
10089 1
10089 1
10089 1
10089 1
10089 1
10089 1
10089 1
10089 1
10090 1
10090 1
10090 1
10090 1
10090 1
10090 1
10090 1
10090 1
10090 1
10091 1
10091 1
10091 1
10091 1
10091 1
10091 1
10091 1
10091 1
10091 1
10092 1
10092 1
10092 1
10092 1
10092 1
10092 1
10092 1
10092 1
10092 1
10161 1
10161 1
10161 1
10161 1
10161 1
10161 1
10161 1
10161 1
10161 1
10162 1
10162 1
10162 1
10162 1
10162 1
10162 1
10162 1
10162 1
10162 1
10164 1
10164 1
10164 1
10164 1
10164 1
10164 1
10164 1
10164 1
10164 1
10165 1
10165 1
10165 1
10165 1
10165 1
10165 1
10165 1
10165 1
10165 1
10167 1
10167 1
10167 1
10167 1
10167 1
10167 1
10167 1
10167 1
10167 1
10168 1
10168 1
10168 1
10168 1
10168 1
10168 1
10168 1
10168 1
10168 1
10170 1
10170 1
10170 1
10170 1
10170 1
10170 1
10170 1
10170 1
10170 1
10171 1
10171 1
10171 1
10171 1
10171 1
10171 1
10171 1
10171 1
10171 1
10172 1
10172 1
10172 1
10172 1
10172 1
10172 1
10172 1
10172 1
10172 1
10174 1
10174 1
10174 1
10174 1
10174 1
10174 1
10174 1
10174 1
10174 1
10246 1
10246 1
10246 1
10246 1
10246 1
10246 1
10246 1
10246 1
10246 1
10248 1
10248 1
10248 1
10248 1
10248 1
10248 1
10248 1
10248 1
10248 1
10250 1
10250 1
10250 1
10250 1
10250 1
10250 1
10250 1
10250 1
10250 1
10251 1
10251 1
10251 1
10251 1
10251 1
10251 1
10251 1
10251 1
10251 1
10252 1
10252 1
10252 1
10252 1
10252 1
10252 1
10252 1
10252 1
10252 1
10253 1
10253 1
10253 1
10253 1
10253 1
10253 1
10253 1
10253 1
10253 1
10254 1
10254 1
10254 1
10254 1
10254 1
10254 1
10254 1
10254 1
10254 1
10255 1
10255 1
10255 1
10255 1
10255 1
10255 1
10255 1
10255 1
10255 1
10256 1
10256 1
10256 1
10256 1
10256 1
10256 1
10256 1
10256 1
10256 1
10257 1
10257 1
10257 1
10257 1
10257 1
10257 1
10257 1
10257 1
10257 1
10258 1
10258 1
10258 1
10258 1
10258 1
10258 1
10258 1
10258 1
10258 1
10323 1
10323 1
10323 1
10323 1
10323 1
10323 1
10323 1
10323 1
10323 1
10327 1
10327 1
10327 1
10327 1
10327 1
10327 1
10327 1
10327 1
10327 1
10330 1
10330 1
10330 1
10330 1
10330 1
10330 1
10330 1
10330 1
10330 1
10332 1
10332 1
10332 1
10332 1
10332 1
10332 1
10332 1
10332 1
10332 1
10333 1
10333 1
10333 1
10333 1
10333 1
10333 1
10333 1
10333 1
10333 1
10334 1
10334 1
10334 1
10334 1
10334 1
10334 1
10334 1
10334 1
10334 1
10335 1
10335 1
10335 1
10335 1
10335 1
10335 1
10335 1
10335 1
10335 1
10336 1
10336 1
10336 1
10336 1
10336 1
10336 1
10336 1
10336 1
10336 1
10337 1
10337 1
10337 1
10337 1
10337 1
10337 1
10337 1
10337 1
10337 1
10338 1
10338 1
10338 1
10338 1
10338 1
10338 1
10338 1
10338 1
10338 1
10339 1
10339 1
10339 1
10339 1
10339 1
10339 1
10339 1
10339 1
10339 1
10555 1
10555 1
10555 1
10555 1
10555 1
10555 1
10555 1
10555 1
10555 1
10409 1
10409 1
10409 1
10409 1
10409 1
10409 1
10409 1
10409 1
10409 1
10413 1
10413 1
10413 1
10413 1
10413 1
10413 1
10413 1
10413 1
10413 1
10415 1
10415 1
10415 1
10415 1
10415 1
10415 1
10415 1
10415 1
10415 1
10417 1
10417 1
10417 1
10417 1
10417 1
10417 1
10417 1
10417 1
10417 1
10418 1
10418 1
10418 1
10418 1
10418 1
10418 1
10418 1
10418 1
10418 1
10419 1
10419 1
10419 1
10419 1
10419 1
10419 1
10419 1
10419 1
10419 1
10420 1
10420 1
10420 1
10420 1
10420 1
10420 1
10420 1
10420 1
10420 1
10421 1
10421 1
10421 1
10421 1
10421 1
10421 1
10421 1
10421 1
10421 1
10422 1
10422 1
10422 1
10422 1
10422 1
10422 1
10422 1
10422 1
10422 1
10424 1
10424 1
10424 1
10424 1
10424 1
10424 1
10424 1
10424 1
10424 1
10425 1
10425 1
10425 1
10425 1
10425 1
10425 1
10425 1
10425 1
10425 1
10426 1
10426 1
10426 1
10426 1
10426 1
10426 1
10426 1
10426 1
10426 1
10427 1
10427 1
10427 1
10427 1
10427 1
10427 1
10427 1
10427 1
10427 1
10656 1
10656 1
10656 1
10656 1
10656 1
10656 1
10656 1
10656 1
10656 1
10508 1
10508 1
10508 1
10508 1
10508 1
10508 1
10508 1
10508 1
10508 1
10510 1
10510 1
10510 1
10510 1
10510 1
10510 1
10510 1
10510 1
10510 1
10512 1
10512 1
10512 1
10512 1
10512 1
10512 1
10512 1
10512 1
10512 1
10515 1
10515 1
10515 1
10515 1
10515 1
10515 1
10515 1
10515 1
10515 1
10516 1
10516 1
10516 1
10516 1
10516 1
10516 1
10516 1
10516 1
10516 1
10521 1
10521 1
10521 1
10521 1
10521 1
10521 1
10521 1
10521 1
10521 1
10522 1
10522 1
10522 1
10522 1
10522 1
10522 1
10522 1
10522 1
10522 1
10759 1
10759 1
10759 1
10759 1
10759 1
10759 1
10759 1
10759 1
10759 1
10757 1
10757 1
10757 1
10757 1
10757 1
10757 1
10757 1
10757 1
10757 1
10606 1
10606 1
10606 1
10606 1
10606 1
10606 1
10606 1
10606 1
10606 1
10608 1
10608 1
10608 1
10608 1
10608 1
10608 1
10608 1
10608 1
10608 1
10609 1
10609 1
10609 1
10609 1
10609 1
10609 1
10609 1
10609 1
10609 1
10610 1
10610 1
10610 1
10610 1
10610 1
10610 1
10610 1
10610 1
10610 1
10611 1
10611 1
10611 1
10611 1
10611 1
10611 1
10611 1
10611 1
10611 1
10613 1
10613 1
10613 1
10613 1
10613 1
10613 1
10613 1
10613 1
10613 1
10614 1
10614 1
10614 1
10614 1
10614 1
10614 1
10614 1
10614 1
10614 1
10615 1
10615 1
10615 1
10615 1
10615 1
10615 1
10615 1
10615 1
10615 1
10620 1
10620 1
10620 1
10620 1
10620 1
10620 1
10620 1
10620 1
10620 1
10621 1
10621 1
10621 1
10621 1
10621 1
10621 1
10621 1
10621 1
10621 1
10623 1
10623 1
10623 1
10623 1
10623 1
10623 1
10623 1
10623 1
10623 1
10862 1
10862 1
10862 1
10862 1
10862 1
10862 1
10862 1
10862 1
10862 1
10859 1
10859 1
10859 1
10859 1
10859 1
10859 1
10859 1
10859 1
10859 1
10703 1
10703 1
10703 1
10703 1
10703 1
10703 1
10703 1
10703 1
10703 1
10704 1
10704 1
10704 1
10704 1
10704 1
10704 1
10704 1
10704 1
10704 1
10708 1
10708 1
10708 1
10708 1
10708 1
10708 1
10708 1
10708 1
10708 1
10709 1
10709 1
10709 1
10709 1
10709 1
10709 1
10709 1
10709 1
10709 1
10711 1
10711 1
10711 1
10711 1
10711 1
10711 1
10711 1
10711 1
10711 1
10712 1
10712 1
10712 1
10712 1
10712 1
10712 1
10712 1
10712 1
10712 1
10713 1
10713 1
10713 1
10713 1
10713 1
10713 1
10713 1
10713 1
10713 1
10714 1
10714 1
10714 1
10714 1
10714 1
10714 1
10714 1
10714 1
10714 1
10715 1
10715 1
10715 1
10715 1
10715 1
10715 1
10715 1
10715 1
10715 1
10717 1
10717 1
10717 1
10717 1
10717 1
10717 1
10717 1
10717 1
10717 1
10718 1
10718 1
10718 1
10718 1
10718 1
10718 1
10718 1
10718 1
10718 1
10719 1
10719 1
10719 1
10719 1
10719 1
10719 1
10719 1
10719 1
10719 1
10969 1
10969 1
10969 1
10969 1
10969 1
10969 1
10969 1
10969 1
10969 1
10968 1
10968 1
10968 1
10968 1
10968 1
10968 1
10968 1
10968 1
10968 1
10967 1
10967 1
10967 1
10967 1
10967 1
10967 1
10967 1
10967 1
10967 1
10966 1
10966 1
10966 1
10966 1
10966 1
10966 1
10966 1
10966 1
10966 1
10803 1
10803 1
10803 1
10803 1
10803 1
10803 1
10803 1
10803 1
10803 1
10804 1
10804 1
10804 1
10804 1
10804 1
10804 1
10804 1
10804 1
10804 1
10806 1
10806 1
10806 1
10806 1
10806 1
10806 1
10806 1
10806 1
10806 1
10808 1
10808 1
10808 1
10808 1
10808 1
10808 1
10808 1
10808 1
10808 1
10811 1
10811 1
10811 1
10811 1
10811 1
10811 1
10811 1
10811 1
10811 1
10813 1
10813 1
10813 1
10813 1
10813 1
10813 1
10813 1
10813 1
10813 1
10814 1
10814 1
10814 1
10814 1
10814 1
10814 1
10814 1
10814 1
10814 1
10817 1
10817 1
10817 1
10817 1
10817 1
10817 1
10817 1
10817 1
10817 1
10819 1
10819 1
10819 1
10819 1
10819 1
10819 1
10819 1
10819 1
10819 1
10820 1
10820 1
10820 1
10820 1
10820 1
10820 1
10820 1
10820 1
10820 1
10821 1
10821 1
10821 1
10821 1
10821 1
10821 1
10821 1
10821 1
10821 1
10822 1
10822 1
10822 1
10822 1
10822 1
10822 1
10822 1
10822 1
10822 1
10823 1
10823 1
10823 1
10823 1
10823 1
10823 1
10823 1
10823 1
10823 1
11083 1
11083 1
11083 1
11083 1
11083 1
11083 1
11083 1
11083 1
11083 1
11080 1
11080 1
11080 1
11080 1
11080 1
11080 1
11080 1
11080 1
11080 1
11079 1
11079 1
11079 1
11079 1
11079 1
11079 1
11079 1
11079 1
11079 1
11078 1
11078 1
11078 1
11078 1
11078 1
11078 1
11078 1
11078 1
11078 1
10906 1
10906 1
10906 1
10906 1
10906 1
10906 1
10906 1
10906 1
10906 1
10910 1
10910 1
10910 1
10910 1
10910 1
10910 1
10910 1
10910 1
10910 1
11076 1
11076 1
11076 1
11076 1
11076 1
11076 1
11076 1
11076 1
11076 1
10911 1
10911 1
10911 1
10911 1
10911 1
10911 1
10911 1
10911 1
10911 1
10914 1
10914 1
10914 1
10914 1
10914 1
10914 1
10914 1
10914 1
10914 1
10917 1
10917 1
10917 1
10917 1
10917 1
10917 1
10917 1
10917 1
10917 1
10919 1
10919 1
10919 1
10919 1
10919 1
10919 1
10919 1
10919 1
10919 1
10921 1
10921 1
10921 1
10921 1
10921 1
10921 1
10921 1
10921 1
10921 1
10923 1
10923 1
10923 1
10923 1
10923 1
10923 1
10923 1
10923 1
10923 1
10924 1
10924 1
10924 1
10924 1
10924 1
10924 1
10924 1
10924 1
10924 1
10925 1
10925 1
10925 1
10925 1
10925 1
10925 1
10925 1
10925 1
10925 1
11072 1
11072 1
11072 1
11072 1
11072 1
11072 1
11072 1
11072 1
11072 1
11071 1
11071 1
11071 1
11071 1
11071 1
11071 1
11071 1
11071 1
11071 1
11070 1
11070 1
11070 1
11070 1
11070 1
11070 1
11070 1
11070 1
11070 1
11069 1
11069 1
11069 1
11069 1
11069 1
11069 1
11069 1
11069 1
11069 1
11200 1
11200 1
11200 1
11200 1
11200 1
11200 1
11200 1
11200 1
11200 1
11195 1
11195 1
11195 1
11195 1
11195 1
11195 1
11195 1
11195 1
11195 1
11014 1
11014 1
11014 1
11014 1
11014 1
11014 1
11014 1
11014 1
11014 1
11194 1
11194 1
11194 1
11194 1
11194 1
11194 1
11194 1
11194 1
11194 1
11018 1
11018 1
11018 1
11018 1
11018 1
11018 1
11018 1
11018 1
11018 1
11019 1
11019 1
11019 1
11019 1
11019 1
11019 1
11019 1
11019 1
11019 1
11021 1
11021 1
11021 1
11021 1
11021 1
11021 1
11021 1
11021 1
11021 1
11023 1
11023 1
11023 1
11023 1
11023 1
11023 1
11023 1
11023 1
11023 1
11025 1
11025 1
11025 1
11025 1
11025 1
11025 1
11025 1
11025 1
11025 1
11027 1
11027 1
11027 1
11027 1
11027 1
11027 1
11027 1
11027 1
11027 1
11028 1
11028 1
11028 1
11028 1
11028 1
11028 1
11028 1
11028 1
11028 1
11029 1
11029 1
11029 1
11029 1
11029 1
11029 1
11029 1
11029 1
11029 1
11030 1
11030 1
11030 1
11030 1
11030 1
11030 1
11030 1
11030 1
11030 1
11031 1
11031 1
11031 1
11031 1
11031 1
11031 1
11031 1
11031 1
11031 1
11032 1
11032 1
11032 1
11032 1
11032 1
11032 1
11032 1
11032 1
11032 1
11033 1
11033 1
11033 1
11033 1
11033 1
11033 1
11033 1
11033 1
11033 1
11188 1
11188 1
11188 1
11188 1
11188 1
11188 1
11188 1
11188 1
11188 1
11187 1
11187 1
11187 1
11187 1
11187 1
11187 1
11187 1
11187 1
11187 1
11129 1
11129 1
11129 1
11129 1
11129 1
11129 1
11129 1
11129 1
11129 1
11130 1
11130 1
11130 1
11130 1
11130 1
11130 1
11130 1
11130 1
11130 1
11131 1
11131 1
11131 1
11131 1
11131 1
11131 1
11131 1
11131 1
11131 1
11132 1
11132 1
11132 1
11132 1
11132 1
11132 1
11132 1
11132 1
11132 1
11133 1
11133 1
11133 1
11133 1
11133 1
11133 1
11133 1
11133 1
11133 1
11134 1
11134 1
11134 1
11134 1
11134 1
11134 1
11134 1
11134 1
11134 1
11135 1
11135 1
11135 1
11135 1
11135 1
11135 1
11135 1
11135 1
11135 1
11136 1
11136 1
11136 1
11136 1
11136 1
11136 1
11136 1
11136 1
11136 1
11137 1
11137 1
11137 1
11137 1
11137 1
11137 1
11137 1
11137 1
11137 1
11138 1
11138 1
11138 1
11138 1
11138 1
11138 1
11138 1
11138 1
11138 1
11139 1
11139 1
11139 1
11139 1
11139 1
11139 1
11139 1
11139 1
11139 1
11140 1
11140 1
11140 1
11140 1
11140 1
11140 1
11140 1
11140 1
11140 1
11141 1
11141 1
11141 1
11141 1
11141 1
11141 1
11141 1
11141 1
11141 1
11142 1
11142 1
11142 1
11142 1
11142 1
11142 1
11142 1
11142 1
11142 1
11144 1
11144 1
11144 1
11144 1
11144 1
11144 1
11144 1
11144 1
11144 1
11244 1
11244 1
11244 1
11244 1
11244 1
11244 1
11244 1
11244 1
11244 1
11246 1
11246 1
11246 1
11246 1
11246 1
11246 1
11246 1
11246 1
11246 1
11274 1
11274 1
11274 1
11274 1
11274 1
11274 1
11274 1
11274 1
11274 1
11250 1
11250 1
11250 1
11250 1
11250 1
11250 1
11250 1
11250 1
11250 1
11253 1
11253 1
11253 1
11253 1
11253 1
11253 1
11253 1
11253 1
11253 1
11254 1
11254 1
11254 1
11254 1
11254 1
11254 1
11254 1
11254 1
11254 1
11255 1
11255 1
11255 1
11255 1
11255 1
11255 1
11255 1
11255 1
11255 1
11256 1
11256 1
11256 1
11256 1
11256 1
11256 1
11256 1
11256 1
11256 1
11257 1
11257 1
11257 1
11257 1
11257 1
11257 1
11257 1
11257 1
11257 1
11258 1
11258 1
11258 1
11258 1
11258 1
11258 1
11258 1
11258 1
11258 1
11259 1
11259 1
11259 1
11259 1
11259 1
11259 1
11259 1
11259 1
11259 1
11260 1
11260 1
11260 1
11260 1
11260 1
11260 1
11260 1
11260 1
11260 1
11261 1
11261 1
11261 1
11261 1
11261 1
11261 1
11261 1
11261 1
11261 1
11262 1
11262 1
11262 1
11262 1
11262 1
11262 1
11262 1
11262 1
11262 1
11263 1
11263 1
11263 1
11263 1
11263 1
11263 1
11263 1
11263 1
11263 1
11264 1
11264 1
11264 1
11264 1
11264 1
11264 1
11264 1
11264 1
11264 1
11413 1
11413 1
11413 1
11413 1
11413 1
11413 1
11413 1
11413 1
11413 1
11399 1
11399 1
11399 1
11399 1
11399 1
11399 1
11399 1
11399 1
11399 1
11400 1
11400 1
11400 1
11400 1
11400 1
11400 1
11400 1
11400 1
11400 1
11367 1
11367 1
11367 1
11367 1
11367 1
11367 1
11367 1
11367 1
11367 1
11368 1
11368 1
11368 1
11368 1
11368 1
11368 1
11368 1
11368 1
11368 1
11397 1
11397 1
11397 1
11397 1
11397 1
11397 1
11397 1
11397 1
11397 1
11398 1
11398 1
11398 1
11398 1
11398 1
11398 1
11398 1
11398 1
11398 1
11369 1
11369 1
11369 1
11369 1
11369 1
11369 1
11369 1
11369 1
11369 1
11371 1
11371 1
11371 1
11371 1
11371 1
11371 1
11371 1
11371 1
11371 1
11394 1
11394 1
11394 1
11394 1
11394 1
11394 1
11394 1
11394 1
11394 1
11395 1
11395 1
11395 1
11395 1
11395 1
11395 1
11395 1
11395 1
11395 1
11396 1
11396 1
11396 1
11396 1
11396 1
11396 1
11396 1
11396 1
11396 1
11375 1
11375 1
11375 1
11375 1
11375 1
11375 1
11375 1
11375 1
11375 1
11376 1
11376 1
11376 1
11376 1
11376 1
11376 1
11376 1
11376 1
11376 1
11377 1
11377 1
11377 1
11377 1
11377 1
11377 1
11377 1
11377 1
11377 1
11378 1
11378 1
11378 1
11378 1
11378 1
11378 1
11378 1
11378 1
11378 1
11379 1
11379 1
11379 1
11379 1
11379 1
11379 1
11379 1
11379 1
11379 1
11380 1
11380 1
11380 1
11380 1
11380 1
11380 1
11380 1
11380 1
11380 1
11381 1
11381 1
11381 1
11381 1
11381 1
11381 1
11381 1
11381 1
11381 1
11382 1
11382 1
11382 1
11382 1
11382 1
11382 1
11382 1
11382 1
11382 1
11383 1
11383 1
11383 1
11383 1
11383 1
11383 1
11383 1
11383 1
11383 1
11384 1
11384 1
11384 1
11384 1
11384 1
11384 1
11384 1
11384 1
11384 1
11545 1
11545 1
11545 1
11545 1
11545 1
11545 1
11545 1
11545 1
11545 1
11531 1
11531 1
11531 1
11531 1
11531 1
11531 1
11531 1
11531 1
11531 1
11494 1
11494 1
11494 1
11494 1
11494 1
11494 1
11494 1
11494 1
11494 1
11528 1
11528 1
11528 1
11528 1
11528 1
11528 1
11528 1
11528 1
11528 1
11529 1
11529 1
11529 1
11529 1
11529 1
11529 1
11529 1
11529 1
11529 1
11525 1
11525 1
11525 1
11525 1
11525 1
11525 1
11525 1
11525 1
11525 1
11526 1
11526 1
11526 1
11526 1
11526 1
11526 1
11526 1
11526 1
11526 1
11527 1
11527 1
11527 1
11527 1
11527 1
11527 1
11527 1
11527 1
11527 1
11523 1
11523 1
11523 1
11523 1
11523 1
11523 1
11523 1
11523 1
11523 1
11524 1
11524 1
11524 1
11524 1
11524 1
11524 1
11524 1
11524 1
11524 1
11502 1
11502 1
11502 1
11502 1
11502 1
11502 1
11502 1
11502 1
11502 1
11503 1
11503 1
11503 1
11503 1
11503 1
11503 1
11503 1
11503 1
11503 1
11504 1
11504 1
11504 1
11504 1
11504 1
11504 1
11504 1
11504 1
11504 1
11506 1
11506 1
11506 1
11506 1
11506 1
11506 1
11506 1
11506 1
11506 1
11507 1
11507 1
11507 1
11507 1
11507 1
11507 1
11507 1
11507 1
11507 1
11508 1
11508 1
11508 1
11508 1
11508 1
11508 1
11508 1
11508 1
11508 1
11509 1
11509 1
11509 1
11509 1
11509 1
11509 1
11509 1
11509 1
11509 1
11510 1
11510 1
11510 1
11510 1
11510 1
11510 1
11510 1
11510 1
11510 1
11511 1
11511 1
11511 1
11511 1
11511 1
11511 1
11511 1
11511 1
11511 1
11659 1
11659 1
11659 1
11659 1
11659 1
11659 1
11659 1
11659 1
11659 1
11660 1
11660 1
11660 1
11660 1
11660 1
11660 1
11660 1
11660 1
11660 1
11657 1
11657 1
11657 1
11657 1
11657 1
11657 1
11657 1
11657 1
11657 1
11658 1
11658 1
11658 1
11658 1
11658 1
11658 1
11658 1
11658 1
11658 1
11623 1
11623 1
11623 1
11623 1
11623 1
11623 1
11623 1
11623 1
11623 1
11655 1
11655 1
11655 1
11655 1
11655 1
11655 1
11655 1
11655 1
11655 1
11656 1
11656 1
11656 1
11656 1
11656 1
11656 1
11656 1
11656 1
11656 1
11625 1
11625 1
11625 1
11625 1
11625 1
11625 1
11625 1
11625 1
11625 1
11652 1
11652 1
11652 1
11652 1
11652 1
11652 1
11652 1
11652 1
11652 1
11653 1
11653 1
11653 1
11653 1
11653 1
11653 1
11653 1
11653 1
11653 1
11654 1
11654 1
11654 1
11654 1
11654 1
11654 1
11654 1
11654 1
11654 1
11629 1
11629 1
11629 1
11629 1
11629 1
11629 1
11629 1
11629 1
11629 1
11630 1
11630 1
11630 1
11630 1
11630 1
11630 1
11630 1
11630 1
11630 1
11650 1
11650 1
11650 1
11650 1
11650 1
11650 1
11650 1
11650 1
11650 1
11631 1
11631 1
11631 1
11631 1
11631 1
11631 1
11631 1
11631 1
11631 1
11632 1
11632 1
11632 1
11632 1
11632 1
11632 1
11632 1
11632 1
11632 1
11633 1
11633 1
11633 1
11633 1
11633 1
11633 1
11633 1
11633 1
11633 1
11634 1
11634 1
11634 1
11634 1
11634 1
11634 1
11634 1
11634 1
11634 1
11635 1
11635 1
11635 1
11635 1
11635 1
11635 1
11635 1
11635 1
11635 1
11636 1
11636 1
11636 1
11636 1
11636 1
11636 1
11636 1
11636 1
11636 1
11637 1
11637 1
11637 1
11637 1
11637 1
11637 1
11637 1
11637 1
11637 1
11639 1
11639 1
11639 1
11639 1
11639 1
11639 1
11639 1
11639 1
11639 1
11640 1
11640 1
11640 1
11640 1
11640 1
11640 1
11640 1
11640 1
11640 1
11805 1
11805 1
11805 1
11805 1
11805 1
11805 1
11805 1
11805 1
11805 1
11804 1
11804 1
11804 1
11804 1
11804 1
11804 1
11804 1
11804 1
11804 1
11791 1
11791 1
11791 1
11791 1
11791 1
11791 1
11791 1
11791 1
11791 1
11749 1
11749 1
11749 1
11749 1
11749 1
11749 1
11749 1
11749 1
11749 1
11789 1
11789 1
11789 1
11789 1
11789 1
11789 1
11789 1
11789 1
11789 1
11790 1
11790 1
11790 1
11790 1
11790 1
11790 1
11790 1
11790 1
11790 1
11750 1
11750 1
11750 1
11750 1
11750 1
11750 1
11750 1
11750 1
11750 1
11751 1
11751 1
11751 1
11751 1
11751 1
11751 1
11751 1
11751 1
11751 1
11787 1
11787 1
11787 1
11787 1
11787 1
11787 1
11787 1
11787 1
11787 1
11788 1
11788 1
11788 1
11788 1
11788 1
11788 1
11788 1
11788 1
11788 1
11752 1
11752 1
11752 1
11752 1
11752 1
11752 1
11752 1
11752 1
11752 1
11785 1
11785 1
11785 1
11785 1
11785 1
11785 1
11785 1
11785 1
11785 1
11786 1
11786 1
11786 1
11786 1
11786 1
11786 1
11786 1
11786 1
11786 1
11754 1
11754 1
11754 1
11754 1
11754 1
11754 1
11754 1
11754 1
11754 1
11755 1
11755 1
11755 1
11755 1
11755 1
11755 1
11755 1
11755 1
11755 1
11782 1
11782 1
11782 1
11782 1
11782 1
11782 1
11782 1
11782 1
11782 1
11783 1
11783 1
11783 1
11783 1
11783 1
11783 1
11783 1
11783 1
11783 1
11784 1
11784 1
11784 1
11784 1
11784 1
11784 1
11784 1
11784 1
11784 1
11757 1
11757 1
11757 1
11757 1
11757 1
11757 1
11757 1
11757 1
11757 1
11759 1
11759 1
11759 1
11759 1
11759 1
11759 1
11759 1
11759 1
11759 1
11760 1
11760 1
11760 1
11760 1
11760 1
11760 1
11760 1
11760 1
11760 1
11781 1
11781 1
11781 1
11781 1
11781 1
11781 1
11781 1
11781 1
11781 1
11761 1
11761 1
11761 1
11761 1
11761 1
11761 1
11761 1
11761 1
11761 1
11762 1
11762 1
11762 1
11762 1
11762 1
11762 1
11762 1
11762 1
11762 1
11763 1
11763 1
11763 1
11763 1
11763 1
11763 1
11763 1
11763 1
11763 1
11764 1
11764 1
11764 1
11764 1
11764 1
11764 1
11764 1
11764 1
11764 1
11765 1
11765 1
11765 1
11765 1
11765 1
11765 1
11765 1
11765 1
11765 1
11767 1
11767 1
11767 1
11767 1
11767 1
11767 1
11767 1
11767 1
11767 1
11948 1
11948 1
11948 1
11948 1
11948 1
11948 1
11948 1
11948 1
11948 1
11942 1
11942 1
11942 1
11942 1
11942 1
11942 1
11942 1
11942 1
11942 1
11941 1
11941 1
11941 1
11941 1
11941 1
11941 1
11941 1
11941 1
11941 1
11940 1
11940 1
11940 1
11940 1
11940 1
11940 1
11940 1
11940 1
11940 1
11938 1
11938 1
11938 1
11938 1
11938 1
11938 1
11938 1
11938 1
11938 1
11937 1
11937 1
11937 1
11937 1
11937 1
11937 1
11937 1
11937 1
11937 1
11936 1
11936 1
11936 1
11936 1
11936 1
11936 1
11936 1
11936 1
11936 1
11935 1
11935 1
11935 1
11935 1
11935 1
11935 1
11935 1
11935 1
11935 1
11934 1
11934 1
11934 1
11934 1
11934 1
11934 1
11934 1
11934 1
11934 1
11921 1
11921 1
11921 1
11921 1
11921 1
11921 1
11921 1
11921 1
11921 1
11919 1
11919 1
11919 1
11919 1
11919 1
11919 1
11919 1
11919 1
11919 1
11920 1
11920 1
11920 1
11920 1
11920 1
11920 1
11920 1
11920 1
11920 1
11917 1
11917 1
11917 1
11917 1
11917 1
11917 1
11917 1
11917 1
11917 1
11918 1
11918 1
11918 1
11918 1
11918 1
11918 1
11918 1
11918 1
11918 1
11915 1
11915 1
11915 1
11915 1
11915 1
11915 1
11915 1
11915 1
11915 1
11916 1
11916 1
11916 1
11916 1
11916 1
11916 1
11916 1
11916 1
11916 1
11885 1
11885 1
11885 1
11885 1
11885 1
11885 1
11885 1
11885 1
11885 1
11886 1
11886 1
11886 1
11886 1
11886 1
11886 1
11886 1
11886 1
11886 1
11911 1
11911 1
11911 1
11911 1
11911 1
11911 1
11911 1
11911 1
11911 1
11912 1
11912 1
11912 1
11912 1
11912 1
11912 1
11912 1
11912 1
11912 1
11913 1
11913 1
11913 1
11913 1
11913 1
11913 1
11913 1
11913 1
11913 1
11914 1
11914 1
11914 1
11914 1
11914 1
11914 1
11914 1
11914 1
11914 1
11889 1
11889 1
11889 1
11889 1
11889 1
11889 1
11889 1
11889 1
11889 1
11890 1
11890 1
11890 1
11890 1
11890 1
11890 1
11890 1
11890 1
11890 1
11891 1
11891 1
11891 1
11891 1
11891 1
11891 1
11891 1
11891 1
11891 1
11892 1
11892 1
11892 1
11892 1
11892 1
11892 1
11892 1
11892 1
11892 1
11907 1
11907 1
11907 1
11907 1
11907 1
11907 1
11907 1
11907 1
11907 1
11910 1
11910 1
11910 1
11910 1
11910 1
11910 1
11910 1
11910 1
11910 1
11893 1
11893 1
11893 1
11893 1
11893 1
11893 1
11893 1
11893 1
11893 1
11894 1
11894 1
11894 1
11894 1
11894 1
11894 1
11894 1
11894 1
11894 1
11898 1
11898 1
11898 1
11898 1
11898 1
11898 1
11898 1
11898 1
11898 1
11899 1
11899 1
11899 1
11899 1
11899 1
11899 1
11899 1
11899 1
11899 1
11900 1
11900 1
11900 1
11900 1
11900 1
11900 1
11900 1
11900 1
11900 1
11906 1
11906 1
11906 1
11906 1
11906 1
11906 1
11906 1
11906 1
11906 1
12071 1
12071 1
12071 1
12071 1
12071 1
12071 1
12071 1
12071 1
12071 1
12070 1
12070 1
12070 1
12070 1
12070 1
12070 1
12070 1
12070 1
12070 1
12068 1
12068 1
12068 1
12068 1
12068 1
12068 1
12068 1
12068 1
12068 1
12062 1
12062 1
12062 1
12062 1
12062 1
12062 1
12062 1
12062 1
12062 1
12059 1
12059 1
12059 1
12059 1
12059 1
12059 1
12059 1
12059 1
12059 1
12058 1
12058 1
12058 1
12058 1
12058 1
12058 1
12058 1
12058 1
12058 1
12045 1
12045 1
12045 1
12045 1
12045 1
12045 1
12045 1
12045 1
12045 1
12043 1
12043 1
12043 1
12043 1
12043 1
12043 1
12043 1
12043 1
12043 1
12044 1
12044 1
12044 1
12044 1
12044 1
12044 1
12044 1
12044 1
12044 1
12007 1
12007 1
12007 1
12007 1
12007 1
12007 1
12007 1
12007 1
12007 1
12041 1
12041 1
12041 1
12041 1
12041 1
12041 1
12041 1
12041 1
12041 1
12042 1
12042 1
12042 1
12042 1
12042 1
12042 1
12042 1
12042 1
12042 1
12009 1
12009 1
12009 1
12009 1
12009 1
12009 1
12009 1
12009 1
12009 1
12038 1
12038 1
12038 1
12038 1
12038 1
12038 1
12038 1
12038 1
12038 1
12011 1
12011 1
12011 1
12011 1
12011 1
12011 1
12011 1
12011 1
12011 1
12012 1
12012 1
12012 1
12012 1
12012 1
12012 1
12012 1
12012 1
12012 1
12013 1
12013 1
12013 1
12013 1
12013 1
12013 1
12013 1
12013 1
12013 1
12035 1
12035 1
12035 1
12035 1
12035 1
12035 1
12035 1
12035 1
12035 1
12036 1
12036 1
12036 1
12036 1
12036 1
12036 1
12036 1
12036 1
12036 1
12014 1
12014 1
12014 1
12014 1
12014 1
12014 1
12014 1
12014 1
12014 1
12015 1
12015 1
12015 1
12015 1
12015 1
12015 1
12015 1
12015 1
12015 1
12016 1
12016 1
12016 1
12016 1
12016 1
12016 1
12016 1
12016 1
12016 1
12017 1
12017 1
12017 1
12017 1
12017 1
12017 1
12017 1
12017 1
12017 1
12018 1
12018 1
12018 1
12018 1
12018 1
12018 1
12018 1
12018 1
12018 1
12030 1
12030 1
12030 1
12030 1
12030 1
12030 1
12030 1
12030 1
12030 1
12031 1
12031 1
12031 1
12031 1
12031 1
12031 1
12031 1
12031 1
12031 1
12032 1
12032 1
12032 1
12032 1
12032 1
12032 1
12032 1
12032 1
12032 1
12033 1
12033 1
12033 1
12033 1
12033 1
12033 1
12033 1
12033 1
12033 1
12034 1
12034 1
12034 1
12034 1
12034 1
12034 1
12034 1
12034 1
12034 1
12020 1
12020 1
12020 1
12020 1
12020 1
12020 1
12020 1
12020 1
12020 1
12021 1
12021 1
12021 1
12021 1
12021 1
12021 1
12021 1
12021 1
12021 1
12022 1
12022 1
12022 1
12022 1
12022 1
12022 1
12022 1
12022 1
12022 1
12024 1
12024 1
12024 1
12024 1
12024 1
12024 1
12024 1
12024 1
12024 1
12025 1
12025 1
12025 1
12025 1
12025 1
12025 1
12025 1
12025 1
12025 1
12026 1
12026 1
12026 1
12026 1
12026 1
12026 1
12026 1
12026 1
12026 1
12027 1
12027 1
12027 1
12027 1
12027 1
12027 1
12027 1
12027 1
12027 1
12204 1
12204 1
12204 1
12204 1
12204 1
12204 1
12204 1
12204 1
12204 1
12197 1
12197 1
12197 1
12197 1
12197 1
12197 1
12197 1
12197 1
12197 1
12196 1
12196 1
12196 1
12196 1
12196 1
12196 1
12196 1
12196 1
12196 1
12194 1
12194 1
12194 1
12194 1
12194 1
12194 1
12194 1
12194 1
12194 1
12192 1
12192 1
12192 1
12192 1
12192 1
12192 1
12192 1
12192 1
12192 1
12181 1
12181 1
12181 1
12181 1
12181 1
12181 1
12181 1
12181 1
12181 1
12180 1
12180 1
12180 1
12180 1
12180 1
12180 1
12180 1
12180 1
12180 1
12178 1
12178 1
12178 1
12178 1
12178 1
12178 1
12178 1
12178 1
12178 1
12167 1
12167 1
12167 1
12167 1
12167 1
12167 1
12167 1
12167 1
12167 1
12168 1
12168 1
12168 1
12168 1
12168 1
12168 1
12168 1
12168 1
12168 1
12126 1
12126 1
12126 1
12126 1
12126 1
12126 1
12126 1
12126 1
12126 1
12127 1
12127 1
12127 1
12127 1
12127 1
12127 1
12127 1
12127 1
12127 1
12166 1
12166 1
12166 1
12166 1
12166 1
12166 1
12166 1
12166 1
12166 1
12128 1
12128 1
12128 1
12128 1
12128 1
12128 1
12128 1
12128 1
12128 1
12163 1
12163 1
12163 1
12163 1
12163 1
12163 1
12163 1
12163 1
12163 1
12164 1
12164 1
12164 1
12164 1
12164 1
12164 1
12164 1
12164 1
12164 1
12131 1
12131 1
12131 1
12131 1
12131 1
12131 1
12131 1
12131 1
12131 1
12133 1
12133 1
12133 1
12133 1
12133 1
12133 1
12133 1
12133 1
12133 1
12161 1
12161 1
12161 1
12161 1
12161 1
12161 1
12161 1
12161 1
12161 1
12134 1
12134 1
12134 1
12134 1
12134 1
12134 1
12134 1
12134 1
12134 1
12135 1
12135 1
12135 1
12135 1
12135 1
12135 1
12135 1
12135 1
12135 1
12151 1
12151 1
12151 1
12151 1
12151 1
12151 1
12151 1
12151 1
12151 1
12152 1
12152 1
12152 1
12152 1
12152 1
12152 1
12152 1
12152 1
12152 1
12153 1
12153 1
12153 1
12153 1
12153 1
12153 1
12153 1
12153 1
12153 1
12154 1
12154 1
12154 1
12154 1
12154 1
12154 1
12154 1
12154 1
12154 1
12155 1
12155 1
12155 1
12155 1
12155 1
12155 1
12155 1
12155 1
12155 1
12148 1
12148 1
12148 1
12148 1
12148 1
12148 1
12148 1
12148 1
12148 1
12149 1
12149 1
12149 1
12149 1
12149 1
12149 1
12149 1
12149 1
12149 1
12150 1
12150 1
12150 1
12150 1
12150 1
12150 1
12150 1
12150 1
12150 1
12330 1
12330 1
12330 1
12330 1
12330 1
12330 1
12330 1
12330 1
12330 1
12312 1
12312 1
12312 1
12312 1
12312 1
12312 1
12312 1
12312 1
12312 1
12311 1
12311 1
12311 1
12311 1
12311 1
12311 1
12311 1
12311 1
12311 1
12306 1
12306 1
12306 1
12306 1
12306 1
12306 1
12306 1
12306 1
12306 1
12305 1
12305 1
12305 1
12305 1
12305 1
12305 1
12305 1
12305 1
12305 1
12304 1
12304 1
12304 1
12304 1
12304 1
12304 1
12304 1
12304 1
12304 1
12293 1
12293 1
12293 1
12293 1
12293 1
12293 1
12293 1
12293 1
12293 1
12291 1
12291 1
12291 1
12291 1
12291 1
12291 1
12291 1
12291 1
12291 1
12292 1
12292 1
12292 1
12292 1
12292 1
12292 1
12292 1
12292 1
12292 1
12252 1
12252 1
12252 1
12252 1
12252 1
12252 1
12252 1
12252 1
12252 1
12289 1
12289 1
12289 1
12289 1
12289 1
12289 1
12289 1
12289 1
12289 1
12290 1
12290 1
12290 1
12290 1
12290 1
12290 1
12290 1
12290 1
12290 1
12287 1
12287 1
12287 1
12287 1
12287 1
12287 1
12287 1
12287 1
12287 1
12288 1
12288 1
12288 1
12288 1
12288 1
12288 1
12288 1
12288 1
12288 1
12256 1
12256 1
12256 1
12256 1
12256 1
12256 1
12256 1
12256 1
12256 1
12257 1
12257 1
12257 1
12257 1
12257 1
12257 1
12257 1
12257 1
12257 1
12277 1
12277 1
12277 1
12277 1
12277 1
12277 1
12277 1
12277 1
12277 1
12278 1
12278 1
12278 1
12278 1
12278 1
12278 1
12278 1
12278 1
12278 1
12464 1
12464 1
12464 1
12464 1
12464 1
12464 1
12464 1
12464 1
12464 1
12463 1
12463 1
12463 1
12463 1
12463 1
12463 1
12463 1
12463 1
12463 1
12462 1
12462 1
12462 1
12462 1
12462 1
12462 1
12462 1
12462 1
12462 1
12461 1
12461 1
12461 1
12461 1
12461 1
12461 1
12461 1
12461 1
12461 1
12453 1
12453 1
12453 1
12453 1
12453 1
12453 1
12453 1
12453 1
12453 1
12448 1
12448 1
12448 1
12448 1
12448 1
12448 1
12448 1
12448 1
12448 1
12446 1
12446 1
12446 1
12446 1
12446 1
12446 1
12446 1
12446 1
12446 1
12442 1
12442 1
12442 1
12442 1
12442 1
12442 1
12442 1
12442 1
12442 1
12438 1
12438 1
12438 1
12438 1
12438 1
12438 1
12438 1
12438 1
12438 1
12424 1
12424 1
12424 1
12424 1
12424 1
12424 1
12424 1
12424 1
12424 1
12421 1
12421 1
12421 1
12421 1
12421 1
12421 1
12421 1
12421 1
12421 1
12422 1
12422 1
12422 1
12422 1
12422 1
12422 1
12422 1
12422 1
12422 1
12383 1
12383 1
12383 1
12383 1
12383 1
12383 1
12383 1
12383 1
12383 1
12419 1
12419 1
12419 1
12419 1
12419 1
12419 1
12419 1
12419 1
12419 1
12420 1
12420 1
12420 1
12420 1
12420 1
12420 1
12420 1
12420 1
12420 1
12385 1
12385 1
12385 1
12385 1
12385 1
12385 1
12385 1
12385 1
12385 1
12386 1
12386 1
12386 1
12386 1
12386 1
12386 1
12386 1
12386 1
12386 1
12417 1
12417 1
12417 1
12417 1
12417 1
12417 1
12417 1
12417 1
12417 1
12387 1
12387 1
12387 1
12387 1
12387 1
12387 1
12387 1
12387 1
12387 1
12593 1
12593 1
12593 1
12593 1
12593 1
12593 1
12593 1
12593 1
12593 1
12588 1
12588 1
12588 1
12588 1
12588 1
12588 1
12588 1
12588 1
12588 1
12587 1
12587 1
12587 1
12587 1
12587 1
12587 1
12587 1
12587 1
12587 1
12586 1
12586 1
12586 1
12586 1
12586 1
12586 1
12586 1
12586 1
12586 1
12585 1
12585 1
12585 1
12585 1
12585 1
12585 1
12585 1
12585 1
12585 1
12576 1
12576 1
12576 1
12576 1
12576 1
12576 1
12576 1
12576 1
12576 1
12575 1
12575 1
12575 1
12575 1
12575 1
12575 1
12575 1
12575 1
12575 1
12574 1
12574 1
12574 1
12574 1
12574 1
12574 1
12574 1
12574 1
12574 1
12573 1
12573 1
12573 1
12573 1
12573 1
12573 1
12573 1
12573 1
12573 1
12572 1
12572 1
12572 1
12572 1
12572 1
12572 1
12572 1
12572 1
12572 1
12565 1
12565 1
12565 1
12565 1
12565 1
12565 1
12565 1
12565 1
12565 1
12556 1
12556 1
12556 1
12556 1
12556 1
12556 1
12556 1
12556 1
12556 1
12557 1
12557 1
12557 1
12557 1
12557 1
12557 1
12557 1
12557 1
12557 1
12554 1
12554 1
12554 1
12554 1
12554 1
12554 1
12554 1
12554 1
12554 1
12555 1
12555 1
12555 1
12555 1
12555 1
12555 1
12555 1
12555 1
12555 1
12514 1
12514 1
12514 1
12514 1
12514 1
12514 1
12514 1
12514 1
12514 1
12552 1
12552 1
12552 1
12552 1
12552 1
12552 1
12552 1
12552 1
12552 1
12516 1
12516 1
12516 1
12516 1
12516 1
12516 1
12516 1
12516 1
12516 1
12517 1
12517 1
12517 1
12517 1
12517 1
12517 1
12517 1
12517 1
12517 1
12550 1
12550 1
12550 1
12550 1
12550 1
12550 1
12550 1
12550 1
12550 1
12551 1
12551 1
12551 1
12551 1
12551 1
12551 1
12551 1
12551 1
12551 1
12518 1
12518 1
12518 1
12518 1
12518 1
12518 1
12518 1
12518 1
12518 1
12519 1
12519 1
12519 1
12519 1
12519 1
12519 1
12519 1
12519 1
12519 1
12549 1
12549 1
12549 1
12549 1
12549 1
12549 1
12549 1
12549 1
12549 1
12710 1
12710 1
12710 1
12710 1
12710 1
12710 1
12710 1
12710 1
12710 1
12708 1
12708 1
12708 1
12708 1
12708 1
12708 1
12708 1
12708 1
12708 1
12707 1
12707 1
12707 1
12707 1
12707 1
12707 1
12707 1
12707 1
12707 1
12704 1
12704 1
12704 1
12704 1
12704 1
12704 1
12704 1
12704 1
12704 1
12700 1
12700 1
12700 1
12700 1
12700 1
12700 1
12700 1
12700 1
12700 1
12699 1
12699 1
12699 1
12699 1
12699 1
12699 1
12699 1
12699 1
12699 1
12697 1
12697 1
12697 1
12697 1
12697 1
12697 1
12697 1
12697 1
12697 1
12696 1
12696 1
12696 1
12696 1
12696 1
12696 1
12696 1
12696 1
12696 1
12688 1
12688 1
12688 1
12688 1
12688 1
12688 1
12688 1
12688 1
12688 1
12687 1
12687 1
12687 1
12687 1
12687 1
12687 1
12687 1
12687 1
12687 1
12686 1
12686 1
12686 1
12686 1
12686 1
12686 1
12686 1
12686 1
12686 1
12685 1
12685 1
12685 1
12685 1
12685 1
12685 1
12685 1
12685 1
12685 1
12679 1
12679 1
12679 1
12679 1
12679 1
12679 1
12679 1
12679 1
12679 1
12674 1
12674 1
12674 1
12674 1
12674 1
12674 1
12674 1
12674 1
12674 1
12675 1
12675 1
12675 1
12675 1
12675 1
12675 1
12675 1
12675 1
12675 1
12645 1
12645 1
12645 1
12645 1
12645 1
12645 1
12645 1
12645 1
12645 1
12672 1
12672 1
12672 1
12672 1
12672 1
12672 1
12672 1
12672 1
12672 1
12673 1
12673 1
12673 1
12673 1
12673 1
12673 1
12673 1
12673 1
12673 1
12647 1
12647 1
12647 1
12647 1
12647 1
12647 1
12647 1
12647 1
12647 1
12831 1
12831 1
12831 1
12831 1
12831 1
12831 1
12831 1
12831 1
12831 1
12828 1
12828 1
12828 1
12828 1
12828 1
12828 1
12828 1
12828 1
12828 1
12827 1
12827 1
12827 1
12827 1
12827 1
12827 1
12827 1
12827 1
12827 1
12826 1
12826 1
12826 1
12826 1
12826 1
12826 1
12826 1
12826 1
12826 1
12822 1
12822 1
12822 1
12822 1
12822 1
12822 1
12822 1
12822 1
12822 1
12821 1
12821 1
12821 1
12821 1
12821 1
12821 1
12821 1
12821 1
12821 1
12820 1
12820 1
12820 1
12820 1
12820 1
12820 1
12820 1
12820 1
12820 1
12819 1
12819 1
12819 1
12819 1
12819 1
12819 1
12819 1
12819 1
12819 1
12818 1
12818 1
12818 1
12818 1
12818 1
12818 1
12818 1
12818 1
12818 1
12817 1
12817 1
12817 1
12817 1
12817 1
12817 1
12817 1
12817 1
12817 1
12816 1
12816 1
12816 1
12816 1
12816 1
12816 1
12816 1
12816 1
12816 1
12811 1
12811 1
12811 1
12811 1
12811 1
12811 1
12811 1
12811 1
12811 1
12810 1
12810 1
12810 1
12810 1
12810 1
12810 1
12810 1
12810 1
12810 1
12809 1
12809 1
12809 1
12809 1
12809 1
12809 1
12809 1
12809 1
12809 1
12807 1
12807 1
12807 1
12807 1
12807 1
12807 1
12807 1
12807 1
12807 1
12806 1
12806 1
12806 1
12806 1
12806 1
12806 1
12806 1
12806 1
12806 1
12796 1
12796 1
12796 1
12796 1
12796 1
12796 1
12796 1
12796 1
12796 1
12794 1
12794 1
12794 1
12794 1
12794 1
12794 1
12794 1
12794 1
12794 1
12759 1
12759 1
12759 1
12759 1
12759 1
12759 1
12759 1
12759 1
12759 1
12792 1
12792 1
12792 1
12792 1
12792 1
12792 1
12792 1
12792 1
12792 1
12793 1
12793 1
12793 1
12793 1
12793 1
12793 1
12793 1
12793 1
12793 1
12761 1
12761 1
12761 1
12761 1
12761 1
12761 1
12761 1
12761 1
12761 1
12790 1
12790 1
12790 1
12790 1
12790 1
12790 1
12790 1
12790 1
12790 1
12791 1
12791 1
12791 1
12791 1
12791 1
12791 1
12791 1
12791 1
12791 1
12762 1
12762 1
12762 1
12762 1
12762 1
12762 1
12762 1
12762 1
12762 1
12763 1
12763 1
12763 1
12763 1
12763 1
12763 1
12763 1
12763 1
12763 1
12764 1
12764 1
12764 1
12764 1
12764 1
12764 1
12764 1
12764 1
12764 1
12789 1
12789 1
12789 1
12789 1
12789 1
12789 1
12789 1
12789 1
12789 1
12949 1
12949 1
12949 1
12949 1
12949 1
12949 1
12949 1
12949 1
12949 1
12948 1
12948 1
12948 1
12948 1
12948 1
12948 1
12948 1
12948 1
12948 1
12931 1
12931 1
12931 1
12931 1
12931 1
12931 1
12931 1
12931 1
12931 1
12930 1
12930 1
12930 1
12930 1
12930 1
12930 1
12930 1
12930 1
12930 1
12929 1
12929 1
12929 1
12929 1
12929 1
12929 1
12929 1
12929 1
12929 1
12928 1
12928 1
12928 1
12928 1
12928 1
12928 1
12928 1
12928 1
12928 1
12879 1
12879 1
12879 1
12879 1
12879 1
12879 1
12879 1
12879 1
12879 1
12909 1
12909 1
12909 1
12909 1
12909 1
12909 1
12909 1
12909 1
12909 1
12880 1
12880 1
12880 1
12880 1
12880 1
12880 1
12880 1
12880 1
12880 1
12881 1
12881 1
12881 1
12881 1
12881 1
12881 1
12881 1
12881 1
12881 1
12882 1
12882 1
12882 1
12882 1
12882 1
12882 1
12882 1
12882 1
12882 1
12883 1
12883 1
12883 1
12883 1
12883 1
12883 1
12883 1
12883 1
12883 1
12884 1
12884 1
12884 1
12884 1
12884 1
12884 1
12884 1
12884 1
12884 1
13066 1
13066 1
13066 1
13066 1
13066 1
13066 1
13066 1
13066 1
13066 1
13065 1
13065 1
13065 1
13065 1
13065 1
13065 1
13065 1
13065 1
13065 1
13064 1
13064 1
13064 1
13064 1
13064 1
13064 1
13064 1
13064 1
13064 1
13045 1
13045 1
13045 1
13045 1
13045 1
13045 1
13045 1
13045 1
13045 1
13044 1
13044 1
13044 1
13044 1
13044 1
13044 1
13044 1
13044 1
13044 1
13041 1
13041 1
13041 1
13041 1
13041 1
13041 1
13041 1
13041 1
13041 1
13040 1
13040 1
13040 1
13040 1
13040 1
13040 1
13040 1
13040 1
13040 1
13002 1
13002 1
13002 1
13002 1
13002 1
13002 1
13002 1
13002 1
13002 1
13003 1
13003 1
13003 1
13003 1
13003 1
13003 1
13003 1
13003 1
13003 1
13004 1
13004 1
13004 1
13004 1
13004 1
13004 1
13004 1
13004 1
13004 1
13005 1
13005 1
13005 1
13005 1
13005 1
13005 1
13005 1
13005 1
13005 1
13166 1
13166 1
13166 1
13166 1
13166 1
13166 1
13166 1
13166 1
13166 1
13150 1
13150 1
13150 1
13150 1
13150 1
13150 1
13150 1
13150 1
13150 1
13149 1
13149 1
13149 1
13149 1
13149 1
13149 1
13149 1
13149 1
13149 1
13148 1
13148 1
13148 1
13148 1
13148 1
13148 1
13148 1
13148 1
13148 1
13147 1
13147 1
13147 1
13147 1
13147 1
13147 1
13147 1
13147 1
13147 1
13146 1
13146 1
13146 1
13146 1
13146 1
13146 1
13146 1
13146 1
13146 1
13145 1
13145 1
13145 1
13145 1
13145 1
13145 1
13145 1
13145 1
13145 1
13144 1
13144 1
13144 1
13144 1
13144 1
13144 1
13144 1
13144 1
13144 1
13143 1
13143 1
13143 1
13143 1
13143 1
13143 1
13143 1
13143 1
13143 1
13116 1
13116 1
13116 1
13116 1
13116 1
13116 1
13116 1
13116 1
13116 1
13117 1
13117 1
13117 1
13117 1
13117 1
13117 1
13117 1
13117 1
13117 1
13251 1
13251 1
13251 1
13251 1
13251 1
13251 1
13251 1
13251 1
13251 1
13250 1
13250 1
13250 1
13250 1
13250 1
13250 1
13250 1
13250 1
13250 1
13249 1
13249 1
13249 1
13249 1
13249 1
13249 1
13249 1
13249 1
13249 1
13248 1
13248 1
13248 1
13248 1
13248 1
13248 1
13248 1
13248 1
13248 1
13247 1
13247 1
13247 1
13247 1
13247 1
13247 1
13247 1
13247 1
13247 1
13246 1
13246 1
13246 1
13246 1
13246 1
13246 1
13246 1
13246 1
13246 1
13221 1
13221 1
13221 1
13221 1
13221 1
13221 1
13221 1
13221 1
13221 1
13341 1
13341 1
13341 1
13341 1
13341 1
13341 1
13341 1
13341 1
13341 1
13340 1
13340 1
13340 1
13340 1
13340 1
13340 1
13340 1
13340 1
13340 1
13339 1
13339 1
13339 1
13339 1
13339 1
13339 1
13339 1
13339 1
13339 1
13316 1
13316 1
13316 1
13316 1
13316 1
13316 1
13316 1
13316 1
13316 1
13321 1
13321 1
13321 1
13321 1
13321 1
13321 1
13321 1
13321 1
13321 1
13418 1
13418 1
13418 1
13418 1
13418 1
13418 1
13418 1
13418 1
13418 1
13481 1
13481 1
13481 1
13481 1
13481 1
13481 1
13481 1
13481 1
13481 1
13482 1
13482 1
13482 1
13482 1
13482 1
13482 1
13482 1
13482 1
13482 1
13552 1
13552 1
13552 1
13552 1
13552 1
13552 1
13552 1
13552 1
13552 1
13553 1
13553 1
13553 1
13553 1
13553 1
13553 1
13553 1
13553 1
13553 1
13669 1
13669 1
13669 1
13669 1
13669 1
13669 1
13669 1
13669 1
13669 1
13670 1
13670 1
13670 1
13670 1
13670 1
13670 1
13670 1
13670 1
13670 1
