pt_graph cpue_kghour
12520 1.15
12520 0
12520 3.63
12520 2.16
12520 2
12520 2.88
12520 0
12520 0.05
12520 0.05
12522 1.15
12522 0
12522 3.63
12522 2.16
12522 2
12522 2.88
12522 0
12522 0.05
12522 0.05
12523 1.15
12523 0
12523 3.63
12523 2.16
12523 2
12523 2.88
12523 0
12523 0.05
12523 0.05
12524 1.15
12524 0
12524 3.63
12524 2.16
12524 2
12524 2.88
12524 0
12524 0.05
12524 0.05
12525 1.15
12525 0
12525 3.63
12525 2.16
12525 2
12525 2.88
12525 0
12525 0.05
12525 0.05
12526 1.15
12526 0
12526 3.63
12526 2.16
12526 2
12526 2.88
12526 0
12526 0.05
12526 0.05
12527 1.15
12527 0
12527 3.63
12527 2.16
12527 2
12527 2.88
12527 0
12527 0.05
12527 0.05
12528 1.15
12528 0
12528 3.63
12528 2.16
12528 2
12528 2.88
12528 0
12528 0.05
12528 0.05
12529 1.15
12529 0
12529 3.63
12529 2.16
12529 2
12529 2.88
12529 0
12529 0.05
12529 0.05
12530 1.15
12530 0
12530 3.63
12530 2.16
12530 2
12530 2.88
12530 0
12530 0.05
12530 0.05
12532 1.15
12532 0
12532 3.63
12532 2.16
12532 2
12532 2.88
12532 0
12532 0.05
12532 0.05
12646 1.15
12646 0
12646 3.63
12646 2.16
12646 2
12646 2.88
12646 0
12646 0.05
12646 0.05
12648 1.15
12648 0
12648 3.63
12648 2.16
12648 2
12648 2.88
12648 0
12648 0.05
12648 0.05
12649 1.15
12649 0
12649 3.63
12649 2.16
12649 2
12649 2.88
12649 0
12649 0.05
12649 0.05
12650 1.15
12650 0
12650 3.63
12650 2.16
12650 2
12650 2.88
12650 0
12650 0.05
12650 0.05
12651 1.15
12651 0
12651 3.63
12651 2.16
12651 2
12651 2.88
12651 0
12651 0.05
12651 0.05
12652 1.15
12652 0
12652 3.63
12652 2.16
12652 2
12652 2.88
12652 0
12652 0.05
12652 0.05
12654 1.15
12654 0
12654 3.63
12654 2.16
12654 2
12654 2.88
12654 0
12654 0.05
12654 0.05
12655 1.15
12655 0
12655 3.63
12655 2.16
12655 2
12655 2.88
12655 0
12655 0.05
12655 0.05
12656 1.15
12656 0
12656 3.63
12656 2.16
12656 2
12656 2.88
12656 0
12656 0.05
12656 0.05
12657 1.15
12657 0
12657 3.63
12657 2.16
12657 2
12657 2.88
12657 0
12657 0.05
12657 0.05
12658 1.15
12658 0
12658 3.63
12658 2.16
12658 2
12658 2.88
12658 0
12658 0.05
12658 0.05
12659 1.15
12659 0
12659 3.63
12659 2.16
12659 2
12659 2.88
12659 0
12659 0.05
12659 0.05
12660 1.15
12660 0
12660 3.63
12660 2.16
12660 2
12660 2.88
12660 0
12660 0.05
12660 0.05
12661 1.15
12661 0
12661 3.63
12661 2.16
12661 2
12661 2.88
12661 0
12661 0.05
12661 0.05
12763 1.15
12763 0
12763 3.63
12763 2.16
12763 2
12763 2.88
12763 0
12763 0.05
12763 0.05
12766 1.15
12766 0
12766 3.63
12766 2.16
12766 2
12766 2.88
12766 0
12766 0.05
12766 0.05
12769 1.15
12769 0
12769 3.63
12769 2.16
12769 2
12769 2.88
12769 0
12769 0.05
12769 0.05
12885 1.15
12885 0
12885 3.63
12885 2.16
12885 2
12885 2.88
12885 0
12885 0.05
12885 0.05
12887 1.15
12887 0
12887 3.63
12887 2.16
12887 2
12887 2.88
12887 0
12887 0.05
12887 0.05
12888 1.15
12888 0
12888 3.63
12888 2.16
12888 2
12888 2.88
12888 0
12888 0.05
12888 0.05
12889 1.15
12889 0
12889 3.63
12889 2.16
12889 2
12889 2.88
12889 0
12889 0.05
12889 0.05
12999 1.15
12999 0
12999 3.63
12999 2.16
12999 2
12999 2.88
12999 0
12999 0.05
12999 0.05
13004 1.15
13004 0
13004 3.63
13004 2.16
13004 2
13004 2.88
13004 0
13004 0.05
13004 0.05
13005 1.15
13005 0
13005 3.63
13005 2.16
13005 2
13005 2.88
13005 0
13005 0.05
13005 0.05
13009 1.15
13009 0
13009 3.63
13009 2.16
13009 2
13009 2.88
13009 0
13009 0.05
13009 0.05
13010 1.15
13010 0
13010 3.63
13010 2.16
13010 2
13010 2.88
13010 0
13010 0.05
13010 0.05
13110 1.15
13110 0
13110 3.63
13110 2.16
13110 2
13110 2.88
13110 0
13110 0.05
13110 0.05
13112 1.15
13112 0
13112 3.63
13112 2.16
13112 2
13112 2.88
13112 0
13112 0.05
13112 0.05
13120 1.15
13120 0
13120 3.63
13120 2.16
13120 2
13120 2.88
13120 0
13120 0.05
13120 0.05
13121 1.15
13121 0
13121 3.63
13121 2.16
13121 2
13121 2.88
13121 0
13121 0.05
13121 0.05
13123 1.15
13123 0
13123 3.63
13123 2.16
13123 2
13123 2.88
13123 0
13123 0.05
13123 0.05
13221 1.15
13221 0
13221 3.63
13221 2.16
13221 2
13221 2.88
13221 0
13221 0.05
13221 0.05
13225 1.15
13225 0
13225 3.63
13225 2.16
13225 2
13225 2.88
13225 0
13225 0.05
13225 0.05
13316 1.15
13316 0
13316 3.63
13316 2.16
13316 2
13316 2.88
13316 0
13316 0.05
13316 0.05
13318 1.15
13318 0
13318 3.63
13318 2.16
13318 2
13318 2.88
13318 0
13318 0.05
13318 0.05
13319 1.15
13319 0
13319 3.63
13319 2.16
13319 2
13319 2.88
13319 0
13319 0.05
13319 0.05
13320 1.15
13320 0
13320 3.63
13320 2.16
13320 2
13320 2.88
13320 0
13320 0.05
13320 0.05
13323 1.15
13323 0
13323 3.63
13323 2.16
13323 2
13323 2.88
13323 0
13323 0.05
13323 0.05
13324 1.15
13324 0
13324 3.63
13324 2.16
13324 2
13324 2.88
13324 0
13324 0.05
13324 0.05
13388 1.15
13388 0
13388 3.63
13388 2.16
13388 2
13388 2.88
13388 0
13388 0.05
13388 0.05
13393 1.15
13393 0
13393 3.63
13393 2.16
13393 2
13393 2.88
13393 0
13393 0.05
13393 0.05
13404 1.15
13404 0
13404 3.63
13404 2.16
13404 2
13404 2.88
13404 0
13404 0.05
13404 0.05
13409 1.15
13409 0
13409 3.63
13409 2.16
13409 2
13409 2.88
13409 0
13409 0.05
13409 0.05
13469 1.15
13469 0
13469 3.63
13469 2.16
13469 2
13469 2.88
13469 0
13469 0.05
13469 0.05
13476 1.15
13476 0
13476 3.63
13476 2.16
13476 2
13476 2.88
13476 0
13476 0.05
13476 0.05
13485 1.15
13485 0
13485 3.63
13485 2.16
13485 2
13485 2.88
13485 0
13485 0.05
13485 0.05
13487 1.15
13487 0
13487 3.63
13487 2.16
13487 2
13487 2.88
13487 0
13487 0.05
13487 0.05
13488 1.15
13488 0
13488 3.63
13488 2.16
13488 2
13488 2.88
13488 0
13488 0.05
13488 0.05
13490 1.15
13490 0
13490 3.63
13490 2.16
13490 2
13490 2.88
13490 0
13490 0.05
13490 0.05
13545 1.15
13545 0
13545 3.63
13545 2.16
13545 2
13545 2.88
13545 0
13545 0.05
13545 0.05
13554 1.15
13554 0
13554 3.63
13554 2.16
13554 2
13554 2.88
13554 0
13554 0.05
13554 0.05
13555 1.15
13555 0
13555 3.63
13555 2.16
13555 2
13555 2.88
13555 0
13555 0.05
13555 0.05
13556 1.15
13556 0
13556 3.63
13556 2.16
13556 2
13556 2.88
13556 0
13556 0.05
13556 0.05
13557 1.15
13557 0
13557 3.63
13557 2.16
13557 2
13557 2.88
13557 0
13557 0.05
13557 0.05
13558 1.15
13558 0
13558 3.63
13558 2.16
13558 2
13558 2.88
13558 0
13558 0.05
13558 0.05
13559 1.15
13559 0
13559 3.63
13559 2.16
13559 2
13559 2.88
13559 0
13559 0.05
13559 0.05
13614 1.15
13614 0
13614 3.63
13614 2.16
13614 2
13614 2.88
13614 0
13614 0.05
13614 0.05
13615 1.15
13615 0
13615 3.63
13615 2.16
13615 2
13615 2.88
13615 0
13615 0.05
13615 0.05
13616 1.15
13616 0
13616 3.63
13616 2.16
13616 2
13616 2.88
13616 0
13616 0.05
13616 0.05
13617 1.15
13617 0
13617 3.63
13617 2.16
13617 2
13617 2.88
13617 0
13617 0.05
13617 0.05
13618 1.15
13618 0
13618 3.63
13618 2.16
13618 2
13618 2.88
13618 0
13618 0.05
13618 0.05
13619 1.15
13619 0
13619 3.63
13619 2.16
13619 2
13619 2.88
13619 0
13619 0.05
13619 0.05
13670 1.15
13670 0
13670 3.63
13670 2.16
13670 2
13670 2.88
13670 0
13670 0.05
13670 0.05
13672 1.15
13672 0
13672 3.63
13672 2.16
13672 2
13672 2.88
13672 0
13672 0.05
13672 0.05
13675 1.15
13675 0
13675 3.63
13675 2.16
13675 2
13675 2.88
13675 0
13675 0.05
13675 0.05
13676 1.15
13676 0
13676 3.63
13676 2.16
13676 2
13676 2.88
13676 0
13676 0.05
13676 0.05
13709 1.15
13709 0
13709 3.63
13709 2.16
13709 2
13709 2.88
13709 0
13709 0.05
13709 0.05
13713 1.15
13713 0
13713 3.63
13713 2.16
13713 2
13713 2.88
13713 0
13713 0.05
13713 0.05
13725 1.15
13725 0
13725 3.63
13725 2.16
13725 2
13725 2.88
13725 0
13725 0.05
13725 0.05
13726 1.15
13726 0
13726 3.63
13726 2.16
13726 2
13726 2.88
13726 0
13726 0.05
13726 0.05
13727 1.15
13727 0
13727 3.63
13727 2.16
13727 2
13727 2.88
13727 0
13727 0.05
13727 0.05
13728 1.15
13728 0
13728 3.63
13728 2.16
13728 2
13728 2.88
13728 0
13728 0.05
13728 0.05
13729 1.15
13729 0
13729 3.63
13729 2.16
13729 2
13729 2.88
13729 0
13729 0.05
13729 0.05
13730 1.15
13730 0
13730 3.63
13730 2.16
13730 2
13730 2.88
13730 0
13730 0.05
13730 0.05
13731 1.15
13731 0
13731 3.63
13731 2.16
13731 2
13731 2.88
13731 0
13731 0.05
13731 0.05
13766 1.15
13766 0
13766 3.63
13766 2.16
13766 2
13766 2.88
13766 0
13766 0.05
13766 0.05
13767 1.15
13767 0
13767 3.63
13767 2.16
13767 2
13767 2.88
13767 0
13767 0.05
13767 0.05
13781 1.15
13781 0
13781 3.63
13781 2.16
13781 2
13781 2.88
13781 0
13781 0.05
13781 0.05
13783 1.15
13783 0
13783 3.63
13783 2.16
13783 2
13783 2.88
13783 0
13783 0.05
13783 0.05
13784 1.15
13784 0
13784 3.63
13784 2.16
13784 2
13784 2.88
13784 0
13784 0.05
13784 0.05
13816 1.15
13816 0
13816 3.63
13816 2.16
13816 2
13816 2.88
13816 0
13816 0.05
13816 0.05
13832 1.15
13832 0
13832 3.63
13832 2.16
13832 2
13832 2.88
13832 0
13832 0.05
13832 0.05
13834 1.15
13834 0
13834 3.63
13834 2.16
13834 2
13834 2.88
13834 0
13834 0.05
13834 0.05
13835 1.15
13835 0
13835 3.63
13835 2.16
13835 2
13835 2.88
13835 0
13835 0.05
13835 0.05
13836 1.15
13836 0
13836 3.63
13836 2.16
13836 2
13836 2.88
13836 0
13836 0.05
13836 0.05
13838 1.15
13838 0
13838 3.63
13838 2.16
13838 2
13838 2.88
13838 0
13838 0.05
13838 0.05
13880 1.15
13880 0
13880 3.63
13880 2.16
13880 2
13880 2.88
13880 0
13880 0.05
13880 0.05
13882 1.15
13882 0
13882 3.63
13882 2.16
13882 2
13882 2.88
13882 0
13882 0.05
13882 0.05
13888 1.15
13888 0
13888 3.63
13888 2.16
13888 2
13888 2.88
13888 0
13888 0.05
13888 0.05
13890 1.15
13890 0
13890 3.63
13890 2.16
13890 2
13890 2.88
13890 0
13890 0.05
13890 0.05
13892 1.15
13892 0
13892 3.63
13892 2.16
13892 2
13892 2.88
13892 0
13892 0.05
13892 0.05
13893 1.15
13893 0
13893 3.63
13893 2.16
13893 2
13893 2.88
13893 0
13893 0.05
13893 0.05
13937 1.15
13937 0
13937 3.63
13937 2.16
13937 2
13937 2.88
13937 0
13937 0.05
13937 0.05
13941 1.15
13941 0
13941 3.63
13941 2.16
13941 2
13941 2.88
13941 0
13941 0.05
13941 0.05
13944 1.15
13944 0
13944 3.63
13944 2.16
13944 2
13944 2.88
13944 0
13944 0.05
13944 0.05
13947 1.15
13947 0
13947 3.63
13947 2.16
13947 2
13947 2.88
13947 0
13947 0.05
13947 0.05
13948 1.15
13948 0
13948 3.63
13948 2.16
13948 2
13948 2.88
13948 0
13948 0.05
13948 0.05
13949 1.15
13949 0
13949 3.63
13949 2.16
13949 2
13949 2.88
13949 0
13949 0.05
13949 0.05
13951 1.15
13951 0
13951 3.63
13951 2.16
13951 2
13951 2.88
13951 0
13951 0.05
13951 0.05
13985 1.15
13985 0
13985 3.63
13985 2.16
13985 2
13985 2.88
13985 0
13985 0.05
13985 0.05
13993 1.15
13993 0
13993 3.63
13993 2.16
13993 2
13993 2.88
13993 0
13993 0.05
13993 0.05
13997 1.15
13997 0
13997 3.63
13997 2.16
13997 2
13997 2.88
13997 0
13997 0.05
13997 0.05
13999 1.15
13999 0
13999 3.63
13999 2.16
13999 2
13999 2.88
13999 0
13999 0.05
13999 0.05
14004 1.15
14004 0
14004 3.63
14004 2.16
14004 2
14004 2.88
14004 0
14004 0.05
14004 0.05
14006 1.15
14006 0
14006 3.63
14006 2.16
14006 2
14006 2.88
14006 0
14006 0.05
14006 0.05
14007 1.15
14007 0
14007 3.63
14007 2.16
14007 2
14007 2.88
14007 0
14007 0.05
14007 0.05
14042 1.15
14042 0
14042 3.63
14042 2.16
14042 2
14042 2.88
14042 0
14042 0.05
14042 0.05
14055 1.15
14055 0
14055 3.63
14055 2.16
14055 2
14055 2.88
14055 0
14055 0.05
14055 0.05
14056 1.15
14056 0
14056 3.63
14056 2.16
14056 2
14056 2.88
14056 0
14056 0.05
14056 0.05
14057 1.15
14057 0
14057 3.63
14057 2.16
14057 2
14057 2.88
14057 0
14057 0.05
14057 0.05
14058 1.15
14058 0
14058 3.63
14058 2.16
14058 2
14058 2.88
14058 0
14058 0.05
14058 0.05
14061 1.15
14061 0
14061 3.63
14061 2.16
14061 2
14061 2.88
14061 0
14061 0.05
14061 0.05
14062 1.15
14062 0
14062 3.63
14062 2.16
14062 2
14062 2.88
14062 0
14062 0.05
14062 0.05
14064 1.15
14064 0
14064 3.63
14064 2.16
14064 2
14064 2.88
14064 0
14064 0.05
14064 0.05
14097 1.15
14097 0
14097 3.63
14097 2.16
14097 2
14097 2.88
14097 0
14097 0.05
14097 0.05
14112 1.15
14112 0
14112 3.63
14112 2.16
14112 2
14112 2.88
14112 0
14112 0.05
14112 0.05
14113 1.15
14113 0
14113 3.63
14113 2.16
14113 2
14113 2.88
14113 0
14113 0.05
14113 0.05
14114 1.15
14114 0
14114 3.63
14114 2.16
14114 2
14114 2.88
14114 0
14114 0.05
14114 0.05
14115 1.15
14115 0
14115 3.63
14115 2.16
14115 2
14115 2.88
14115 0
14115 0.05
14115 0.05
14148 1.15
14148 0
14148 3.63
14148 2.16
14148 2
14148 2.88
14148 0
14148 0.05
14148 0.05
14150 1.15
14150 0
14150 3.63
14150 2.16
14150 2
14150 2.88
14150 0
14150 0.05
14150 0.05
14151 1.15
14151 0
14151 3.63
14151 2.16
14151 2
14151 2.88
14151 0
14151 0.05
14151 0.05
14152 1.15
14152 0
14152 3.63
14152 2.16
14152 2
14152 2.88
14152 0
14152 0.05
14152 0.05
14162 1.15
14162 0
14162 3.63
14162 2.16
14162 2
14162 2.88
14162 0
14162 0.05
14162 0.05
14164 1.15
14164 0
14164 3.63
14164 2.16
14164 2
14164 2.88
14164 0
14164 0.05
14164 0.05
14167 1.15
14167 0
14167 3.63
14167 2.16
14167 2
14167 2.88
14167 0
14167 0.05
14167 0.05
14168 1.15
14168 0
14168 3.63
14168 2.16
14168 2
14168 2.88
14168 0
14168 0.05
14168 0.05
14169 1.15
14169 0
14169 3.63
14169 2.16
14169 2
14169 2.88
14169 0
14169 0.05
14169 0.05
14208 1.15
14208 0
14208 3.63
14208 2.16
14208 2
14208 2.88
14208 0
14208 0.05
14208 0.05
14214 1.15
14214 0
14214 3.63
14214 2.16
14214 2
14214 2.88
14214 0
14214 0.05
14214 0.05
14216 1.15
14216 0
14216 3.63
14216 2.16
14216 2
14216 2.88
14216 0
14216 0.05
14216 0.05
14257 1.15
14257 0
14257 3.63
14257 2.16
14257 2
14257 2.88
14257 0
14257 0.05
14257 0.05
14259 1.15
14259 0
14259 3.63
14259 2.16
14259 2
14259 2.88
14259 0
14259 0.05
14259 0.05
14260 1.15
14260 0
14260 3.63
14260 2.16
14260 2
14260 2.88
14260 0
14260 0.05
14260 0.05
14261 1.15
14261 0
14261 3.63
14261 2.16
14261 2
14261 2.88
14261 0
14261 0.05
14261 0.05
14263 1.15
14263 0
14263 3.63
14263 2.16
14263 2
14263 2.88
14263 0
14263 0.05
14263 0.05
14264 1.15
14264 0
14264 3.63
14264 2.16
14264 2
14264 2.88
14264 0
14264 0.05
14264 0.05
14285 1.15
14285 0
14285 3.63
14285 2.16
14285 2
14285 2.88
14285 0
14285 0.05
14285 0.05
14290 1.15
14290 0
14290 3.63
14290 2.16
14290 2
14290 2.88
14290 0
14290 0.05
14290 0.05
14298 1.15
14298 0
14298 3.63
14298 2.16
14298 2
14298 2.88
14298 0
14298 0.05
14298 0.05
14302 1.15
14302 0
14302 3.63
14302 2.16
14302 2
14302 2.88
14302 0
14302 0.05
14302 0.05
14305 1.15
14305 0
14305 3.63
14305 2.16
14305 2
14305 2.88
14305 0
14305 0.05
14305 0.05
14306 1.15
14306 0
14306 3.63
14306 2.16
14306 2
14306 2.88
14306 0
14306 0.05
14306 0.05
14307 1.15
14307 0
14307 3.63
14307 2.16
14307 2
14307 2.88
14307 0
14307 0.05
14307 0.05
14309 1.15
14309 0
14309 3.63
14309 2.16
14309 2
14309 2.88
14309 0
14309 0.05
14309 0.05
14310 1.15
14310 0
14310 3.63
14310 2.16
14310 2
14310 2.88
14310 0
14310 0.05
14310 0.05
14342 1.15
14342 0
14342 3.63
14342 2.16
14342 2
14342 2.88
14342 0
14342 0.05
14342 0.05
14344 1.15
14344 0
14344 3.63
14344 2.16
14344 2
14344 2.88
14344 0
14344 0.05
14344 0.05
14345 1.15
14345 0
14345 3.63
14345 2.16
14345 2
14345 2.88
14345 0
14345 0.05
14345 0.05
14349 1.15
14349 0
14349 3.63
14349 2.16
14349 2
14349 2.88
14349 0
14349 0.05
14349 0.05
14351 1.15
14351 0
14351 3.63
14351 2.16
14351 2
14351 2.88
14351 0
14351 0.05
14351 0.05
14352 1.15
14352 0
14352 3.63
14352 2.16
14352 2
14352 2.88
14352 0
14352 0.05
14352 0.05
14353 1.15
14353 0
14353 3.63
14353 2.16
14353 2
14353 2.88
14353 0
14353 0.05
14353 0.05
14354 1.15
14354 0
14354 3.63
14354 2.16
14354 2
14354 2.88
14354 0
14354 0.05
14354 0.05
14355 1.15
14355 0
14355 3.63
14355 2.16
14355 2
14355 2.88
14355 0
14355 0.05
14355 0.05
14375 1.15
14375 0
14375 3.63
14375 2.16
14375 2
14375 2.88
14375 0
14375 0.05
14375 0.05
14387 1.15
14387 0
14387 3.63
14387 2.16
14387 2
14387 2.88
14387 0
14387 0.05
14387 0.05
14391 1.15
14391 0
14391 3.63
14391 2.16
14391 2
14391 2.88
14391 0
14391 0.05
14391 0.05
14392 1.15
14392 0
14392 3.63
14392 2.16
14392 2
14392 2.88
14392 0
14392 0.05
14392 0.05
14394 1.15
14394 0
14394 3.63
14394 2.16
14394 2
14394 2.88
14394 0
14394 0.05
14394 0.05
14395 1.15
14395 0
14395 3.63
14395 2.16
14395 2
14395 2.88
14395 0
14395 0.05
14395 0.05
14396 1.15
14396 0
14396 3.63
14396 2.16
14396 2
14396 2.88
14396 0
14396 0.05
14396 0.05
14397 1.15
14397 0
14397 3.63
14397 2.16
14397 2
14397 2.88
14397 0
14397 0.05
14397 0.05
14422 1.15
14422 0
14422 3.63
14422 2.16
14422 2
14422 2.88
14422 0
14422 0.05
14422 0.05
14429 1.15
14429 0
14429 3.63
14429 2.16
14429 2
14429 2.88
14429 0
14429 0.05
14429 0.05
14432 1.15
14432 0
14432 3.63
14432 2.16
14432 2
14432 2.88
14432 0
14432 0.05
14432 0.05
14435 1.15
14435 0
14435 3.63
14435 2.16
14435 2
14435 2.88
14435 0
14435 0.05
14435 0.05
14437 1.15
14437 0
14437 3.63
14437 2.16
14437 2
14437 2.88
14437 0
14437 0.05
14437 0.05
14438 1.15
14438 0
14438 3.63
14438 2.16
14438 2
14438 2.88
14438 0
14438 0.05
14438 0.05
14462 1.15
14462 0
14462 3.63
14462 2.16
14462 2
14462 2.88
14462 0
14462 0.05
14462 0.05
14463 1.15
14463 0
14463 3.63
14463 2.16
14463 2
14463 2.88
14463 0
14463 0.05
14463 0.05
14464 1.15
14464 0
14464 3.63
14464 2.16
14464 2
14464 2.88
14464 0
14464 0.05
14464 0.05
14470 1.15
14470 0
14470 3.63
14470 2.16
14470 2
14470 2.88
14470 0
14470 0.05
14470 0.05
14472 1.15
14472 0
14472 3.63
14472 2.16
14472 2
14472 2.88
14472 0
14472 0.05
14472 0.05
14474 1.15
14474 0
14474 3.63
14474 2.16
14474 2
14474 2.88
14474 0
14474 0.05
14474 0.05
14475 1.15
14475 0
14475 3.63
14475 2.16
14475 2
14475 2.88
14475 0
14475 0.05
14475 0.05
14506 1.15
14506 0
14506 3.63
14506 2.16
14506 2
14506 2.88
14506 0
14506 0.05
14506 0.05
14507 1.15
14507 0
14507 3.63
14507 2.16
14507 2
14507 2.88
14507 0
14507 0.05
14507 0.05
14509 1.15
14509 0
14509 3.63
14509 2.16
14509 2
14509 2.88
14509 0
14509 0.05
14509 0.05
14533 1.15
14533 0
14533 3.63
14533 2.16
14533 2
14533 2.88
14533 0
14533 0.05
14533 0.05
14535 1.15
14535 0
14535 3.63
14535 2.16
14535 2
14535 2.88
14535 0
14535 0.05
14535 0.05
14538 1.15
14538 0
14538 3.63
14538 2.16
14538 2
14538 2.88
14538 0
14538 0.05
14538 0.05
14540 1.15
14540 0
14540 3.63
14540 2.16
14540 2
14540 2.88
14540 0
14540 0.05
14540 0.05
14564 1.15
14564 0
14564 3.63
14564 2.16
14564 2
14564 2.88
14564 0
14564 0.05
14564 0.05
14568 1.15
14568 0
14568 3.63
14568 2.16
14568 2
14568 2.88
14568 0
14568 0.05
14568 0.05
14569 1.15
14569 0
14569 3.63
14569 2.16
14569 2
14569 2.88
14569 0
14569 0.05
14569 0.05
14571 1.15
14571 0
14571 3.63
14571 2.16
14571 2
14571 2.88
14571 0
14571 0.05
14571 0.05
14573 1.15
14573 0
14573 3.63
14573 2.16
14573 2
14573 2.88
14573 0
14573 0.05
14573 0.05
14591 1.15
14591 0
14591 3.63
14591 2.16
14591 2
14591 2.88
14591 0
14591 0.05
14591 0.05
14593 1.15
14593 0
14593 3.63
14593 2.16
14593 2
14593 2.88
14593 0
14593 0.05
14593 0.05
14598 1.15
14598 0
14598 3.63
14598 2.16
14598 2
14598 2.88
14598 0
14598 0.05
14598 0.05
14600 1.15
14600 0
14600 3.63
14600 2.16
14600 2
14600 2.88
14600 0
14600 0.05
14600 0.05
14604 1.15
14604 0
14604 3.63
14604 2.16
14604 2
14604 2.88
14604 0
14604 0.05
14604 0.05
14605 1.15
14605 0
14605 3.63
14605 2.16
14605 2
14605 2.88
14605 0
14605 0.05
14605 0.05
14606 1.15
14606 0
14606 3.63
14606 2.16
14606 2
14606 2.88
14606 0
14606 0.05
14606 0.05
14607 1.15
14607 0
14607 3.63
14607 2.16
14607 2
14607 2.88
14607 0
14607 0.05
14607 0.05
14629 1.15
14629 0
14629 3.63
14629 2.16
14629 2
14629 2.88
14629 0
14629 0.05
14629 0.05
14631 1.15
14631 0
14631 3.63
14631 2.16
14631 2
14631 2.88
14631 0
14631 0.05
14631 0.05
14634 1.15
14634 0
14634 3.63
14634 2.16
14634 2
14634 2.88
14634 0
14634 0.05
14634 0.05
14635 1.15
14635 0
14635 3.63
14635 2.16
14635 2
14635 2.88
14635 0
14635 0.05
14635 0.05
14636 1.15
14636 0
14636 3.63
14636 2.16
14636 2
14636 2.88
14636 0
14636 0.05
14636 0.05
14638 1.15
14638 0
14638 3.63
14638 2.16
14638 2
14638 2.88
14638 0
14638 0.05
14638 0.05
14640 1.15
14640 0
14640 3.63
14640 2.16
14640 2
14640 2.88
14640 0
14640 0.05
14640 0.05
14641 1.15
14641 0
14641 3.63
14641 2.16
14641 2
14641 2.88
14641 0
14641 0.05
14641 0.05
14660 1.15
14660 0
14660 3.63
14660 2.16
14660 2
14660 2.88
14660 0
14660 0.05
14660 0.05
14662 1.15
14662 0
14662 3.63
14662 2.16
14662 2
14662 2.88
14662 0
14662 0.05
14662 0.05
14663 1.15
14663 0
14663 3.63
14663 2.16
14663 2
14663 2.88
14663 0
14663 0.05
14663 0.05
14666 1.15
14666 0
14666 3.63
14666 2.16
14666 2
14666 2.88
14666 0
14666 0.05
14666 0.05
14668 1.15
14668 0
14668 3.63
14668 2.16
14668 2
14668 2.88
14668 0
14668 0.05
14668 0.05
14669 1.15
14669 0
14669 3.63
14669 2.16
14669 2
14669 2.88
14669 0
14669 0.05
14669 0.05
14674 1.15
14674 0
14674 3.63
14674 2.16
14674 2
14674 2.88
14674 0
14674 0.05
14674 0.05
14693 1.15
14693 0
14693 3.63
14693 2.16
14693 2
14693 2.88
14693 0
14693 0.05
14693 0.05
14694 1.15
14694 0
14694 3.63
14694 2.16
14694 2
14694 2.88
14694 0
14694 0.05
14694 0.05
14698 1.15
14698 0
14698 3.63
14698 2.16
14698 2
14698 2.88
14698 0
14698 0.05
14698 0.05
14699 1.15
14699 0
14699 3.63
14699 2.16
14699 2
14699 2.88
14699 0
14699 0.05
14699 0.05
14701 1.15
14701 0
14701 3.63
14701 2.16
14701 2
14701 2.88
14701 0
14701 0.05
14701 0.05
14705 1.15
14705 0
14705 3.63
14705 2.16
14705 2
14705 2.88
14705 0
14705 0.05
14705 0.05
14707 1.15
14707 0
14707 3.63
14707 2.16
14707 2
14707 2.88
14707 0
14707 0.05
14707 0.05
14739 1.15
14739 0
14739 3.63
14739 2.16
14739 2
14739 2.88
14739 0
14739 0.05
14739 0.05
14761 1.15
14761 0
14761 3.63
14761 2.16
14761 2
14761 2.88
14761 0
14761 0.05
14761 0.05
14762 1.15
14762 0
14762 3.63
14762 2.16
14762 2
14762 2.88
14762 0
14762 0.05
14762 0.05
14764 1.15
14764 0
14764 3.63
14764 2.16
14764 2
14764 2.88
14764 0
14764 0.05
14764 0.05
14765 1.15
14765 0
14765 3.63
14765 2.16
14765 2
14765 2.88
14765 0
14765 0.05
14765 0.05
14793 1.15
14793 0
14793 3.63
14793 2.16
14793 2
14793 2.88
14793 0
14793 0.05
14793 0.05
14795 1.15
14795 0
14795 3.63
14795 2.16
14795 2
14795 2.88
14795 0
14795 0.05
14795 0.05
14798 1.15
14798 0
14798 3.63
14798 2.16
14798 2
14798 2.88
14798 0
14798 0.05
14798 0.05
14799 1.15
14799 0
14799 3.63
14799 2.16
14799 2
14799 2.88
14799 0
14799 0.05
14799 0.05
14800 1.15
14800 0
14800 3.63
14800 2.16
14800 2
14800 2.88
14800 0
14800 0.05
14800 0.05
14802 1.15
14802 0
14802 3.63
14802 2.16
14802 2
14802 2.88
14802 0
14802 0.05
14802 0.05
14826 1.15
14826 0
14826 3.63
14826 2.16
14826 2
14826 2.88
14826 0
14826 0.05
14826 0.05
14827 1.15
14827 0
14827 3.63
14827 2.16
14827 2
14827 2.88
14827 0
14827 0.05
14827 0.05
14829 1.15
14829 0
14829 3.63
14829 2.16
14829 2
14829 2.88
14829 0
14829 0.05
14829 0.05
14830 1.15
14830 0
14830 3.63
14830 2.16
14830 2
14830 2.88
14830 0
14830 0.05
14830 0.05
14831 1.15
14831 0
14831 3.63
14831 2.16
14831 2
14831 2.88
14831 0
14831 0.05
14831 0.05
14857 1.15
14857 0
14857 3.63
14857 2.16
14857 2
14857 2.88
14857 0
14857 0.05
14857 0.05
14886 1.15
14886 0
14886 3.63
14886 2.16
14886 2
14886 2.88
14886 0
14886 0.05
14886 0.05
14887 1.15
14887 0
14887 3.63
14887 2.16
14887 2
14887 2.88
14887 0
14887 0.05
14887 0.05
14909 1.15
14909 0
14909 3.63
14909 2.16
14909 2
14909 2.88
14909 0
14909 0.05
14909 0.05
14915 1.15
14915 0
14915 3.63
14915 2.16
14915 2
14915 2.88
14915 0
14915 0.05
14915 0.05
14989 1.15
14989 0
14989 3.63
14989 2.16
14989 2
14989 2.88
14989 0
14989 0.05
14989 0.05
14990 1.15
14990 0
14990 3.63
14990 2.16
14990 2
14990 2.88
14990 0
14990 0.05
14990 0.05
15010 1.15
15010 0
15010 3.63
15010 2.16
15010 2
15010 2.88
15010 0
15010 0.05
15010 0.05
15011 1.15
15011 0
15011 3.63
15011 2.16
15011 2
15011 2.88
15011 0
15011 0.05
15011 0.05
15013 1.15
15013 0
15013 3.63
15013 2.16
15013 2
15013 2.88
15013 0
15013 0.05
15013 0.05
15033 1.15
15033 0
15033 3.63
15033 2.16
15033 2
15033 2.88
15033 0
15033 0.05
15033 0.05
15038 1.15
15038 0
15038 3.63
15038 2.16
15038 2
15038 2.88
15038 0
15038 0.05
15038 0.05
15039 1.15
15039 0
15039 3.63
15039 2.16
15039 2
15039 2.88
15039 0
15039 0.05
15039 0.05
15040 1.15
15040 0
15040 3.63
15040 2.16
15040 2
15040 2.88
15040 0
15040 0.05
15040 0.05
15043 1.15
15043 0
15043 3.63
15043 2.16
15043 2
15043 2.88
15043 0
15043 0.05
15043 0.05
15059 1.15
15059 0
15059 3.63
15059 2.16
15059 2
15059 2.88
15059 0
15059 0.05
15059 0.05
15068 1.15
15068 0
15068 3.63
15068 2.16
15068 2
15068 2.88
15068 0
15068 0.05
15068 0.05
15070 1.15
15070 0
15070 3.63
15070 2.16
15070 2
15070 2.88
15070 0
15070 0.05
15070 0.05
15093 1.15
15093 0
15093 3.63
15093 2.16
15093 2
15093 2.88
15093 0
15093 0.05
15093 0.05
15094 1.15
15094 0
15094 3.63
15094 2.16
15094 2
15094 2.88
15094 0
15094 0.05
15094 0.05
15095 1.15
15095 0
15095 3.63
15095 2.16
15095 2
15095 2.88
15095 0
15095 0.05
15095 0.05
15096 1.15
15096 0
15096 3.63
15096 2.16
15096 2
15096 2.88
15096 0
15096 0.05
15096 0.05
15097 1.15
15097 0
15097 3.63
15097 2.16
15097 2
15097 2.88
15097 0
15097 0.05
15097 0.05
15098 1.15
15098 0
15098 3.63
15098 2.16
15098 2
15098 2.88
15098 0
15098 0.05
15098 0.05
15099 1.15
15099 0
15099 3.63
15099 2.16
15099 2
15099 2.88
15099 0
15099 0.05
15099 0.05
15100 1.15
15100 0
15100 3.63
15100 2.16
15100 2
15100 2.88
15100 0
15100 0.05
15100 0.05
15129 1.15
15129 0
15129 3.63
15129 2.16
15129 2
15129 2.88
15129 0
15129 0.05
15129 0.05
15130 1.15
15130 0
15130 3.63
15130 2.16
15130 2
15130 2.88
15130 0
15130 0.05
15130 0.05
15132 1.15
15132 0
15132 3.63
15132 2.16
15132 2
15132 2.88
15132 0
15132 0.05
15132 0.05
15133 1.15
15133 0
15133 3.63
15133 2.16
15133 2
15133 2.88
15133 0
15133 0.05
15133 0.05
15134 1.15
15134 0
15134 3.63
15134 2.16
15134 2
15134 2.88
15134 0
15134 0.05
15134 0.05
15135 1.15
15135 0
15135 3.63
15135 2.16
15135 2
15135 2.88
15135 0
15135 0.05
15135 0.05
15136 1.15
15136 0
15136 3.63
15136 2.16
15136 2
15136 2.88
15136 0
15136 0.05
15136 0.05
15137 1.15
15137 0
15137 3.63
15137 2.16
15137 2
15137 2.88
15137 0
15137 0.05
15137 0.05
15171 1.15
15171 0
15171 3.63
15171 2.16
15171 2
15171 2.88
15171 0
15171 0.05
15171 0.05
15172 1.15
15172 0
15172 3.63
15172 2.16
15172 2
15172 2.88
15172 0
15172 0.05
15172 0.05
15173 1.15
15173 0
15173 3.63
15173 2.16
15173 2
15173 2.88
15173 0
15173 0.05
15173 0.05
15174 1.15
15174 0
15174 3.63
15174 2.16
15174 2
15174 2.88
15174 0
15174 0.05
15174 0.05
15175 1.15
15175 0
15175 3.63
15175 2.16
15175 2
15175 2.88
15175 0
15175 0.05
15175 0.05
15176 1.15
15176 0
15176 3.63
15176 2.16
15176 2
15176 2.88
15176 0
15176 0.05
15176 0.05
15177 1.15
15177 0
15177 3.63
15177 2.16
15177 2
15177 2.88
15177 0
15177 0.05
15177 0.05
15178 1.15
15178 0
15178 3.63
15178 2.16
15178 2
15178 2.88
15178 0
15178 0.05
15178 0.05
15215 1.15
15215 0
15215 3.63
15215 2.16
15215 2
15215 2.88
15215 0
15215 0.05
15215 0.05
15216 1.15
15216 0
15216 3.63
15216 2.16
15216 2
15216 2.88
15216 0
15216 0.05
15216 0.05
15217 1.15
15217 0
15217 3.63
15217 2.16
15217 2
15217 2.88
15217 0
15217 0.05
15217 0.05
15219 1.15
15219 0
15219 3.63
15219 2.16
15219 2
15219 2.88
15219 0
15219 0.05
15219 0.05
15221 1.15
15221 0
15221 3.63
15221 2.16
15221 2
15221 2.88
15221 0
15221 0.05
15221 0.05
15222 1.15
15222 0
15222 3.63
15222 2.16
15222 2
15222 2.88
15222 0
15222 0.05
15222 0.05
15263 1.15
15263 0
15263 3.63
15263 2.16
15263 2
15263 2.88
15263 0
15263 0.05
15263 0.05
15264 1.15
15264 0
15264 3.63
15264 2.16
15264 2
15264 2.88
15264 0
15264 0.05
15264 0.05
15265 1.15
15265 0
15265 3.63
15265 2.16
15265 2
15265 2.88
15265 0
15265 0.05
15265 0.05
15267 1.15
15267 0
15267 3.63
15267 2.16
15267 2
15267 2.88
15267 0
15267 0.05
15267 0.05
15268 1.15
15268 0
15268 3.63
15268 2.16
15268 2
15268 2.88
15268 0
15268 0.05
15268 0.05
15269 1.15
15269 0
15269 3.63
15269 2.16
15269 2
15269 2.88
15269 0
15269 0.05
15269 0.05
15270 1.15
15270 0
15270 3.63
15270 2.16
15270 2
15270 2.88
15270 0
15270 0.05
15270 0.05
15311 1.15
15311 0
15311 3.63
15311 2.16
15311 2
15311 2.88
15311 0
15311 0.05
15311 0.05
15315 1.15
15315 0
15315 3.63
15315 2.16
15315 2
15315 2.88
15315 0
15315 0.05
15315 0.05
15316 1.15
15316 0
15316 3.63
15316 2.16
15316 2
15316 2.88
15316 0
15316 0.05
15316 0.05
15317 1.15
15317 0
15317 3.63
15317 2.16
15317 2
15317 2.88
15317 0
15317 0.05
15317 0.05
15318 1.15
15318 0
15318 3.63
15318 2.16
15318 2
15318 2.88
15318 0
15318 0.05
15318 0.05
15365 1.15
15365 0
15365 3.63
15365 2.16
15365 2
15365 2.88
15365 0
15365 0.05
15365 0.05
15367 1.15
15367 0
15367 3.63
15367 2.16
15367 2
15367 2.88
15367 0
15367 0.05
15367 0.05
15369 1.15
15369 0
15369 3.63
15369 2.16
15369 2
15369 2.88
15369 0
15369 0.05
15369 0.05
15370 1.15
15370 0
15370 3.63
15370 2.16
15370 2
15370 2.88
15370 0
15370 0.05
15370 0.05
15371 1.15
15371 0
15371 3.63
15371 2.16
15371 2
15371 2.88
15371 0
15371 0.05
15371 0.05
15372 1.15
15372 0
15372 3.63
15372 2.16
15372 2
15372 2.88
15372 0
15372 0.05
15372 0.05
15425 1.15
15425 0
15425 3.63
15425 2.16
15425 2
15425 2.88
15425 0
15425 0.05
15425 0.05
15426 1.15
15426 0
15426 3.63
15426 2.16
15426 2
15426 2.88
15426 0
15426 0.05
15426 0.05
15428 1.15
15428 0
15428 3.63
15428 2.16
15428 2
15428 2.88
15428 0
15428 0.05
15428 0.05
15429 1.15
15429 0
15429 3.63
15429 2.16
15429 2
15429 2.88
15429 0
15429 0.05
15429 0.05
15430 1.15
15430 0
15430 3.63
15430 2.16
15430 2
15430 2.88
15430 0
15430 0.05
15430 0.05
15431 1.15
15431 0
15431 3.63
15431 2.16
15431 2
15431 2.88
15431 0
15431 0.05
15431 0.05
15488 1.15
15488 0
15488 3.63
15488 2.16
15488 2
15488 2.88
15488 0
15488 0.05
15488 0.05
15489 1.15
15489 0
15489 3.63
15489 2.16
15489 2
15489 2.88
15489 0
15489 0.05
15489 0.05
15490 1.15
15490 0
15490 3.63
15490 2.16
15490 2
15490 2.88
15490 0
15490 0.05
15490 0.05
15491 1.15
15491 0
15491 3.63
15491 2.16
15491 2
15491 2.88
15491 0
15491 0.05
15491 0.05
15493 1.15
15493 0
15493 3.63
15493 2.16
15493 2
15493 2.88
15493 0
15493 0.05
15493 0.05
15494 1.15
15494 0
15494 3.63
15494 2.16
15494 2
15494 2.88
15494 0
15494 0.05
15494 0.05
15552 1.15
15552 0
15552 3.63
15552 2.16
15552 2
15552 2.88
15552 0
15552 0.05
15552 0.05
15556 1.15
15556 0
15556 3.63
15556 2.16
15556 2
15556 2.88
15556 0
15556 0.05
15556 0.05
15557 1.15
15557 0
15557 3.63
15557 2.16
15557 2
15557 2.88
15557 0
15557 0.05
15557 0.05
15558 1.15
15558 0
15558 3.63
15558 2.16
15558 2
15558 2.88
15558 0
15558 0.05
15558 0.05
15615 1.15
15615 0
15615 3.63
15615 2.16
15615 2
15615 2.88
15615 0
15615 0.05
15615 0.05
15616 1.15
15616 0
15616 3.63
15616 2.16
15616 2
15616 2.88
15616 0
15616 0.05
15616 0.05
15618 1.15
15618 0
15618 3.63
15618 2.16
15618 2
15618 2.88
15618 0
15618 0.05
15618 0.05
15619 1.15
15619 0
15619 3.63
15619 2.16
15619 2
15619 2.88
15619 0
15619 0.05
15619 0.05
15621 1.15
15621 0
15621 3.63
15621 2.16
15621 2
15621 2.88
15621 0
15621 0.05
15621 0.05
15622 1.15
15622 0
15622 3.63
15622 2.16
15622 2
15622 2.88
15622 0
15622 0.05
15622 0.05
15686 1.15
15686 0
15686 3.63
15686 2.16
15686 2
15686 2.88
15686 0
15686 0.05
15686 0.05
15751 1.15
15751 0
15751 3.63
15751 2.16
15751 2
15751 2.88
15751 0
15751 0.05
15751 0.05
15754 1.15
15754 0
15754 3.63
15754 2.16
15754 2
15754 2.88
15754 0
15754 0.05
15754 0.05
15819 1.15
15819 0
15819 3.63
15819 2.16
15819 2
15819 2.88
15819 0
15819 0.05
15819 0.05
15821 1.15
15821 0
15821 3.63
15821 2.16
15821 2
15821 2.88
15821 0
15821 0.05
15821 0.05
15822 1.15
15822 0
15822 3.63
15822 2.16
15822 2
15822 2.88
15822 0
15822 0.05
15822 0.05
15879 1.15
15879 0
15879 3.63
15879 2.16
15879 2
15879 2.88
15879 0
15879 0.05
15879 0.05
15881 1.15
15881 0
15881 3.63
15881 2.16
15881 2
15881 2.88
15881 0
15881 0.05
15881 0.05
15883 1.15
15883 0
15883 3.63
15883 2.16
15883 2
15883 2.88
15883 0
15883 0.05
15883 0.05
15887 1.15
15887 0
15887 3.63
15887 2.16
15887 2
15887 2.88
15887 0
15887 0.05
15887 0.05
15947 1.15
15947 0
15947 3.63
15947 2.16
15947 2
15947 2.88
15947 0
15947 0.05
15947 0.05
15948 1.15
15948 0
15948 3.63
15948 2.16
15948 2
15948 2.88
15948 0
15948 0.05
15948 0.05
15951 1.15
15951 0
15951 3.63
15951 2.16
15951 2
15951 2.88
15951 0
15951 0.05
15951 0.05
15999 1.15
15999 0
15999 3.63
15999 2.16
15999 2
15999 2.88
15999 0
15999 0.05
15999 0.05
16001 1.15
16001 0
16001 3.63
16001 2.16
16001 2
16001 2.88
16001 0
16001 0.05
16001 0.05
16003 1.15
16003 0
16003 3.63
16003 2.16
16003 2
16003 2.88
16003 0
16003 0.05
16003 0.05
16004 1.15
16004 0
16004 3.63
16004 2.16
16004 2
16004 2.88
16004 0
16004 0.05
16004 0.05
16005 1.15
16005 0
16005 3.63
16005 2.16
16005 2
16005 2.88
16005 0
16005 0.05
16005 0.05
16006 1.15
16006 0
16006 3.63
16006 2.16
16006 2
16006 2.88
16006 0
16006 0.05
16006 0.05
16007 1.15
16007 0
16007 3.63
16007 2.16
16007 2
16007 2.88
16007 0
16007 0.05
16007 0.05
16053 1.15
16053 0
16053 3.63
16053 2.16
16053 2
16053 2.88
16053 0
16053 0.05
16053 0.05
16055 1.15
16055 0
16055 3.63
16055 2.16
16055 2
16055 2.88
16055 0
16055 0.05
16055 0.05
16057 1.15
16057 0
16057 3.63
16057 2.16
16057 2
16057 2.88
16057 0
16057 0.05
16057 0.05
16058 1.15
16058 0
16058 3.63
16058 2.16
16058 2
16058 2.88
16058 0
16058 0.05
16058 0.05
16059 1.15
16059 0
16059 3.63
16059 2.16
16059 2
16059 2.88
16059 0
16059 0.05
16059 0.05
16098 1.15
16098 0
16098 3.63
16098 2.16
16098 2
16098 2.88
16098 0
16098 0.05
16098 0.05
16102 1.15
16102 0
16102 3.63
16102 2.16
16102 2
16102 2.88
16102 0
16102 0.05
16102 0.05
16103 1.15
16103 0
16103 3.63
16103 2.16
16103 2
16103 2.88
16103 0
16103 0.05
16103 0.05
16104 1.15
16104 0
16104 3.63
16104 2.16
16104 2
16104 2.88
16104 0
16104 0.05
16104 0.05
16105 1.15
16105 0
16105 3.63
16105 2.16
16105 2
16105 2.88
16105 0
16105 0.05
16105 0.05
16106 1.15
16106 0
16106 3.63
16106 2.16
16106 2
16106 2.88
16106 0
16106 0.05
16106 0.05
16107 1.15
16107 0
16107 3.63
16107 2.16
16107 2
16107 2.88
16107 0
16107 0.05
16107 0.05
16147 1.15
16147 0
16147 3.63
16147 2.16
16147 2
16147 2.88
16147 0
16147 0.05
16147 0.05
16152 1.15
16152 0
16152 3.63
16152 2.16
16152 2
16152 2.88
16152 0
16152 0.05
16152 0.05
16153 1.15
16153 0
16153 3.63
16153 2.16
16153 2
16153 2.88
16153 0
16153 0.05
16153 0.05
16154 1.15
16154 0
16154 3.63
16154 2.16
16154 2
16154 2.88
16154 0
16154 0.05
16154 0.05
16155 1.15
16155 0
16155 3.63
16155 2.16
16155 2
16155 2.88
16155 0
16155 0.05
16155 0.05
16198 1.15
16198 0
16198 3.63
16198 2.16
16198 2
16198 2.88
16198 0
16198 0.05
16198 0.05
16199 1.15
16199 0
16199 3.63
16199 2.16
16199 2
16199 2.88
16199 0
16199 0.05
16199 0.05
16200 1.15
16200 0
16200 3.63
16200 2.16
16200 2
16200 2.88
16200 0
16200 0.05
16200 0.05
16201 1.15
16201 0
16201 3.63
16201 2.16
16201 2
16201 2.88
16201 0
16201 0.05
16201 0.05
16202 1.15
16202 0
16202 3.63
16202 2.16
16202 2
16202 2.88
16202 0
16202 0.05
16202 0.05
16243 1.15
16243 0
16243 3.63
16243 2.16
16243 2
16243 2.88
16243 0
16243 0.05
16243 0.05
16245 1.15
16245 0
16245 3.63
16245 2.16
16245 2
16245 2.88
16245 0
16245 0.05
16245 0.05
16247 1.15
16247 0
16247 3.63
16247 2.16
16247 2
16247 2.88
16247 0
16247 0.05
16247 0.05
16248 1.15
16248 0
16248 3.63
16248 2.16
16248 2
16248 2.88
16248 0
16248 0.05
16248 0.05
16292 1.15
16292 0
16292 3.63
16292 2.16
16292 2
16292 2.88
16292 0
16292 0.05
16292 0.05
16293 1.15
16293 0
16293 3.63
16293 2.16
16293 2
16293 2.88
16293 0
16293 0.05
16293 0.05
16294 1.15
16294 0
16294 3.63
16294 2.16
16294 2
16294 2.88
16294 0
16294 0.05
16294 0.05
16338 1.15
16338 0
16338 3.63
16338 2.16
16338 2
16338 2.88
16338 0
16338 0.05
16338 0.05
16339 1.15
16339 0
16339 3.63
16339 2.16
16339 2
16339 2.88
16339 0
16339 0.05
16339 0.05
16383 1.15
16383 0
16383 3.63
16383 2.16
16383 2
16383 2.88
16383 0
16383 0.05
16383 0.05
16426 1.15
16426 0
16426 3.63
16426 2.16
16426 2
16426 2.88
16426 0
16426 0.05
16426 0.05
