pt_graph scale
10103 1.09
10103 3.9
10103 5.72470588235294
10103 2.56705882352941
10103 2.62411764705882
10103 2.82352941176471
10103 0.0235294117647059
10103 0.888235294117647
10103 0.0670588235294118
10098 1.09
10098 3.9
10098 5.72470588235294
10098 2.56705882352941
10098 2.62411764705882
10098 2.82352941176471
10098 0.0235294117647059
10098 0.888235294117647
10098 0.0670588235294118
10182 1.09
10182 3.9
10182 5.72470588235294
10182 2.56705882352941
10182 2.62411764705882
10182 2.82352941176471
10182 0.0235294117647059
10182 0.888235294117647
10182 0.0670588235294118
10181 1.09
10181 3.9
10181 5.72470588235294
10181 2.56705882352941
10181 2.62411764705882
10181 2.82352941176471
10181 0.0235294117647059
10181 0.888235294117647
10181 0.0670588235294118
10268 1.09
10268 3.9
10268 5.72470588235294
10268 2.56705882352941
10268 2.62411764705882
10268 2.82352941176471
10268 0.0235294117647059
10268 0.888235294117647
10268 0.0670588235294118
10554 1.09
10554 3.9
10554 5.72470588235294
10554 2.56705882352941
10554 2.62411764705882
10554 2.82352941176471
10554 0.0235294117647059
10554 0.888235294117647
10554 0.0670588235294118
10659 1.09
10659 3.9
10659 5.72470588235294
10659 2.56705882352941
10659 2.62411764705882
10659 2.82352941176471
10659 0.0235294117647059
10659 0.888235294117647
10659 0.0670588235294118
10656 1.09
10656 3.9
10656 5.72470588235294
10656 2.56705882352941
10656 2.62411764705882
10656 2.82352941176471
10656 0.0235294117647059
10656 0.888235294117647
10656 0.0670588235294118
10655 1.09
10655 3.9
10655 5.72470588235294
10655 2.56705882352941
10655 2.62411764705882
10655 2.82352941176471
10655 0.0235294117647059
10655 0.888235294117647
10655 0.0670588235294118
10651 1.09
10651 3.9
10651 5.72470588235294
10651 2.56705882352941
10651 2.62411764705882
10651 2.82352941176471
10651 0.0235294117647059
10651 0.888235294117647
10651 0.0670588235294118
10762 1.09
10762 3.9
10762 5.72470588235294
10762 2.56705882352941
10762 2.62411764705882
10762 2.82352941176471
10762 0.0235294117647059
10762 0.888235294117647
10762 0.0670588235294118
10761 1.09
10761 3.9
10761 5.72470588235294
10761 2.56705882352941
10761 2.62411764705882
10761 2.82352941176471
10761 0.0235294117647059
10761 0.888235294117647
10761 0.0670588235294118
10760 1.09
10760 3.9
10760 5.72470588235294
10760 2.56705882352941
10760 2.62411764705882
10760 2.82352941176471
10760 0.0235294117647059
10760 0.888235294117647
10760 0.0670588235294118
10759 1.09
10759 3.9
10759 5.72470588235294
10759 2.56705882352941
10759 2.62411764705882
10759 2.82352941176471
10759 0.0235294117647059
10759 0.888235294117647
10759 0.0670588235294118
10758 1.09
10758 3.9
10758 5.72470588235294
10758 2.56705882352941
10758 2.62411764705882
10758 2.82352941176471
10758 0.0235294117647059
10758 0.888235294117647
10758 0.0670588235294118
10757 1.09
10757 3.9
10757 5.72470588235294
10757 2.56705882352941
10757 2.62411764705882
10757 2.82352941176471
10757 0.0235294117647059
10757 0.888235294117647
10757 0.0670588235294118
10862 1.09
10862 3.9
10862 5.72470588235294
10862 2.56705882352941
10862 2.62411764705882
10862 2.82352941176471
10862 0.0235294117647059
10862 0.888235294117647
10862 0.0670588235294118
10858 1.09
10858 3.9
10858 5.72470588235294
10858 2.56705882352941
10858 2.62411764705882
10858 2.82352941176471
10858 0.0235294117647059
10858 0.888235294117647
10858 0.0670588235294118
10857 1.09
10857 3.9
10857 5.72470588235294
10857 2.56705882352941
10857 2.62411764705882
10857 2.82352941176471
10857 0.0235294117647059
10857 0.888235294117647
10857 0.0670588235294118
10856 1.09
10856 3.9
10856 5.72470588235294
10856 2.56705882352941
10856 2.62411764705882
10856 2.82352941176471
10856 0.0235294117647059
10856 0.888235294117647
10856 0.0670588235294118
10971 1.09
10971 3.9
10971 5.72470588235294
10971 2.56705882352941
10971 2.62411764705882
10971 2.82352941176471
10971 0.0235294117647059
10971 0.888235294117647
10971 0.0670588235294118
10970 1.09
10970 3.9
10970 5.72470588235294
10970 2.56705882352941
10970 2.62411764705882
10970 2.82352941176471
10970 0.0235294117647059
10970 0.888235294117647
10970 0.0670588235294118
10968 1.09
10968 3.9
10968 5.72470588235294
10968 2.56705882352941
10968 2.62411764705882
10968 2.82352941176471
10968 0.0235294117647059
10968 0.888235294117647
10968 0.0670588235294118
10966 1.09
10966 3.9
10966 5.72470588235294
10966 2.56705882352941
10966 2.62411764705882
10966 2.82352941176471
10966 0.0235294117647059
10966 0.888235294117647
10966 0.0670588235294118
10965 1.09
10965 3.9
10965 5.72470588235294
10965 2.56705882352941
10965 2.62411764705882
10965 2.82352941176471
10965 0.0235294117647059
10965 0.888235294117647
10965 0.0670588235294118
10959 1.09
10959 3.9
10959 5.72470588235294
10959 2.56705882352941
10959 2.62411764705882
10959 2.82352941176471
10959 0.0235294117647059
10959 0.888235294117647
10959 0.0670588235294118
11085 1.09
11085 3.9
11085 5.72470588235294
11085 2.56705882352941
11085 2.62411764705882
11085 2.82352941176471
11085 0.0235294117647059
11085 0.888235294117647
11085 0.0670588235294118
11084 1.09
11084 3.9
11084 5.72470588235294
11084 2.56705882352941
11084 2.62411764705882
11084 2.82352941176471
11084 0.0235294117647059
11084 0.888235294117647
11084 0.0670588235294118
11082 1.09
11082 3.9
11082 5.72470588235294
11082 2.56705882352941
11082 2.62411764705882
11082 2.82352941176471
11082 0.0235294117647059
11082 0.888235294117647
11082 0.0670588235294118
11081 1.09
11081 3.9
11081 5.72470588235294
11081 2.56705882352941
11081 2.62411764705882
11081 2.82352941176471
11081 0.0235294117647059
11081 0.888235294117647
11081 0.0670588235294118
11078 1.09
11078 3.9
11078 5.72470588235294
11078 2.56705882352941
11078 2.62411764705882
11078 2.82352941176471
11078 0.0235294117647059
11078 0.888235294117647
11078 0.0670588235294118
11077 1.09
11077 3.9
11077 5.72470588235294
11077 2.56705882352941
11077 2.62411764705882
11077 2.82352941176471
11077 0.0235294117647059
11077 0.888235294117647
11077 0.0670588235294118
11074 1.09
11074 3.9
11074 5.72470588235294
11074 2.56705882352941
11074 2.62411764705882
11074 2.82352941176471
11074 0.0235294117647059
11074 0.888235294117647
11074 0.0670588235294118
11073 1.09
11073 3.9
11073 5.72470588235294
11073 2.56705882352941
11073 2.62411764705882
11073 2.82352941176471
11073 0.0235294117647059
11073 0.888235294117647
11073 0.0670588235294118
11072 1.09
11072 3.9
11072 5.72470588235294
11072 2.56705882352941
11072 2.62411764705882
11072 2.82352941176471
11072 0.0235294117647059
11072 0.888235294117647
11072 0.0670588235294118
11071 1.09
11071 3.9
11071 5.72470588235294
11071 2.56705882352941
11071 2.62411764705882
11071 2.82352941176471
11071 0.0235294117647059
11071 0.888235294117647
11071 0.0670588235294118
11070 1.09
11070 3.9
11070 5.72470588235294
11070 2.56705882352941
11070 2.62411764705882
11070 2.82352941176471
11070 0.0235294117647059
11070 0.888235294117647
11070 0.0670588235294118
11200 1.09
11200 3.9
11200 5.72470588235294
11200 2.56705882352941
11200 2.62411764705882
11200 2.82352941176471
11200 0.0235294117647059
11200 0.888235294117647
11200 0.0670588235294118
11199 1.09
11199 3.9
11199 5.72470588235294
11199 2.56705882352941
11199 2.62411764705882
11199 2.82352941176471
11199 0.0235294117647059
11199 0.888235294117647
11199 0.0670588235294118
11198 1.09
11198 3.9
11198 5.72470588235294
11198 2.56705882352941
11198 2.62411764705882
11198 2.82352941176471
11198 0.0235294117647059
11198 0.888235294117647
11198 0.0670588235294118
11196 1.09
11196 3.9
11196 5.72470588235294
11196 2.56705882352941
11196 2.62411764705882
11196 2.82352941176471
11196 0.0235294117647059
11196 0.888235294117647
11196 0.0670588235294118
11195 1.09
11195 3.9
11195 5.72470588235294
11195 2.56705882352941
11195 2.62411764705882
11195 2.82352941176471
11195 0.0235294117647059
11195 0.888235294117647
11195 0.0670588235294118
11194 1.09
11194 3.9
11194 5.72470588235294
11194 2.56705882352941
11194 2.62411764705882
11194 2.82352941176471
11194 0.0235294117647059
11194 0.888235294117647
11194 0.0670588235294118
11193 1.09
11193 3.9
11193 5.72470588235294
11193 2.56705882352941
11193 2.62411764705882
11193 2.82352941176471
11193 0.0235294117647059
11193 0.888235294117647
11193 0.0670588235294118
11191 1.09
11191 3.9
11191 5.72470588235294
11191 2.56705882352941
11191 2.62411764705882
11191 2.82352941176471
11191 0.0235294117647059
11191 0.888235294117647
11191 0.0670588235294118
11190 1.09
11190 3.9
11190 5.72470588235294
11190 2.56705882352941
11190 2.62411764705882
11190 2.82352941176471
11190 0.0235294117647059
11190 0.888235294117647
11190 0.0670588235294118
11187 1.09
11187 3.9
11187 5.72470588235294
11187 2.56705882352941
11187 2.62411764705882
11187 2.82352941176471
11187 0.0235294117647059
11187 0.888235294117647
11187 0.0670588235294118
11291 1.09
11291 3.9
11291 5.72470588235294
11291 2.56705882352941
11291 2.62411764705882
11291 2.82352941176471
11291 0.0235294117647059
11291 0.888235294117647
11291 0.0670588235294118
11283 1.09
11283 3.9
11283 5.72470588235294
11283 2.56705882352941
11283 2.62411764705882
11283 2.82352941176471
11283 0.0235294117647059
11283 0.888235294117647
11283 0.0670588235294118
11274 1.09
11274 3.9
11274 5.72470588235294
11274 2.56705882352941
11274 2.62411764705882
11274 2.82352941176471
11274 0.0235294117647059
11274 0.888235294117647
11274 0.0670588235294118
11275 1.09
11275 3.9
11275 5.72470588235294
11275 2.56705882352941
11275 2.62411764705882
11275 2.82352941176471
11275 0.0235294117647059
11275 0.888235294117647
11275 0.0670588235294118
11447 1.09
11447 3.9
11447 5.72470588235294
11447 2.56705882352941
11447 2.62411764705882
11447 2.82352941176471
11447 0.0235294117647059
11447 0.888235294117647
11447 0.0670588235294118
11439 1.09
11439 3.9
11439 5.72470588235294
11439 2.56705882352941
11439 2.62411764705882
11439 2.82352941176471
11439 0.0235294117647059
11439 0.888235294117647
11439 0.0670588235294118
11421 1.09
11421 3.9
11421 5.72470588235294
11421 2.56705882352941
11421 2.62411764705882
11421 2.82352941176471
11421 0.0235294117647059
11421 0.888235294117647
11421 0.0670588235294118
11413 1.09
11413 3.9
11413 5.72470588235294
11413 2.56705882352941
11413 2.62411764705882
11413 2.82352941176471
11413 0.0235294117647059
11413 0.888235294117647
11413 0.0670588235294118
11399 1.09
11399 3.9
11399 5.72470588235294
11399 2.56705882352941
11399 2.62411764705882
11399 2.82352941176471
11399 0.0235294117647059
11399 0.888235294117647
11399 0.0670588235294118
11400 1.09
11400 3.9
11400 5.72470588235294
11400 2.56705882352941
11400 2.62411764705882
11400 2.82352941176471
11400 0.0235294117647059
11400 0.888235294117647
11400 0.0670588235294118
11397 1.09
11397 3.9
11397 5.72470588235294
11397 2.56705882352941
11397 2.62411764705882
11397 2.82352941176471
11397 0.0235294117647059
11397 0.888235294117647
11397 0.0670588235294118
11398 1.09
11398 3.9
11398 5.72470588235294
11398 2.56705882352941
11398 2.62411764705882
11398 2.82352941176471
11398 0.0235294117647059
11398 0.888235294117647
11398 0.0670588235294118
11394 1.09
11394 3.9
11394 5.72470588235294
11394 2.56705882352941
11394 2.62411764705882
11394 2.82352941176471
11394 0.0235294117647059
11394 0.888235294117647
11394 0.0670588235294118
11395 1.09
11395 3.9
11395 5.72470588235294
11395 2.56705882352941
11395 2.62411764705882
11395 2.82352941176471
11395 0.0235294117647059
11395 0.888235294117647
11395 0.0670588235294118
11396 1.09
11396 3.9
11396 5.72470588235294
11396 2.56705882352941
11396 2.62411764705882
11396 2.82352941176471
11396 0.0235294117647059
11396 0.888235294117647
11396 0.0670588235294118
11577 1.09
11577 3.9
11577 5.72470588235294
11577 2.56705882352941
11577 2.62411764705882
11577 2.82352941176471
11577 0.0235294117647059
11577 0.888235294117647
11577 0.0670588235294118
11574 1.09
11574 3.9
11574 5.72470588235294
11574 2.56705882352941
11574 2.62411764705882
11574 2.82352941176471
11574 0.0235294117647059
11574 0.888235294117647
11574 0.0670588235294118
11544 1.09
11544 3.9
11544 5.72470588235294
11544 2.56705882352941
11544 2.62411764705882
11544 2.82352941176471
11544 0.0235294117647059
11544 0.888235294117647
11544 0.0670588235294118
11532 1.09
11532 3.9
11532 5.72470588235294
11532 2.56705882352941
11532 2.62411764705882
11532 2.82352941176471
11532 0.0235294117647059
11532 0.888235294117647
11532 0.0670588235294118
11530 1.09
11530 3.9
11530 5.72470588235294
11530 2.56705882352941
11530 2.62411764705882
11530 2.82352941176471
11530 0.0235294117647059
11530 0.888235294117647
11530 0.0670588235294118
11531 1.09
11531 3.9
11531 5.72470588235294
11531 2.56705882352941
11531 2.62411764705882
11531 2.82352941176471
11531 0.0235294117647059
11531 0.888235294117647
11531 0.0670588235294118
11529 1.09
11529 3.9
11529 5.72470588235294
11529 2.56705882352941
11529 2.62411764705882
11529 2.82352941176471
11529 0.0235294117647059
11529 0.888235294117647
11529 0.0670588235294118
11525 1.09
11525 3.9
11525 5.72470588235294
11525 2.56705882352941
11525 2.62411764705882
11525 2.82352941176471
11525 0.0235294117647059
11525 0.888235294117647
11525 0.0670588235294118
11526 1.09
11526 3.9
11526 5.72470588235294
11526 2.56705882352941
11526 2.62411764705882
11526 2.82352941176471
11526 0.0235294117647059
11526 0.888235294117647
11526 0.0670588235294118
11527 1.09
11527 3.9
11527 5.72470588235294
11527 2.56705882352941
11527 2.62411764705882
11527 2.82352941176471
11527 0.0235294117647059
11527 0.888235294117647
11527 0.0670588235294118
11523 1.09
11523 3.9
11523 5.72470588235294
11523 2.56705882352941
11523 2.62411764705882
11523 2.82352941176471
11523 0.0235294117647059
11523 0.888235294117647
11523 0.0670588235294118
11524 1.09
11524 3.9
11524 5.72470588235294
11524 2.56705882352941
11524 2.62411764705882
11524 2.82352941176471
11524 0.0235294117647059
11524 0.888235294117647
11524 0.0670588235294118
11688 1.09
11688 3.9
11688 5.72470588235294
11688 2.56705882352941
11688 2.62411764705882
11688 2.82352941176471
11688 0.0235294117647059
11688 0.888235294117647
11688 0.0670588235294118
11687 1.09
11687 3.9
11687 5.72470588235294
11687 2.56705882352941
11687 2.62411764705882
11687 2.82352941176471
11687 0.0235294117647059
11687 0.888235294117647
11687 0.0670588235294118
11678 1.09
11678 3.9
11678 5.72470588235294
11678 2.56705882352941
11678 2.62411764705882
11678 2.82352941176471
11678 0.0235294117647059
11678 0.888235294117647
11678 0.0670588235294118
11674 1.09
11674 3.9
11674 5.72470588235294
11674 2.56705882352941
11674 2.62411764705882
11674 2.82352941176471
11674 0.0235294117647059
11674 0.888235294117647
11674 0.0670588235294118
11659 1.09
11659 3.9
11659 5.72470588235294
11659 2.56705882352941
11659 2.62411764705882
11659 2.82352941176471
11659 0.0235294117647059
11659 0.888235294117647
11659 0.0670588235294118
11660 1.09
11660 3.9
11660 5.72470588235294
11660 2.56705882352941
11660 2.62411764705882
11660 2.82352941176471
11660 0.0235294117647059
11660 0.888235294117647
11660 0.0670588235294118
11657 1.09
11657 3.9
11657 5.72470588235294
11657 2.56705882352941
11657 2.62411764705882
11657 2.82352941176471
11657 0.0235294117647059
11657 0.888235294117647
11657 0.0670588235294118
11658 1.09
11658 3.9
11658 5.72470588235294
11658 2.56705882352941
11658 2.62411764705882
11658 2.82352941176471
11658 0.0235294117647059
11658 0.888235294117647
11658 0.0670588235294118
11655 1.09
11655 3.9
11655 5.72470588235294
11655 2.56705882352941
11655 2.62411764705882
11655 2.82352941176471
11655 0.0235294117647059
11655 0.888235294117647
11655 0.0670588235294118
11656 1.09
11656 3.9
11656 5.72470588235294
11656 2.56705882352941
11656 2.62411764705882
11656 2.82352941176471
11656 0.0235294117647059
11656 0.888235294117647
11656 0.0670588235294118
11652 1.09
11652 3.9
11652 5.72470588235294
11652 2.56705882352941
11652 2.62411764705882
11652 2.82352941176471
11652 0.0235294117647059
11652 0.888235294117647
11652 0.0670588235294118
11653 1.09
11653 3.9
11653 5.72470588235294
11653 2.56705882352941
11653 2.62411764705882
11653 2.82352941176471
11653 0.0235294117647059
11653 0.888235294117647
11653 0.0670588235294118
11654 1.09
11654 3.9
11654 5.72470588235294
11654 2.56705882352941
11654 2.62411764705882
11654 2.82352941176471
11654 0.0235294117647059
11654 0.888235294117647
11654 0.0670588235294118
11648 1.09
11648 3.9
11648 5.72470588235294
11648 2.56705882352941
11648 2.62411764705882
11648 2.82352941176471
11648 0.0235294117647059
11648 0.888235294117647
11648 0.0670588235294118
11649 1.09
11649 3.9
11649 5.72470588235294
11649 2.56705882352941
11649 2.62411764705882
11649 2.82352941176471
11649 0.0235294117647059
11649 0.888235294117647
11649 0.0670588235294118
11650 1.09
11650 3.9
11650 5.72470588235294
11650 2.56705882352941
11650 2.62411764705882
11650 2.82352941176471
11650 0.0235294117647059
11650 0.888235294117647
11650 0.0670588235294118
11651 1.09
11651 3.9
11651 5.72470588235294
11651 2.56705882352941
11651 2.62411764705882
11651 2.82352941176471
11651 0.0235294117647059
11651 0.888235294117647
11651 0.0670588235294118
11815 1.09
11815 3.9
11815 5.72470588235294
11815 2.56705882352941
11815 2.62411764705882
11815 2.82352941176471
11815 0.0235294117647059
11815 0.888235294117647
11815 0.0670588235294118
11814 1.09
11814 3.9
11814 5.72470588235294
11814 2.56705882352941
11814 2.62411764705882
11814 2.82352941176471
11814 0.0235294117647059
11814 0.888235294117647
11814 0.0670588235294118
11812 1.09
11812 3.9
11812 5.72470588235294
11812 2.56705882352941
11812 2.62411764705882
11812 2.82352941176471
11812 0.0235294117647059
11812 0.888235294117647
11812 0.0670588235294118
11808 1.09
11808 3.9
11808 5.72470588235294
11808 2.56705882352941
11808 2.62411764705882
11808 2.82352941176471
11808 0.0235294117647059
11808 0.888235294117647
11808 0.0670588235294118
11804 1.09
11804 3.9
11804 5.72470588235294
11804 2.56705882352941
11804 2.62411764705882
11804 2.82352941176471
11804 0.0235294117647059
11804 0.888235294117647
11804 0.0670588235294118
11791 1.09
11791 3.9
11791 5.72470588235294
11791 2.56705882352941
11791 2.62411764705882
11791 2.82352941176471
11791 0.0235294117647059
11791 0.888235294117647
11791 0.0670588235294118
11789 1.09
11789 3.9
11789 5.72470588235294
11789 2.56705882352941
11789 2.62411764705882
11789 2.82352941176471
11789 0.0235294117647059
11789 0.888235294117647
11789 0.0670588235294118
11790 1.09
11790 3.9
11790 5.72470588235294
11790 2.56705882352941
11790 2.62411764705882
11790 2.82352941176471
11790 0.0235294117647059
11790 0.888235294117647
11790 0.0670588235294118
11787 1.09
11787 3.9
11787 5.72470588235294
11787 2.56705882352941
11787 2.62411764705882
11787 2.82352941176471
11787 0.0235294117647059
11787 0.888235294117647
11787 0.0670588235294118
11788 1.09
11788 3.9
11788 5.72470588235294
11788 2.56705882352941
11788 2.62411764705882
11788 2.82352941176471
11788 0.0235294117647059
11788 0.888235294117647
11788 0.0670588235294118
11785 1.09
11785 3.9
11785 5.72470588235294
11785 2.56705882352941
11785 2.62411764705882
11785 2.82352941176471
11785 0.0235294117647059
11785 0.888235294117647
11785 0.0670588235294118
11786 1.09
11786 3.9
11786 5.72470588235294
11786 2.56705882352941
11786 2.62411764705882
11786 2.82352941176471
11786 0.0235294117647059
11786 0.888235294117647
11786 0.0670588235294118
11782 1.09
11782 3.9
11782 5.72470588235294
11782 2.56705882352941
11782 2.62411764705882
11782 2.82352941176471
11782 0.0235294117647059
11782 0.888235294117647
11782 0.0670588235294118
11783 1.09
11783 3.9
11783 5.72470588235294
11783 2.56705882352941
11783 2.62411764705882
11783 2.82352941176471
11783 0.0235294117647059
11783 0.888235294117647
11783 0.0670588235294118
11784 1.09
11784 3.9
11784 5.72470588235294
11784 2.56705882352941
11784 2.62411764705882
11784 2.82352941176471
11784 0.0235294117647059
11784 0.888235294117647
11784 0.0670588235294118
11780 1.09
11780 3.9
11780 5.72470588235294
11780 2.56705882352941
11780 2.62411764705882
11780 2.82352941176471
11780 0.0235294117647059
11780 0.888235294117647
11780 0.0670588235294118
11781 1.09
11781 3.9
11781 5.72470588235294
11781 2.56705882352941
11781 2.62411764705882
11781 2.82352941176471
11781 0.0235294117647059
11781 0.888235294117647
11781 0.0670588235294118
11946 1.09
11946 3.9
11946 5.72470588235294
11946 2.56705882352941
11946 2.62411764705882
11946 2.82352941176471
11946 0.0235294117647059
11946 0.888235294117647
11946 0.0670588235294118
11944 1.09
11944 3.9
11944 5.72470588235294
11944 2.56705882352941
11944 2.62411764705882
11944 2.82352941176471
11944 0.0235294117647059
11944 0.888235294117647
11944 0.0670588235294118
11943 1.09
11943 3.9
11943 5.72470588235294
11943 2.56705882352941
11943 2.62411764705882
11943 2.82352941176471
11943 0.0235294117647059
11943 0.888235294117647
11943 0.0670588235294118
11942 1.09
11942 3.9
11942 5.72470588235294
11942 2.56705882352941
11942 2.62411764705882
11942 2.82352941176471
11942 0.0235294117647059
11942 0.888235294117647
11942 0.0670588235294118
11936 1.09
11936 3.9
11936 5.72470588235294
11936 2.56705882352941
11936 2.62411764705882
11936 2.82352941176471
11936 0.0235294117647059
11936 0.888235294117647
11936 0.0670588235294118
11933 1.09
11933 3.9
11933 5.72470588235294
11933 2.56705882352941
11933 2.62411764705882
11933 2.82352941176471
11933 0.0235294117647059
11933 0.888235294117647
11933 0.0670588235294118
11921 1.09
11921 3.9
11921 5.72470588235294
11921 2.56705882352941
11921 2.62411764705882
11921 2.82352941176471
11921 0.0235294117647059
11921 0.888235294117647
11921 0.0670588235294118
11919 1.09
11919 3.9
11919 5.72470588235294
11919 2.56705882352941
11919 2.62411764705882
11919 2.82352941176471
11919 0.0235294117647059
11919 0.888235294117647
11919 0.0670588235294118
11920 1.09
11920 3.9
11920 5.72470588235294
11920 2.56705882352941
11920 2.62411764705882
11920 2.82352941176471
11920 0.0235294117647059
11920 0.888235294117647
11920 0.0670588235294118
11917 1.09
11917 3.9
11917 5.72470588235294
11917 2.56705882352941
11917 2.62411764705882
11917 2.82352941176471
11917 0.0235294117647059
11917 0.888235294117647
11917 0.0670588235294118
11918 1.09
11918 3.9
11918 5.72470588235294
11918 2.56705882352941
11918 2.62411764705882
11918 2.82352941176471
11918 0.0235294117647059
11918 0.888235294117647
11918 0.0670588235294118
11915 1.09
11915 3.9
11915 5.72470588235294
11915 2.56705882352941
11915 2.62411764705882
11915 2.82352941176471
11915 0.0235294117647059
11915 0.888235294117647
11915 0.0670588235294118
11916 1.09
11916 3.9
11916 5.72470588235294
11916 2.56705882352941
11916 2.62411764705882
11916 2.82352941176471
11916 0.0235294117647059
11916 0.888235294117647
11916 0.0670588235294118
11911 1.09
11911 3.9
11911 5.72470588235294
11911 2.56705882352941
11911 2.62411764705882
11911 2.82352941176471
11911 0.0235294117647059
11911 0.888235294117647
11911 0.0670588235294118
11912 1.09
11912 3.9
11912 5.72470588235294
11912 2.56705882352941
11912 2.62411764705882
11912 2.82352941176471
11912 0.0235294117647059
11912 0.888235294117647
11912 0.0670588235294118
11913 1.09
11913 3.9
11913 5.72470588235294
11913 2.56705882352941
11913 2.62411764705882
11913 2.82352941176471
11913 0.0235294117647059
11913 0.888235294117647
11913 0.0670588235294118
11914 1.09
11914 3.9
11914 5.72470588235294
11914 2.56705882352941
11914 2.62411764705882
11914 2.82352941176471
11914 0.0235294117647059
11914 0.888235294117647
11914 0.0670588235294118
11908 1.09
11908 3.9
11908 5.72470588235294
11908 2.56705882352941
11908 2.62411764705882
11908 2.82352941176471
11908 0.0235294117647059
11908 0.888235294117647
11908 0.0670588235294118
11909 1.09
11909 3.9
11909 5.72470588235294
11909 2.56705882352941
11909 2.62411764705882
11909 2.82352941176471
11909 0.0235294117647059
11909 0.888235294117647
11909 0.0670588235294118
11910 1.09
11910 3.9
11910 5.72470588235294
11910 2.56705882352941
11910 2.62411764705882
11910 2.82352941176471
11910 0.0235294117647059
11910 0.888235294117647
11910 0.0670588235294118
12071 1.09
12071 3.9
12071 5.72470588235294
12071 2.56705882352941
12071 2.62411764705882
12071 2.82352941176471
12071 0.0235294117647059
12071 0.888235294117647
12071 0.0670588235294118
12069 1.09
12069 3.9
12069 5.72470588235294
12069 2.56705882352941
12069 2.62411764705882
12069 2.82352941176471
12069 0.0235294117647059
12069 0.888235294117647
12069 0.0670588235294118
12067 1.09
12067 3.9
12067 5.72470588235294
12067 2.56705882352941
12067 2.62411764705882
12067 2.82352941176471
12067 0.0235294117647059
12067 0.888235294117647
12067 0.0670588235294118
12065 1.09
12065 3.9
12065 5.72470588235294
12065 2.56705882352941
12065 2.62411764705882
12065 2.82352941176471
12065 0.0235294117647059
12065 0.888235294117647
12065 0.0670588235294118
12064 1.09
12064 3.9
12064 5.72470588235294
12064 2.56705882352941
12064 2.62411764705882
12064 2.82352941176471
12064 0.0235294117647059
12064 0.888235294117647
12064 0.0670588235294118
12062 1.09
12062 3.9
12062 5.72470588235294
12062 2.56705882352941
12062 2.62411764705882
12062 2.82352941176471
12062 0.0235294117647059
12062 0.888235294117647
12062 0.0670588235294118
12060 1.09
12060 3.9
12060 5.72470588235294
12060 2.56705882352941
12060 2.62411764705882
12060 2.82352941176471
12060 0.0235294117647059
12060 0.888235294117647
12060 0.0670588235294118
12058 1.09
12058 3.9
12058 5.72470588235294
12058 2.56705882352941
12058 2.62411764705882
12058 2.82352941176471
12058 0.0235294117647059
12058 0.888235294117647
12058 0.0670588235294118
12057 1.09
12057 3.9
12057 5.72470588235294
12057 2.56705882352941
12057 2.62411764705882
12057 2.82352941176471
12057 0.0235294117647059
12057 0.888235294117647
12057 0.0670588235294118
12056 1.09
12056 3.9
12056 5.72470588235294
12056 2.56705882352941
12056 2.62411764705882
12056 2.82352941176471
12056 0.0235294117647059
12056 0.888235294117647
12056 0.0670588235294118
12045 1.09
12045 3.9
12045 5.72470588235294
12045 2.56705882352941
12045 2.62411764705882
12045 2.82352941176471
12045 0.0235294117647059
12045 0.888235294117647
12045 0.0670588235294118
12046 1.09
12046 3.9
12046 5.72470588235294
12046 2.56705882352941
12046 2.62411764705882
12046 2.82352941176471
12046 0.0235294117647059
12046 0.888235294117647
12046 0.0670588235294118
12043 1.09
12043 3.9
12043 5.72470588235294
12043 2.56705882352941
12043 2.62411764705882
12043 2.82352941176471
12043 0.0235294117647059
12043 0.888235294117647
12043 0.0670588235294118
12044 1.09
12044 3.9
12044 5.72470588235294
12044 2.56705882352941
12044 2.62411764705882
12044 2.82352941176471
12044 0.0235294117647059
12044 0.888235294117647
12044 0.0670588235294118
12041 1.09
12041 3.9
12041 5.72470588235294
12041 2.56705882352941
12041 2.62411764705882
12041 2.82352941176471
12041 0.0235294117647059
12041 0.888235294117647
12041 0.0670588235294118
12038 1.09
12038 3.9
12038 5.72470588235294
12038 2.56705882352941
12038 2.62411764705882
12038 2.82352941176471
12038 0.0235294117647059
12038 0.888235294117647
12038 0.0670588235294118
12040 1.09
12040 3.9
12040 5.72470588235294
12040 2.56705882352941
12040 2.62411764705882
12040 2.82352941176471
12040 0.0235294117647059
12040 0.888235294117647
12040 0.0670588235294118
12035 1.09
12035 3.9
12035 5.72470588235294
12035 2.56705882352941
12035 2.62411764705882
12035 2.82352941176471
12035 0.0235294117647059
12035 0.888235294117647
12035 0.0670588235294118
12036 1.09
12036 3.9
12036 5.72470588235294
12036 2.56705882352941
12036 2.62411764705882
12036 2.82352941176471
12036 0.0235294117647059
12036 0.888235294117647
12036 0.0670588235294118
12037 1.09
12037 3.9
12037 5.72470588235294
12037 2.56705882352941
12037 2.62411764705882
12037 2.82352941176471
12037 0.0235294117647059
12037 0.888235294117647
12037 0.0670588235294118
12030 1.09
12030 3.9
12030 5.72470588235294
12030 2.56705882352941
12030 2.62411764705882
12030 2.82352941176471
12030 0.0235294117647059
12030 0.888235294117647
12030 0.0670588235294118
12031 1.09
12031 3.9
12031 5.72470588235294
12031 2.56705882352941
12031 2.62411764705882
12031 2.82352941176471
12031 0.0235294117647059
12031 0.888235294117647
12031 0.0670588235294118
12032 1.09
12032 3.9
12032 5.72470588235294
12032 2.56705882352941
12032 2.62411764705882
12032 2.82352941176471
12032 0.0235294117647059
12032 0.888235294117647
12032 0.0670588235294118
12033 1.09
12033 3.9
12033 5.72470588235294
12033 2.56705882352941
12033 2.62411764705882
12033 2.82352941176471
12033 0.0235294117647059
12033 0.888235294117647
12033 0.0670588235294118
12034 1.09
12034 3.9
12034 5.72470588235294
12034 2.56705882352941
12034 2.62411764705882
12034 2.82352941176471
12034 0.0235294117647059
12034 0.888235294117647
12034 0.0670588235294118
12025 1.09
12025 3.9
12025 5.72470588235294
12025 2.56705882352941
12025 2.62411764705882
12025 2.82352941176471
12025 0.0235294117647059
12025 0.888235294117647
12025 0.0670588235294118
12026 1.09
12026 3.9
12026 5.72470588235294
12026 2.56705882352941
12026 2.62411764705882
12026 2.82352941176471
12026 0.0235294117647059
12026 0.888235294117647
12026 0.0670588235294118
12027 1.09
12027 3.9
12027 5.72470588235294
12027 2.56705882352941
12027 2.62411764705882
12027 2.82352941176471
12027 0.0235294117647059
12027 0.888235294117647
12027 0.0670588235294118
12029 1.09
12029 3.9
12029 5.72470588235294
12029 2.56705882352941
12029 2.62411764705882
12029 2.82352941176471
12029 0.0235294117647059
12029 0.888235294117647
12029 0.0670588235294118
12200 1.09
12200 3.9
12200 5.72470588235294
12200 2.56705882352941
12200 2.62411764705882
12200 2.82352941176471
12200 0.0235294117647059
12200 0.888235294117647
12200 0.0670588235294118
12196 1.09
12196 3.9
12196 5.72470588235294
12196 2.56705882352941
12196 2.62411764705882
12196 2.82352941176471
12196 0.0235294117647059
12196 0.888235294117647
12196 0.0670588235294118
12193 1.09
12193 3.9
12193 5.72470588235294
12193 2.56705882352941
12193 2.62411764705882
12193 2.82352941176471
12193 0.0235294117647059
12193 0.888235294117647
12193 0.0670588235294118
12186 1.09
12186 3.9
12186 5.72470588235294
12186 2.56705882352941
12186 2.62411764705882
12186 2.82352941176471
12186 0.0235294117647059
12186 0.888235294117647
12186 0.0670588235294118
12183 1.09
12183 3.9
12183 5.72470588235294
12183 2.56705882352941
12183 2.62411764705882
12183 2.82352941176471
12183 0.0235294117647059
12183 0.888235294117647
12183 0.0670588235294118
12182 1.09
12182 3.9
12182 5.72470588235294
12182 2.56705882352941
12182 2.62411764705882
12182 2.82352941176471
12182 0.0235294117647059
12182 0.888235294117647
12182 0.0670588235294118
12181 1.09
12181 3.9
12181 5.72470588235294
12181 2.56705882352941
12181 2.62411764705882
12181 2.82352941176471
12181 0.0235294117647059
12181 0.888235294117647
12181 0.0670588235294118
12180 1.09
12180 3.9
12180 5.72470588235294
12180 2.56705882352941
12180 2.62411764705882
12180 2.82352941176471
12180 0.0235294117647059
12180 0.888235294117647
12180 0.0670588235294118
12167 1.09
12167 3.9
12167 5.72470588235294
12167 2.56705882352941
12167 2.62411764705882
12167 2.82352941176471
12167 0.0235294117647059
12167 0.888235294117647
12167 0.0670588235294118
12168 1.09
12168 3.9
12168 5.72470588235294
12168 2.56705882352941
12168 2.62411764705882
12168 2.82352941176471
12168 0.0235294117647059
12168 0.888235294117647
12168 0.0670588235294118
12165 1.09
12165 3.9
12165 5.72470588235294
12165 2.56705882352941
12165 2.62411764705882
12165 2.82352941176471
12165 0.0235294117647059
12165 0.888235294117647
12165 0.0670588235294118
12166 1.09
12166 3.9
12166 5.72470588235294
12166 2.56705882352941
12166 2.62411764705882
12166 2.82352941176471
12166 0.0235294117647059
12166 0.888235294117647
12166 0.0670588235294118
12164 1.09
12164 3.9
12164 5.72470588235294
12164 2.56705882352941
12164 2.62411764705882
12164 2.82352941176471
12164 0.0235294117647059
12164 0.888235294117647
12164 0.0670588235294118
12162 1.09
12162 3.9
12162 5.72470588235294
12162 2.56705882352941
12162 2.62411764705882
12162 2.82352941176471
12162 0.0235294117647059
12162 0.888235294117647
12162 0.0670588235294118
12151 1.09
12151 3.9
12151 5.72470588235294
12151 2.56705882352941
12151 2.62411764705882
12151 2.82352941176471
12151 0.0235294117647059
12151 0.888235294117647
12151 0.0670588235294118
12152 1.09
12152 3.9
12152 5.72470588235294
12152 2.56705882352941
12152 2.62411764705882
12152 2.82352941176471
12152 0.0235294117647059
12152 0.888235294117647
12152 0.0670588235294118
12153 1.09
12153 3.9
12153 5.72470588235294
12153 2.56705882352941
12153 2.62411764705882
12153 2.82352941176471
12153 0.0235294117647059
12153 0.888235294117647
12153 0.0670588235294118
12154 1.09
12154 3.9
12154 5.72470588235294
12154 2.56705882352941
12154 2.62411764705882
12154 2.82352941176471
12154 0.0235294117647059
12154 0.888235294117647
12154 0.0670588235294118
12155 1.09
12155 3.9
12155 5.72470588235294
12155 2.56705882352941
12155 2.62411764705882
12155 2.82352941176471
12155 0.0235294117647059
12155 0.888235294117647
12155 0.0670588235294118
12148 1.09
12148 3.9
12148 5.72470588235294
12148 2.56705882352941
12148 2.62411764705882
12148 2.82352941176471
12148 0.0235294117647059
12148 0.888235294117647
12148 0.0670588235294118
12149 1.09
12149 3.9
12149 5.72470588235294
12149 2.56705882352941
12149 2.62411764705882
12149 2.82352941176471
12149 0.0235294117647059
12149 0.888235294117647
12149 0.0670588235294118
12150 1.09
12150 3.9
12150 5.72470588235294
12150 2.56705882352941
12150 2.62411764705882
12150 2.82352941176471
12150 0.0235294117647059
12150 0.888235294117647
12150 0.0670588235294118
12329 1.09
12329 3.9
12329 5.72470588235294
12329 2.56705882352941
12329 2.62411764705882
12329 2.82352941176471
12329 0.0235294117647059
12329 0.888235294117647
12329 0.0670588235294118
12328 1.09
12328 3.9
12328 5.72470588235294
12328 2.56705882352941
12328 2.62411764705882
12328 2.82352941176471
12328 0.0235294117647059
12328 0.888235294117647
12328 0.0670588235294118
12322 1.09
12322 3.9
12322 5.72470588235294
12322 2.56705882352941
12322 2.62411764705882
12322 2.82352941176471
12322 0.0235294117647059
12322 0.888235294117647
12322 0.0670588235294118
12316 1.09
12316 3.9
12316 5.72470588235294
12316 2.56705882352941
12316 2.62411764705882
12316 2.82352941176471
12316 0.0235294117647059
12316 0.888235294117647
12316 0.0670588235294118
12315 1.09
12315 3.9
12315 5.72470588235294
12315 2.56705882352941
12315 2.62411764705882
12315 2.82352941176471
12315 0.0235294117647059
12315 0.888235294117647
12315 0.0670588235294118
12312 1.09
12312 3.9
12312 5.72470588235294
12312 2.56705882352941
12312 2.62411764705882
12312 2.82352941176471
12312 0.0235294117647059
12312 0.888235294117647
12312 0.0670588235294118
12310 1.09
12310 3.9
12310 5.72470588235294
12310 2.56705882352941
12310 2.62411764705882
12310 2.82352941176471
12310 0.0235294117647059
12310 0.888235294117647
12310 0.0670588235294118
12309 1.09
12309 3.9
12309 5.72470588235294
12309 2.56705882352941
12309 2.62411764705882
12309 2.82352941176471
12309 0.0235294117647059
12309 0.888235294117647
12309 0.0670588235294118
12306 1.09
12306 3.9
12306 5.72470588235294
12306 2.56705882352941
12306 2.62411764705882
12306 2.82352941176471
12306 0.0235294117647059
12306 0.888235294117647
12306 0.0670588235294118
12305 1.09
12305 3.9
12305 5.72470588235294
12305 2.56705882352941
12305 2.62411764705882
12305 2.82352941176471
12305 0.0235294117647059
12305 0.888235294117647
12305 0.0670588235294118
12304 1.09
12304 3.9
12304 5.72470588235294
12304 2.56705882352941
12304 2.62411764705882
12304 2.82352941176471
12304 0.0235294117647059
12304 0.888235294117647
12304 0.0670588235294118
12293 1.09
12293 3.9
12293 5.72470588235294
12293 2.56705882352941
12293 2.62411764705882
12293 2.82352941176471
12293 0.0235294117647059
12293 0.888235294117647
12293 0.0670588235294118
12291 1.09
12291 3.9
12291 5.72470588235294
12291 2.56705882352941
12291 2.62411764705882
12291 2.82352941176471
12291 0.0235294117647059
12291 0.888235294117647
12291 0.0670588235294118
12292 1.09
12292 3.9
12292 5.72470588235294
12292 2.56705882352941
12292 2.62411764705882
12292 2.82352941176471
12292 0.0235294117647059
12292 0.888235294117647
12292 0.0670588235294118
12290 1.09
12290 3.9
12290 5.72470588235294
12290 2.56705882352941
12290 2.62411764705882
12290 2.82352941176471
12290 0.0235294117647059
12290 0.888235294117647
12290 0.0670588235294118
12287 1.09
12287 3.9
12287 5.72470588235294
12287 2.56705882352941
12287 2.62411764705882
12287 2.82352941176471
12287 0.0235294117647059
12287 0.888235294117647
12287 0.0670588235294118
12288 1.09
12288 3.9
12288 5.72470588235294
12288 2.56705882352941
12288 2.62411764705882
12288 2.82352941176471
12288 0.0235294117647059
12288 0.888235294117647
12288 0.0670588235294118
12275 1.09
12275 3.9
12275 5.72470588235294
12275 2.56705882352941
12275 2.62411764705882
12275 2.82352941176471
12275 0.0235294117647059
12275 0.888235294117647
12275 0.0670588235294118
12276 1.09
12276 3.9
12276 5.72470588235294
12276 2.56705882352941
12276 2.62411764705882
12276 2.82352941176471
12276 0.0235294117647059
12276 0.888235294117647
12276 0.0670588235294118
12277 1.09
12277 3.9
12277 5.72470588235294
12277 2.56705882352941
12277 2.62411764705882
12277 2.82352941176471
12277 0.0235294117647059
12277 0.888235294117647
12277 0.0670588235294118
12278 1.09
12278 3.9
12278 5.72470588235294
12278 2.56705882352941
12278 2.62411764705882
12278 2.82352941176471
12278 0.0235294117647059
12278 0.888235294117647
12278 0.0670588235294118
12466 1.09
12466 3.9
12466 5.72470588235294
12466 2.56705882352941
12466 2.62411764705882
12466 2.82352941176471
12466 0.0235294117647059
12466 0.888235294117647
12466 0.0670588235294118
12464 1.09
12464 3.9
12464 5.72470588235294
12464 2.56705882352941
12464 2.62411764705882
12464 2.82352941176471
12464 0.0235294117647059
12464 0.888235294117647
12464 0.0670588235294118
12463 1.09
12463 3.9
12463 5.72470588235294
12463 2.56705882352941
12463 2.62411764705882
12463 2.82352941176471
12463 0.0235294117647059
12463 0.888235294117647
12463 0.0670588235294118
12461 1.09
12461 3.9
12461 5.72470588235294
12461 2.56705882352941
12461 2.62411764705882
12461 2.82352941176471
12461 0.0235294117647059
12461 0.888235294117647
12461 0.0670588235294118
12455 1.09
12455 3.9
12455 5.72470588235294
12455 2.56705882352941
12455 2.62411764705882
12455 2.82352941176471
12455 0.0235294117647059
12455 0.888235294117647
12455 0.0670588235294118
12454 1.09
12454 3.9
12454 5.72470588235294
12454 2.56705882352941
12454 2.62411764705882
12454 2.82352941176471
12454 0.0235294117647059
12454 0.888235294117647
12454 0.0670588235294118
12451 1.09
12451 3.9
12451 5.72470588235294
12451 2.56705882352941
12451 2.62411764705882
12451 2.82352941176471
12451 0.0235294117647059
12451 0.888235294117647
12451 0.0670588235294118
12442 1.09
12442 3.9
12442 5.72470588235294
12442 2.56705882352941
12442 2.62411764705882
12442 2.82352941176471
12442 0.0235294117647059
12442 0.888235294117647
12442 0.0670588235294118
12439 1.09
12439 3.9
12439 5.72470588235294
12439 2.56705882352941
12439 2.62411764705882
12439 2.82352941176471
12439 0.0235294117647059
12439 0.888235294117647
12439 0.0670588235294118
12424 1.09
12424 3.9
12424 5.72470588235294
12424 2.56705882352941
12424 2.62411764705882
12424 2.82352941176471
12424 0.0235294117647059
12424 0.888235294117647
12424 0.0670588235294118
12421 1.09
12421 3.9
12421 5.72470588235294
12421 2.56705882352941
12421 2.62411764705882
12421 2.82352941176471
12421 0.0235294117647059
12421 0.888235294117647
12421 0.0670588235294118
12422 1.09
12422 3.9
12422 5.72470588235294
12422 2.56705882352941
12422 2.62411764705882
12422 2.82352941176471
12422 0.0235294117647059
12422 0.888235294117647
12422 0.0670588235294118
12419 1.09
12419 3.9
12419 5.72470588235294
12419 2.56705882352941
12419 2.62411764705882
12419 2.82352941176471
12419 0.0235294117647059
12419 0.888235294117647
12419 0.0670588235294118
12420 1.09
12420 3.9
12420 5.72470588235294
12420 2.56705882352941
12420 2.62411764705882
12420 2.82352941176471
12420 0.0235294117647059
12420 0.888235294117647
12420 0.0670588235294118
12418 1.09
12418 3.9
12418 5.72470588235294
12418 2.56705882352941
12418 2.62411764705882
12418 2.82352941176471
12418 0.0235294117647059
12418 0.888235294117647
12418 0.0670588235294118
12409 1.09
12409 3.9
12409 5.72470588235294
12409 2.56705882352941
12409 2.62411764705882
12409 2.82352941176471
12409 0.0235294117647059
12409 0.888235294117647
12409 0.0670588235294118
12588 1.09
12588 3.9
12588 5.72470588235294
12588 2.56705882352941
12588 2.62411764705882
12588 2.82352941176471
12588 0.0235294117647059
12588 0.888235294117647
12588 0.0670588235294118
12587 1.09
12587 3.9
12587 5.72470588235294
12587 2.56705882352941
12587 2.62411764705882
12587 2.82352941176471
12587 0.0235294117647059
12587 0.888235294117647
12587 0.0670588235294118
12586 1.09
12586 3.9
12586 5.72470588235294
12586 2.56705882352941
12586 2.62411764705882
12586 2.82352941176471
12586 0.0235294117647059
12586 0.888235294117647
12586 0.0670588235294118
12583 1.09
12583 3.9
12583 5.72470588235294
12583 2.56705882352941
12583 2.62411764705882
12583 2.82352941176471
12583 0.0235294117647059
12583 0.888235294117647
12583 0.0670588235294118
12576 1.09
12576 3.9
12576 5.72470588235294
12576 2.56705882352941
12576 2.62411764705882
12576 2.82352941176471
12576 0.0235294117647059
12576 0.888235294117647
12576 0.0670588235294118
12575 1.09
12575 3.9
12575 5.72470588235294
12575 2.56705882352941
12575 2.62411764705882
12575 2.82352941176471
12575 0.0235294117647059
12575 0.888235294117647
12575 0.0670588235294118
12574 1.09
12574 3.9
12574 5.72470588235294
12574 2.56705882352941
12574 2.62411764705882
12574 2.82352941176471
12574 0.0235294117647059
12574 0.888235294117647
12574 0.0670588235294118
12573 1.09
12573 3.9
12573 5.72470588235294
12573 2.56705882352941
12573 2.62411764705882
12573 2.82352941176471
12573 0.0235294117647059
12573 0.888235294117647
12573 0.0670588235294118
12572 1.09
12572 3.9
12572 5.72470588235294
12572 2.56705882352941
12572 2.62411764705882
12572 2.82352941176471
12572 0.0235294117647059
12572 0.888235294117647
12572 0.0670588235294118
12567 1.09
12567 3.9
12567 5.72470588235294
12567 2.56705882352941
12567 2.62411764705882
12567 2.82352941176471
12567 0.0235294117647059
12567 0.888235294117647
12567 0.0670588235294118
12566 1.09
12566 3.9
12566 5.72470588235294
12566 2.56705882352941
12566 2.62411764705882
12566 2.82352941176471
12566 0.0235294117647059
12566 0.888235294117647
12566 0.0670588235294118
12556 1.09
12556 3.9
12556 5.72470588235294
12556 2.56705882352941
12556 2.62411764705882
12556 2.82352941176471
12556 0.0235294117647059
12556 0.888235294117647
12556 0.0670588235294118
12557 1.09
12557 3.9
12557 5.72470588235294
12557 2.56705882352941
12557 2.62411764705882
12557 2.82352941176471
12557 0.0235294117647059
12557 0.888235294117647
12557 0.0670588235294118
12555 1.09
12555 3.9
12555 5.72470588235294
12555 2.56705882352941
12555 2.62411764705882
12555 2.82352941176471
12555 0.0235294117647059
12555 0.888235294117647
12555 0.0670588235294118
12552 1.09
12552 3.9
12552 5.72470588235294
12552 2.56705882352941
12552 2.62411764705882
12552 2.82352941176471
12552 0.0235294117647059
12552 0.888235294117647
12552 0.0670588235294118
12553 1.09
12553 3.9
12553 5.72470588235294
12553 2.56705882352941
12553 2.62411764705882
12553 2.82352941176471
12553 0.0235294117647059
12553 0.888235294117647
12553 0.0670588235294118
12550 1.09
12550 3.9
12550 5.72470588235294
12550 2.56705882352941
12550 2.62411764705882
12550 2.82352941176471
12550 0.0235294117647059
12550 0.888235294117647
12550 0.0670588235294118
12551 1.09
12551 3.9
12551 5.72470588235294
12551 2.56705882352941
12551 2.62411764705882
12551 2.82352941176471
12551 0.0235294117647059
12551 0.888235294117647
12551 0.0670588235294118
12549 1.09
12549 3.9
12549 5.72470588235294
12549 2.56705882352941
12549 2.62411764705882
12549 2.82352941176471
12549 0.0235294117647059
12549 0.888235294117647
12549 0.0670588235294118
12710 1.09
12710 3.9
12710 5.72470588235294
12710 2.56705882352941
12710 2.62411764705882
12710 2.82352941176471
12710 0.0235294117647059
12710 0.888235294117647
12710 0.0670588235294118
12709 1.09
12709 3.9
12709 5.72470588235294
12709 2.56705882352941
12709 2.62411764705882
12709 2.82352941176471
12709 0.0235294117647059
12709 0.888235294117647
12709 0.0670588235294118
12708 1.09
12708 3.9
12708 5.72470588235294
12708 2.56705882352941
12708 2.62411764705882
12708 2.82352941176471
12708 0.0235294117647059
12708 0.888235294117647
12708 0.0670588235294118
12707 1.09
12707 3.9
12707 5.72470588235294
12707 2.56705882352941
12707 2.62411764705882
12707 2.82352941176471
12707 0.0235294117647059
12707 0.888235294117647
12707 0.0670588235294118
12705 1.09
12705 3.9
12705 5.72470588235294
12705 2.56705882352941
12705 2.62411764705882
12705 2.82352941176471
12705 0.0235294117647059
12705 0.888235294117647
12705 0.0670588235294118
12704 1.09
12704 3.9
12704 5.72470588235294
12704 2.56705882352941
12704 2.62411764705882
12704 2.82352941176471
12704 0.0235294117647059
12704 0.888235294117647
12704 0.0670588235294118
12702 1.09
12702 3.9
12702 5.72470588235294
12702 2.56705882352941
12702 2.62411764705882
12702 2.82352941176471
12702 0.0235294117647059
12702 0.888235294117647
12702 0.0670588235294118
12701 1.09
12701 3.9
12701 5.72470588235294
12701 2.56705882352941
12701 2.62411764705882
12701 2.82352941176471
12701 0.0235294117647059
12701 0.888235294117647
12701 0.0670588235294118
12700 1.09
12700 3.9
12700 5.72470588235294
12700 2.56705882352941
12700 2.62411764705882
12700 2.82352941176471
12700 0.0235294117647059
12700 0.888235294117647
12700 0.0670588235294118
12699 1.09
12699 3.9
12699 5.72470588235294
12699 2.56705882352941
12699 2.62411764705882
12699 2.82352941176471
12699 0.0235294117647059
12699 0.888235294117647
12699 0.0670588235294118
12698 1.09
12698 3.9
12698 5.72470588235294
12698 2.56705882352941
12698 2.62411764705882
12698 2.82352941176471
12698 0.0235294117647059
12698 0.888235294117647
12698 0.0670588235294118
12697 1.09
12697 3.9
12697 5.72470588235294
12697 2.56705882352941
12697 2.62411764705882
12697 2.82352941176471
12697 0.0235294117647059
12697 0.888235294117647
12697 0.0670588235294118
12696 1.09
12696 3.9
12696 5.72470588235294
12696 2.56705882352941
12696 2.62411764705882
12696 2.82352941176471
12696 0.0235294117647059
12696 0.888235294117647
12696 0.0670588235294118
12695 1.09
12695 3.9
12695 5.72470588235294
12695 2.56705882352941
12695 2.62411764705882
12695 2.82352941176471
12695 0.0235294117647059
12695 0.888235294117647
12695 0.0670588235294118
12694 1.09
12694 3.9
12694 5.72470588235294
12694 2.56705882352941
12694 2.62411764705882
12694 2.82352941176471
12694 0.0235294117647059
12694 0.888235294117647
12694 0.0670588235294118
12693 1.09
12693 3.9
12693 5.72470588235294
12693 2.56705882352941
12693 2.62411764705882
12693 2.82352941176471
12693 0.0235294117647059
12693 0.888235294117647
12693 0.0670588235294118
12690 1.09
12690 3.9
12690 5.72470588235294
12690 2.56705882352941
12690 2.62411764705882
12690 2.82352941176471
12690 0.0235294117647059
12690 0.888235294117647
12690 0.0670588235294118
12688 1.09
12688 3.9
12688 5.72470588235294
12688 2.56705882352941
12688 2.62411764705882
12688 2.82352941176471
12688 0.0235294117647059
12688 0.888235294117647
12688 0.0670588235294118
12687 1.09
12687 3.9
12687 5.72470588235294
12687 2.56705882352941
12687 2.62411764705882
12687 2.82352941176471
12687 0.0235294117647059
12687 0.888235294117647
12687 0.0670588235294118
12686 1.09
12686 3.9
12686 5.72470588235294
12686 2.56705882352941
12686 2.62411764705882
12686 2.82352941176471
12686 0.0235294117647059
12686 0.888235294117647
12686 0.0670588235294118
12685 1.09
12685 3.9
12685 5.72470588235294
12685 2.56705882352941
12685 2.62411764705882
12685 2.82352941176471
12685 0.0235294117647059
12685 0.888235294117647
12685 0.0670588235294118
12680 1.09
12680 3.9
12680 5.72470588235294
12680 2.56705882352941
12680 2.62411764705882
12680 2.82352941176471
12680 0.0235294117647059
12680 0.888235294117647
12680 0.0670588235294118
12679 1.09
12679 3.9
12679 5.72470588235294
12679 2.56705882352941
12679 2.62411764705882
12679 2.82352941176471
12679 0.0235294117647059
12679 0.888235294117647
12679 0.0670588235294118
12676 1.09
12676 3.9
12676 5.72470588235294
12676 2.56705882352941
12676 2.62411764705882
12676 2.82352941176471
12676 0.0235294117647059
12676 0.888235294117647
12676 0.0670588235294118
12677 1.09
12677 3.9
12677 5.72470588235294
12677 2.56705882352941
12677 2.62411764705882
12677 2.82352941176471
12677 0.0235294117647059
12677 0.888235294117647
12677 0.0670588235294118
12674 1.09
12674 3.9
12674 5.72470588235294
12674 2.56705882352941
12674 2.62411764705882
12674 2.82352941176471
12674 0.0235294117647059
12674 0.888235294117647
12674 0.0670588235294118
12675 1.09
12675 3.9
12675 5.72470588235294
12675 2.56705882352941
12675 2.62411764705882
12675 2.82352941176471
12675 0.0235294117647059
12675 0.888235294117647
12675 0.0670588235294118
12673 1.09
12673 3.9
12673 5.72470588235294
12673 2.56705882352941
12673 2.62411764705882
12673 2.82352941176471
12673 0.0235294117647059
12673 0.888235294117647
12673 0.0670588235294118
12831 1.09
12831 3.9
12831 5.72470588235294
12831 2.56705882352941
12831 2.62411764705882
12831 2.82352941176471
12831 0.0235294117647059
12831 0.888235294117647
12831 0.0670588235294118
12829 1.09
12829 3.9
12829 5.72470588235294
12829 2.56705882352941
12829 2.62411764705882
12829 2.82352941176471
12829 0.0235294117647059
12829 0.888235294117647
12829 0.0670588235294118
12828 1.09
12828 3.9
12828 5.72470588235294
12828 2.56705882352941
12828 2.62411764705882
12828 2.82352941176471
12828 0.0235294117647059
12828 0.888235294117647
12828 0.0670588235294118
12826 1.09
12826 3.9
12826 5.72470588235294
12826 2.56705882352941
12826 2.62411764705882
12826 2.82352941176471
12826 0.0235294117647059
12826 0.888235294117647
12826 0.0670588235294118
12825 1.09
12825 3.9
12825 5.72470588235294
12825 2.56705882352941
12825 2.62411764705882
12825 2.82352941176471
12825 0.0235294117647059
12825 0.888235294117647
12825 0.0670588235294118
12823 1.09
12823 3.9
12823 5.72470588235294
12823 2.56705882352941
12823 2.62411764705882
12823 2.82352941176471
12823 0.0235294117647059
12823 0.888235294117647
12823 0.0670588235294118
12822 1.09
12822 3.9
12822 5.72470588235294
12822 2.56705882352941
12822 2.62411764705882
12822 2.82352941176471
12822 0.0235294117647059
12822 0.888235294117647
12822 0.0670588235294118
12821 1.09
12821 3.9
12821 5.72470588235294
12821 2.56705882352941
12821 2.62411764705882
12821 2.82352941176471
12821 0.0235294117647059
12821 0.888235294117647
12821 0.0670588235294118
12820 1.09
12820 3.9
12820 5.72470588235294
12820 2.56705882352941
12820 2.62411764705882
12820 2.82352941176471
12820 0.0235294117647059
12820 0.888235294117647
12820 0.0670588235294118
12818 1.09
12818 3.9
12818 5.72470588235294
12818 2.56705882352941
12818 2.62411764705882
12818 2.82352941176471
12818 0.0235294117647059
12818 0.888235294117647
12818 0.0670588235294118
12817 1.09
12817 3.9
12817 5.72470588235294
12817 2.56705882352941
12817 2.62411764705882
12817 2.82352941176471
12817 0.0235294117647059
12817 0.888235294117647
12817 0.0670588235294118
12816 1.09
12816 3.9
12816 5.72470588235294
12816 2.56705882352941
12816 2.62411764705882
12816 2.82352941176471
12816 0.0235294117647059
12816 0.888235294117647
12816 0.0670588235294118
12810 1.09
12810 3.9
12810 5.72470588235294
12810 2.56705882352941
12810 2.62411764705882
12810 2.82352941176471
12810 0.0235294117647059
12810 0.888235294117647
12810 0.0670588235294118
12796 1.09
12796 3.9
12796 5.72470588235294
12796 2.56705882352941
12796 2.62411764705882
12796 2.82352941176471
12796 0.0235294117647059
12796 0.888235294117647
12796 0.0670588235294118
12794 1.09
12794 3.9
12794 5.72470588235294
12794 2.56705882352941
12794 2.62411764705882
12794 2.82352941176471
12794 0.0235294117647059
12794 0.888235294117647
12794 0.0670588235294118
12795 1.09
12795 3.9
12795 5.72470588235294
12795 2.56705882352941
12795 2.62411764705882
12795 2.82352941176471
12795 0.0235294117647059
12795 0.888235294117647
12795 0.0670588235294118
12792 1.09
12792 3.9
12792 5.72470588235294
12792 2.56705882352941
12792 2.62411764705882
12792 2.82352941176471
12792 0.0235294117647059
12792 0.888235294117647
12792 0.0670588235294118
12793 1.09
12793 3.9
12793 5.72470588235294
12793 2.56705882352941
12793 2.62411764705882
12793 2.82352941176471
12793 0.0235294117647059
12793 0.888235294117647
12793 0.0670588235294118
12790 1.09
12790 3.9
12790 5.72470588235294
12790 2.56705882352941
12790 2.62411764705882
12790 2.82352941176471
12790 0.0235294117647059
12790 0.888235294117647
12790 0.0670588235294118
12791 1.09
12791 3.9
12791 5.72470588235294
12791 2.56705882352941
12791 2.62411764705882
12791 2.82352941176471
12791 0.0235294117647059
12791 0.888235294117647
12791 0.0670588235294118
12789 1.09
12789 3.9
12789 5.72470588235294
12789 2.56705882352941
12789 2.62411764705882
12789 2.82352941176471
12789 0.0235294117647059
12789 0.888235294117647
12789 0.0670588235294118
12952 1.09
12952 3.9
12952 5.72470588235294
12952 2.56705882352941
12952 2.62411764705882
12952 2.82352941176471
12952 0.0235294117647059
12952 0.888235294117647
12952 0.0670588235294118
12951 1.09
12951 3.9
12951 5.72470588235294
12951 2.56705882352941
12951 2.62411764705882
12951 2.82352941176471
12951 0.0235294117647059
12951 0.888235294117647
12951 0.0670588235294118
12950 1.09
12950 3.9
12950 5.72470588235294
12950 2.56705882352941
12950 2.62411764705882
12950 2.82352941176471
12950 0.0235294117647059
12950 0.888235294117647
12950 0.0670588235294118
12948 1.09
12948 3.9
12948 5.72470588235294
12948 2.56705882352941
12948 2.62411764705882
12948 2.82352941176471
12948 0.0235294117647059
12948 0.888235294117647
12948 0.0670588235294118
12937 1.09
12937 3.9
12937 5.72470588235294
12937 2.56705882352941
12937 2.62411764705882
12937 2.82352941176471
12937 0.0235294117647059
12937 0.888235294117647
12937 0.0670588235294118
12936 1.09
12936 3.9
12936 5.72470588235294
12936 2.56705882352941
12936 2.62411764705882
12936 2.82352941176471
12936 0.0235294117647059
12936 0.888235294117647
12936 0.0670588235294118
12930 1.09
12930 3.9
12930 5.72470588235294
12930 2.56705882352941
12930 2.62411764705882
12930 2.82352941176471
12930 0.0235294117647059
12930 0.888235294117647
12930 0.0670588235294118
12929 1.09
12929 3.9
12929 5.72470588235294
12929 2.56705882352941
12929 2.62411764705882
12929 2.82352941176471
12929 0.0235294117647059
12929 0.888235294117647
12929 0.0670588235294118
12927 1.09
12927 3.9
12927 5.72470588235294
12927 2.56705882352941
12927 2.62411764705882
12927 2.82352941176471
12927 0.0235294117647059
12927 0.888235294117647
12927 0.0670588235294118
12909 1.09
12909 3.9
12909 5.72470588235294
12909 2.56705882352941
12909 2.62411764705882
12909 2.82352941176471
12909 0.0235294117647059
12909 0.888235294117647
12909 0.0670588235294118
13067 1.09
13067 3.9
13067 5.72470588235294
13067 2.56705882352941
13067 2.62411764705882
13067 2.82352941176471
13067 0.0235294117647059
13067 0.888235294117647
13067 0.0670588235294118
13066 1.09
13066 3.9
13066 5.72470588235294
13066 2.56705882352941
13066 2.62411764705882
13066 2.82352941176471
13066 0.0235294117647059
13066 0.888235294117647
13066 0.0670588235294118
13065 1.09
13065 3.9
13065 5.72470588235294
13065 2.56705882352941
13065 2.62411764705882
13065 2.82352941176471
13065 0.0235294117647059
13065 0.888235294117647
13065 0.0670588235294118
13064 1.09
13064 3.9
13064 5.72470588235294
13064 2.56705882352941
13064 2.62411764705882
13064 2.82352941176471
13064 0.0235294117647059
13064 0.888235294117647
13064 0.0670588235294118
13063 1.09
13063 3.9
13063 5.72470588235294
13063 2.56705882352941
13063 2.62411764705882
13063 2.82352941176471
13063 0.0235294117647059
13063 0.888235294117647
13063 0.0670588235294118
13046 1.09
13046 3.9
13046 5.72470588235294
13046 2.56705882352941
13046 2.62411764705882
13046 2.82352941176471
13046 0.0235294117647059
13046 0.888235294117647
13046 0.0670588235294118
13044 1.09
13044 3.9
13044 5.72470588235294
13044 2.56705882352941
13044 2.62411764705882
13044 2.82352941176471
13044 0.0235294117647059
13044 0.888235294117647
13044 0.0670588235294118
13041 1.09
13041 3.9
13041 5.72470588235294
13041 2.56705882352941
13041 2.62411764705882
13041 2.82352941176471
13041 0.0235294117647059
13041 0.888235294117647
13041 0.0670588235294118
13040 1.09
13040 3.9
13040 5.72470588235294
13040 2.56705882352941
13040 2.62411764705882
13040 2.82352941176471
13040 0.0235294117647059
13040 0.888235294117647
13040 0.0670588235294118
13168 1.09
13168 3.9
13168 5.72470588235294
13168 2.56705882352941
13168 2.62411764705882
13168 2.82352941176471
13168 0.0235294117647059
13168 0.888235294117647
13168 0.0670588235294118
13167 1.09
13167 3.9
13167 5.72470588235294
13167 2.56705882352941
13167 2.62411764705882
13167 2.82352941176471
13167 0.0235294117647059
13167 0.888235294117647
13167 0.0670588235294118
13166 1.09
13166 3.9
13166 5.72470588235294
13166 2.56705882352941
13166 2.62411764705882
13166 2.82352941176471
13166 0.0235294117647059
13166 0.888235294117647
13166 0.0670588235294118
13150 1.09
13150 3.9
13150 5.72470588235294
13150 2.56705882352941
13150 2.62411764705882
13150 2.82352941176471
13150 0.0235294117647059
13150 0.888235294117647
13150 0.0670588235294118
13149 1.09
13149 3.9
13149 5.72470588235294
13149 2.56705882352941
13149 2.62411764705882
13149 2.82352941176471
13149 0.0235294117647059
13149 0.888235294117647
13149 0.0670588235294118
13148 1.09
13148 3.9
13148 5.72470588235294
13148 2.56705882352941
13148 2.62411764705882
13148 2.82352941176471
13148 0.0235294117647059
13148 0.888235294117647
13148 0.0670588235294118
13147 1.09
13147 3.9
13147 5.72470588235294
13147 2.56705882352941
13147 2.62411764705882
13147 2.82352941176471
13147 0.0235294117647059
13147 0.888235294117647
13147 0.0670588235294118
13146 1.09
13146 3.9
13146 5.72470588235294
13146 2.56705882352941
13146 2.62411764705882
13146 2.82352941176471
13146 0.0235294117647059
13146 0.888235294117647
13146 0.0670588235294118
13145 1.09
13145 3.9
13145 5.72470588235294
13145 2.56705882352941
13145 2.62411764705882
13145 2.82352941176471
13145 0.0235294117647059
13145 0.888235294117647
13145 0.0670588235294118
13261 1.09
13261 3.9
13261 5.72470588235294
13261 2.56705882352941
13261 2.62411764705882
13261 2.82352941176471
13261 0.0235294117647059
13261 0.888235294117647
13261 0.0670588235294118
13255 1.09
13255 3.9
13255 5.72470588235294
13255 2.56705882352941
13255 2.62411764705882
13255 2.82352941176471
13255 0.0235294117647059
13255 0.888235294117647
13255 0.0670588235294118
13254 1.09
13254 3.9
13254 5.72470588235294
13254 2.56705882352941
13254 2.62411764705882
13254 2.82352941176471
13254 0.0235294117647059
13254 0.888235294117647
13254 0.0670588235294118
13251 1.09
13251 3.9
13251 5.72470588235294
13251 2.56705882352941
13251 2.62411764705882
13251 2.82352941176471
13251 0.0235294117647059
13251 0.888235294117647
13251 0.0670588235294118
13248 1.09
13248 3.9
13248 5.72470588235294
13248 2.56705882352941
13248 2.62411764705882
13248 2.82352941176471
13248 0.0235294117647059
13248 0.888235294117647
13248 0.0670588235294118
13247 1.09
13247 3.9
13247 5.72470588235294
13247 2.56705882352941
13247 2.62411764705882
13247 2.82352941176471
13247 0.0235294117647059
13247 0.888235294117647
13247 0.0670588235294118
13246 1.09
13246 3.9
13246 5.72470588235294
13246 2.56705882352941
13246 2.62411764705882
13246 2.82352941176471
13246 0.0235294117647059
13246 0.888235294117647
13246 0.0670588235294118
19528 1.09
19528 3.9
19528 5.72470588235294
19528 2.56705882352941
19528 2.62411764705882
19528 2.82352941176471
19528 0.0235294117647059
19528 0.888235294117647
19528 0.0670588235294118
13347 1.09
13347 3.9
13347 5.72470588235294
13347 2.56705882352941
13347 2.62411764705882
13347 2.82352941176471
13347 0.0235294117647059
13347 0.888235294117647
13347 0.0670588235294118
13346 1.09
13346 3.9
13346 5.72470588235294
13346 2.56705882352941
13346 2.62411764705882
13346 2.82352941176471
13346 0.0235294117647059
13346 0.888235294117647
13346 0.0670588235294118
13424 1.09
13424 3.9
13424 5.72470588235294
13424 2.56705882352941
13424 2.62411764705882
13424 2.82352941176471
13424 0.0235294117647059
13424 0.888235294117647
13424 0.0670588235294118
13498 1.09
13498 3.9
13498 5.72470588235294
13498 2.56705882352941
13498 2.62411764705882
13498 2.82352941176471
13498 0.0235294117647059
13498 0.888235294117647
13498 0.0670588235294118
13496 1.09
13496 3.9
13496 5.72470588235294
13496 2.56705882352941
13496 2.62411764705882
13496 2.82352941176471
13496 0.0235294117647059
13496 0.888235294117647
13496 0.0670588235294118
