pt_graph scale
9678 1.1152380952381
9678 0
9678 3.2597619047619
9678 2.12547619047619
9678 2
9678 2.68047619047619
9678 0.0019047619047619
9678 0.0169047619047619
9678 0.0133333333333333
9680 1.1152380952381
9680 0
9680 3.2597619047619
9680 2.12547619047619
9680 2
9680 2.68047619047619
9680 0.0019047619047619
9680 0.0169047619047619
9680 0.0133333333333333
9763 1.1152380952381
9763 0
9763 3.2597619047619
9763 2.12547619047619
9763 2
9763 2.68047619047619
9763 0.0019047619047619
9763 0.0169047619047619
9763 0.0133333333333333
9838 1.1152380952381
9838 0
9838 3.2597619047619
9838 2.12547619047619
9838 2
9838 2.68047619047619
9838 0.0019047619047619
9838 0.0169047619047619
9838 0.0133333333333333
9847 1.1152380952381
9847 0
9847 3.2597619047619
9847 2.12547619047619
9847 2
9847 2.68047619047619
9847 0.0019047619047619
9847 0.0169047619047619
9847 0.0133333333333333
9989 1.1152380952381
9989 0
9989 3.2597619047619
9989 2.12547619047619
9989 2
9989 2.68047619047619
9989 0.0019047619047619
9989 0.0169047619047619
9989 0.0133333333333333
10008 1.1152380952381
10008 0
10008 3.2597619047619
10008 2.12547619047619
10008 2
10008 2.68047619047619
10008 0.0019047619047619
10008 0.0169047619047619
10008 0.0133333333333333
10095 1.1152380952381
10095 0
10095 3.2597619047619
10095 2.12547619047619
10095 2
10095 2.68047619047619
10095 0.0019047619047619
10095 0.0169047619047619
10095 0.0133333333333333
10231 1.1152380952381
10231 0
10231 3.2597619047619
10231 2.12547619047619
10231 2
10231 2.68047619047619
10231 0.0019047619047619
10231 0.0169047619047619
10231 0.0133333333333333
10236 1.1152380952381
10236 0
10236 3.2597619047619
10236 2.12547619047619
10236 2
10236 2.68047619047619
10236 0.0019047619047619
10236 0.0169047619047619
10236 0.0133333333333333
10337 1.1152380952381
10337 0
10337 3.2597619047619
10337 2.12547619047619
10337 2
10337 2.68047619047619
10337 0.0019047619047619
10337 0.0169047619047619
10337 0.0133333333333333
10400 1.1152380952381
10400 0
10400 3.2597619047619
10400 2.12547619047619
10400 2
10400 2.68047619047619
10400 0.0019047619047619
10400 0.0169047619047619
10400 0.0133333333333333
10429 1.1152380952381
10429 0
10429 3.2597619047619
10429 2.12547619047619
10429 2
10429 2.68047619047619
10429 0.0019047619047619
10429 0.0169047619047619
10429 0.0133333333333333
10430 1.1152380952381
10430 0
10430 3.2597619047619
10430 2.12547619047619
10430 2
10430 2.68047619047619
10430 0.0019047619047619
10430 0.0169047619047619
10430 0.0133333333333333
10625 1.1152380952381
10625 0
10625 3.2597619047619
10625 2.12547619047619
10625 2
10625 2.68047619047619
10625 0.0019047619047619
10625 0.0169047619047619
10625 0.0133333333333333
10699 1.1152380952381
10699 0
10699 3.2597619047619
10699 2.12547619047619
10699 2
10699 2.68047619047619
10699 0.0019047619047619
10699 0.0169047619047619
10699 0.0133333333333333
10721 1.1152380952381
10721 0
10721 3.2597619047619
10721 2.12547619047619
10721 2
10721 2.68047619047619
10721 0.0019047619047619
10721 0.0169047619047619
10721 0.0133333333333333
10823 1.1152380952381
10823 0
10823 3.2597619047619
10823 2.12547619047619
10823 2
10823 2.68047619047619
10823 0.0019047619047619
10823 0.0169047619047619
10823 0.0133333333333333
10923 1.1152380952381
10923 0
10923 3.2597619047619
10923 2.12547619047619
10923 2
10923 2.68047619047619
10923 0.0019047619047619
10923 0.0169047619047619
10923 0.0133333333333333
11005 1.1152380952381
11005 0
11005 3.2597619047619
11005 2.12547619047619
11005 2
11005 2.68047619047619
11005 0.0019047619047619
11005 0.0169047619047619
11005 0.0133333333333333
11009 1.1152380952381
11009 0
11009 3.2597619047619
11009 2.12547619047619
11009 2
11009 2.68047619047619
11009 0.0019047619047619
11009 0.0169047619047619
11009 0.0133333333333333
11153 1.1152380952381
11153 0
11153 3.2597619047619
11153 2.12547619047619
11153 2
11153 2.68047619047619
11153 0.0019047619047619
11153 0.0169047619047619
11153 0.0133333333333333
11151 1.1152380952381
11151 0
11151 3.2597619047619
11151 2.12547619047619
11151 2
11151 2.68047619047619
11151 0.0019047619047619
11151 0.0169047619047619
11151 0.0133333333333333
11264 1.1152380952381
11264 0
11264 3.2597619047619
11264 2.12547619047619
11264 2
11264 2.68047619047619
11264 0.0019047619047619
11264 0.0169047619047619
11264 0.0133333333333333
11267 1.1152380952381
11267 0
11267 3.2597619047619
11267 2.12547619047619
11267 2
11267 2.68047619047619
11267 0.0019047619047619
11267 0.0169047619047619
11267 0.0133333333333333
11401 1.1152380952381
11401 0
11401 3.2597619047619
11401 2.12547619047619
11401 2
11401 2.68047619047619
11401 0.0019047619047619
11401 0.0169047619047619
11401 0.0133333333333333
11396 1.1152380952381
11396 0
11396 3.2597619047619
11396 2.12547619047619
11396 2
11396 2.68047619047619
11396 0.0019047619047619
11396 0.0169047619047619
11396 0.0133333333333333
11391 1.1152380952381
11391 0
11391 3.2597619047619
11391 2.12547619047619
11391 2
11391 2.68047619047619
11391 0.0019047619047619
11391 0.0169047619047619
11391 0.0133333333333333
11526 1.1152380952381
11526 0
11526 3.2597619047619
11526 2.12547619047619
11526 2
11526 2.68047619047619
11526 0.0019047619047619
11526 0.0169047619047619
11526 0.0133333333333333
11499 1.1152380952381
11499 0
11499 3.2597619047619
11499 2.12547619047619
11499 2
11499 2.68047619047619
11499 0.0019047619047619
11499 0.0169047619047619
11499 0.0133333333333333
11614 1.1152380952381
11614 0
11614 3.2597619047619
11614 2.12547619047619
11614 2
11614 2.68047619047619
11614 0.0019047619047619
11614 0.0169047619047619
11614 0.0133333333333333
11653 1.1152380952381
11653 0
11653 3.2597619047619
11653 2.12547619047619
11653 2
11653 2.68047619047619
11653 0.0019047619047619
11653 0.0169047619047619
11653 0.0133333333333333
11766 1.1152380952381
11766 0
11766 3.2597619047619
11766 2.12547619047619
11766 2
11766 2.68047619047619
11766 0.0019047619047619
11766 0.0169047619047619
11766 0.0133333333333333
11777 1.1152380952381
11777 0
11777 3.2597619047619
11777 2.12547619047619
11777 2
11777 2.68047619047619
11777 0.0019047619047619
11777 0.0169047619047619
11777 0.0133333333333333
11867 1.1152380952381
11867 0
11867 3.2597619047619
11867 2.12547619047619
11867 2
11867 2.68047619047619
11867 0.0019047619047619
11867 0.0169047619047619
11867 0.0133333333333333
11916 1.1152380952381
11916 0
11916 3.2597619047619
11916 2.12547619047619
11916 2
11916 2.68047619047619
11916 0.0019047619047619
11916 0.0169047619047619
11916 0.0133333333333333
12043 1.1152380952381
12043 0
12043 3.2597619047619
12043 2.12547619047619
12043 2
12043 2.68047619047619
12043 0.0019047619047619
12043 0.0169047619047619
12043 0.0133333333333333
12031 1.1152380952381
12031 0
12031 3.2597619047619
12031 2.12547619047619
12031 2
12031 2.68047619047619
12031 0.0019047619047619
12031 0.0169047619047619
12031 0.0133333333333333
12113 1.1152380952381
12113 0
12113 3.2597619047619
12113 2.12547619047619
12113 2
12113 2.68047619047619
12113 0.0019047619047619
12113 0.0169047619047619
12113 0.0133333333333333
12134 1.1152380952381
12134 0
12134 3.2597619047619
12134 2.12547619047619
12134 2
12134 2.68047619047619
12134 0.0019047619047619
12134 0.0169047619047619
12134 0.0133333333333333
12153 1.1152380952381
12153 0
12153 3.2597619047619
12153 2.12547619047619
12153 2
12153 2.68047619047619
12153 0.0019047619047619
12153 0.0169047619047619
12153 0.0133333333333333
12146 1.1152380952381
12146 0
12146 3.2597619047619
12146 2.12547619047619
12146 2
12146 2.68047619047619
12146 0.0019047619047619
12146 0.0169047619047619
12146 0.0133333333333333
12148 1.1152380952381
12148 0
12148 3.2597619047619
12148 2.12547619047619
12148 2
12148 2.68047619047619
12148 0.0019047619047619
12148 0.0169047619047619
12148 0.0133333333333333
12237 1.1152380952381
12237 0
12237 3.2597619047619
12237 2.12547619047619
12237 2
12237 2.68047619047619
12237 0.0019047619047619
12237 0.0169047619047619
12237 0.0133333333333333
12295 1.1152380952381
12295 0
12295 3.2597619047619
12295 2.12547619047619
12295 2
12295 2.68047619047619
12295 0.0019047619047619
12295 0.0169047619047619
12295 0.0133333333333333
12260 1.1152380952381
12260 0
12260 3.2597619047619
12260 2.12547619047619
12260 2
12260 2.68047619047619
12260 0.0019047619047619
12260 0.0169047619047619
12260 0.0133333333333333
12279 1.1152380952381
12279 0
12279 3.2597619047619
12279 2.12547619047619
12279 2
12279 2.68047619047619
12279 0.0019047619047619
12279 0.0169047619047619
12279 0.0133333333333333
12369 1.1152380952381
12369 0
12369 3.2597619047619
12369 2.12547619047619
12369 2
12369 2.68047619047619
12369 0.0019047619047619
12369 0.0169047619047619
12369 0.0133333333333333
12377 1.1152380952381
12377 0
12377 3.2597619047619
12377 2.12547619047619
12377 2
12377 2.68047619047619
12377 0.0019047619047619
12377 0.0169047619047619
12377 0.0133333333333333
12385 1.1152380952381
12385 0
12385 3.2597619047619
12385 2.12547619047619
12385 2
12385 2.68047619047619
12385 0.0019047619047619
12385 0.0169047619047619
12385 0.0133333333333333
12412 1.1152380952381
12412 0
12412 3.2597619047619
12412 2.12547619047619
12412 2
12412 2.68047619047619
12412 0.0019047619047619
12412 0.0169047619047619
12412 0.0133333333333333
12395 1.1152380952381
12395 0
12395 3.2597619047619
12395 2.12547619047619
12395 2
12395 2.68047619047619
12395 0.0019047619047619
12395 0.0169047619047619
12395 0.0133333333333333
12401 1.1152380952381
12401 0
12401 3.2597619047619
12401 2.12547619047619
12401 2
12401 2.68047619047619
12401 0.0019047619047619
12401 0.0169047619047619
12401 0.0133333333333333
12499 1.1152380952381
12499 0
12499 3.2597619047619
12499 2.12547619047619
12499 2
12499 2.68047619047619
12499 0.0019047619047619
12499 0.0169047619047619
12499 0.0133333333333333
12558 1.1152380952381
12558 0
12558 3.2597619047619
12558 2.12547619047619
12558 2
12558 2.68047619047619
12558 0.0019047619047619
12558 0.0169047619047619
12558 0.0133333333333333
12511 1.1152380952381
12511 0
12511 3.2597619047619
12511 2.12547619047619
12511 2
12511 2.68047619047619
12511 0.0019047619047619
12511 0.0169047619047619
12511 0.0133333333333333
12555 1.1152380952381
12555 0
12555 3.2597619047619
12555 2.12547619047619
12555 2
12555 2.68047619047619
12555 0.0019047619047619
12555 0.0169047619047619
12555 0.0133333333333333
12544 1.1152380952381
12544 0
12544 3.2597619047619
12544 2.12547619047619
12544 2
12544 2.68047619047619
12544 0.0019047619047619
12544 0.0169047619047619
12544 0.0133333333333333
12531 1.1152380952381
12531 0
12531 3.2597619047619
12531 2.12547619047619
12531 2
12531 2.68047619047619
12531 0.0019047619047619
12531 0.0169047619047619
12531 0.0133333333333333
12538 1.1152380952381
12538 0
12538 3.2597619047619
12538 2.12547619047619
12538 2
12538 2.68047619047619
12538 0.0019047619047619
12538 0.0169047619047619
12538 0.0133333333333333
12634 1.1152380952381
12634 0
12634 3.2597619047619
12634 2.12547619047619
12634 2
12634 2.68047619047619
12634 0.0019047619047619
12634 0.0169047619047619
12634 0.0133333333333333
12635 1.1152380952381
12635 0
12635 3.2597619047619
12635 2.12547619047619
12635 2
12635 2.68047619047619
12635 0.0019047619047619
12635 0.0169047619047619
12635 0.0133333333333333
12664 1.1152380952381
12664 0
12664 3.2597619047619
12664 2.12547619047619
12664 2
12664 2.68047619047619
12664 0.0019047619047619
12664 0.0169047619047619
12664 0.0133333333333333
12666 1.1152380952381
12666 0
12666 3.2597619047619
12666 2.12547619047619
12666 2
12666 2.68047619047619
12666 0.0019047619047619
12666 0.0169047619047619
12666 0.0133333333333333
12792 1.1152380952381
12792 0
12792 3.2597619047619
12792 2.12547619047619
12792 2
12792 2.68047619047619
12792 0.0019047619047619
12792 0.0169047619047619
12792 0.0133333333333333
12872 1.1152380952381
12872 0
12872 3.2597619047619
12872 2.12547619047619
12872 2
12872 2.68047619047619
12872 0.0019047619047619
12872 0.0169047619047619
12872 0.0133333333333333
12906 1.1152380952381
12906 0
12906 3.2597619047619
12906 2.12547619047619
12906 2
12906 2.68047619047619
12906 0.0019047619047619
12906 0.0169047619047619
12906 0.0133333333333333
12984 1.1152380952381
12984 0
12984 3.2597619047619
12984 2.12547619047619
12984 2
12984 2.68047619047619
12984 0.0019047619047619
12984 0.0169047619047619
12984 0.0133333333333333
13027 1.1152380952381
13027 0
13027 3.2597619047619
13027 2.12547619047619
13027 2
13027 2.68047619047619
13027 0.0019047619047619
13027 0.0169047619047619
13027 0.0133333333333333
13105 1.1152380952381
13105 0
13105 3.2597619047619
13105 2.12547619047619
13105 2
13105 2.68047619047619
13105 0.0019047619047619
13105 0.0169047619047619
13105 0.0133333333333333
13123 1.1152380952381
13123 0
13123 3.2597619047619
13123 2.12547619047619
13123 2
13123 2.68047619047619
13123 0.0019047619047619
13123 0.0169047619047619
13123 0.0133333333333333
13319 1.1152380952381
13319 0
13319 3.2597619047619
13319 2.12547619047619
13319 2
13319 2.68047619047619
13319 0.0019047619047619
13319 0.0169047619047619
13319 0.0133333333333333
13323 1.1152380952381
13323 0
13323 3.2597619047619
13323 2.12547619047619
13323 2
13323 2.68047619047619
13323 0.0019047619047619
13323 0.0169047619047619
13323 0.0133333333333333
13377 1.1152380952381
13377 0
13377 3.2597619047619
13377 2.12547619047619
13377 2
13377 2.68047619047619
13377 0.0019047619047619
13377 0.0169047619047619
13377 0.0133333333333333
13387 1.1152380952381
13387 0
13387 3.2597619047619
13387 2.12547619047619
13387 2
13387 2.68047619047619
13387 0.0019047619047619
13387 0.0169047619047619
13387 0.0133333333333333
13401 1.1152380952381
13401 0
13401 3.2597619047619
13401 2.12547619047619
13401 2
13401 2.68047619047619
13401 0.0019047619047619
13401 0.0169047619047619
13401 0.0133333333333333
13535 1.1152380952381
13535 0
13535 3.2597619047619
13535 2.12547619047619
13535 2
13535 2.68047619047619
13535 0.0019047619047619
13535 0.0169047619047619
13535 0.0133333333333333
13592 1.1152380952381
13592 0
13592 3.2597619047619
13592 2.12547619047619
13592 2
13592 2.68047619047619
13592 0.0019047619047619
13592 0.0169047619047619
13592 0.0133333333333333
13613 1.1152380952381
13613 0
13613 3.2597619047619
13613 2.12547619047619
13613 2
13613 2.68047619047619
13613 0.0019047619047619
13613 0.0169047619047619
13613 0.0133333333333333
13619 1.1152380952381
13619 0
13619 3.2597619047619
13619 2.12547619047619
13619 2
13619 2.68047619047619
13619 0.0019047619047619
13619 0.0169047619047619
13619 0.0133333333333333
13649 1.1152380952381
13649 0
13649 3.2597619047619
13649 2.12547619047619
13649 2
13649 2.68047619047619
13649 0.0019047619047619
13649 0.0169047619047619
13649 0.0133333333333333
13726 1.1152380952381
13726 0
13726 3.2597619047619
13726 2.12547619047619
13726 2
13726 2.68047619047619
13726 0.0019047619047619
13726 0.0169047619047619
13726 0.0133333333333333
13763 1.1152380952381
13763 0
13763 3.2597619047619
13763 2.12547619047619
13763 2
13763 2.68047619047619
13763 0.0019047619047619
13763 0.0169047619047619
13763 0.0133333333333333
13820 1.1152380952381
13820 0
13820 3.2597619047619
13820 2.12547619047619
13820 2
13820 2.68047619047619
13820 0.0019047619047619
13820 0.0169047619047619
13820 0.0133333333333333
13821 1.1152380952381
13821 0
13821 3.2597619047619
13821 2.12547619047619
13821 2
13821 2.68047619047619
13821 0.0019047619047619
13821 0.0169047619047619
13821 0.0133333333333333
13831 1.1152380952381
13831 0
13831 3.2597619047619
13831 2.12547619047619
13831 2
13831 2.68047619047619
13831 0.0019047619047619
13831 0.0169047619047619
13831 0.0133333333333333
13948 1.1152380952381
13948 0
13948 3.2597619047619
13948 2.12547619047619
13948 2
13948 2.68047619047619
13948 0.0019047619047619
13948 0.0169047619047619
13948 0.0133333333333333
13989 1.1152380952381
13989 0
13989 3.2597619047619
13989 2.12547619047619
13989 2
13989 2.68047619047619
13989 0.0019047619047619
13989 0.0169047619047619
13989 0.0133333333333333
14008 1.1152380952381
14008 0
14008 3.2597619047619
14008 2.12547619047619
14008 2
14008 2.68047619047619
14008 0.0019047619047619
14008 0.0169047619047619
14008 0.0133333333333333
14242 1.1152380952381
14242 0
14242 3.2597619047619
14242 2.12547619047619
14242 2
14242 2.68047619047619
14242 0.0019047619047619
14242 0.0169047619047619
14242 0.0133333333333333
14285 1.1152380952381
14285 0
14285 3.2597619047619
14285 2.12547619047619
14285 2
14285 2.68047619047619
14285 0.0019047619047619
14285 0.0169047619047619
14285 0.0133333333333333
14427 1.1152380952381
14427 0
14427 3.2597619047619
14427 2.12547619047619
14427 2
14427 2.68047619047619
14427 0.0019047619047619
14427 0.0169047619047619
14427 0.0133333333333333
14495 1.1152380952381
14495 0
14495 3.2597619047619
14495 2.12547619047619
14495 2
14495 2.68047619047619
14495 0.0019047619047619
14495 0.0169047619047619
14495 0.0133333333333333
14569 1.1152380952381
14569 0
14569 3.2597619047619
14569 2.12547619047619
14569 2
14569 2.68047619047619
14569 0.0019047619047619
14569 0.0169047619047619
14569 0.0133333333333333
14573 1.1152380952381
14573 0
14573 3.2597619047619
14573 2.12547619047619
14573 2
14573 2.68047619047619
14573 0.0019047619047619
14573 0.0169047619047619
14573 0.0133333333333333
14592 1.1152380952381
14592 0
14592 3.2597619047619
14592 2.12547619047619
14592 2
14592 2.68047619047619
14592 0.0019047619047619
14592 0.0169047619047619
14592 0.0133333333333333
14628 1.1152380952381
14628 0
14628 3.2597619047619
14628 2.12547619047619
14628 2
14628 2.68047619047619
14628 0.0019047619047619
14628 0.0169047619047619
14628 0.0133333333333333
14665 1.1152380952381
14665 0
14665 3.2597619047619
14665 2.12547619047619
14665 2
14665 2.68047619047619
14665 0.0019047619047619
14665 0.0169047619047619
14665 0.0133333333333333
14767 1.1152380952381
14767 0
14767 3.2597619047619
14767 2.12547619047619
14767 2
14767 2.68047619047619
14767 0.0019047619047619
14767 0.0169047619047619
14767 0.0133333333333333
14769 1.1152380952381
14769 0
14769 3.2597619047619
14769 2.12547619047619
14769 2
14769 2.68047619047619
14769 0.0019047619047619
14769 0.0169047619047619
14769 0.0133333333333333
14798 1.1152380952381
14798 0
14798 3.2597619047619
14798 2.12547619047619
14798 2
14798 2.68047619047619
14798 0.0019047619047619
14798 0.0169047619047619
14798 0.0133333333333333
14825 1.1152380952381
14825 0
14825 3.2597619047619
14825 2.12547619047619
14825 2
14825 2.68047619047619
14825 0.0019047619047619
14825 0.0169047619047619
14825 0.0133333333333333
14881 1.1152380952381
14881 0
14881 3.2597619047619
14881 2.12547619047619
14881 2
14881 2.68047619047619
14881 0.0019047619047619
14881 0.0169047619047619
14881 0.0133333333333333
15012 1.1152380952381
15012 0
15012 3.2597619047619
15012 2.12547619047619
15012 2
15012 2.68047619047619
15012 0.0019047619047619
15012 0.0169047619047619
15012 0.0133333333333333
15032 1.1152380952381
15032 0
15032 3.2597619047619
15032 2.12547619047619
15032 2
15032 2.68047619047619
15032 0.0019047619047619
15032 0.0169047619047619
15032 0.0133333333333333
15035 1.1152380952381
15035 0
15035 3.2597619047619
15035 2.12547619047619
15035 2
15035 2.68047619047619
15035 0.0019047619047619
15035 0.0169047619047619
15035 0.0133333333333333
15091 1.1152380952381
15091 0
15091 3.2597619047619
15091 2.12547619047619
15091 2
15091 2.68047619047619
15091 0.0019047619047619
15091 0.0169047619047619
15091 0.0133333333333333
15135 1.1152380952381
15135 0
15135 3.2597619047619
15135 2.12547619047619
15135 2
15135 2.68047619047619
15135 0.0019047619047619
15135 0.0169047619047619
15135 0.0133333333333333
15136 1.1152380952381
15136 0
15136 3.2597619047619
15136 2.12547619047619
15136 2
15136 2.68047619047619
15136 0.0019047619047619
15136 0.0169047619047619
15136 0.0133333333333333
15265 1.1152380952381
15265 0
15265 3.2597619047619
15265 2.12547619047619
15265 2
15265 2.68047619047619
15265 0.0019047619047619
15265 0.0169047619047619
15265 0.0133333333333333
15270 1.1152380952381
15270 0
15270 3.2597619047619
15270 2.12547619047619
15270 2
15270 2.68047619047619
15270 0.0019047619047619
15270 0.0169047619047619
15270 0.0133333333333333
15318 1.1152380952381
15318 0
15318 3.2597619047619
15318 2.12547619047619
15318 2
15318 2.68047619047619
15318 0.0019047619047619
15318 0.0169047619047619
15318 0.0133333333333333
15369 1.1152380952381
15369 0
15369 3.2597619047619
15369 2.12547619047619
15369 2
15369 2.68047619047619
15369 0.0019047619047619
15369 0.0169047619047619
15369 0.0133333333333333
15370 1.1152380952381
15370 0
15370 3.2597619047619
15370 2.12547619047619
15370 2
15370 2.68047619047619
15370 0.0019047619047619
15370 0.0169047619047619
15370 0.0133333333333333
15429 1.1152380952381
15429 0
15429 3.2597619047619
15429 2.12547619047619
15429 2
15429 2.68047619047619
15429 0.0019047619047619
15429 0.0169047619047619
15429 0.0133333333333333
15430 1.1152380952381
15430 0
15430 3.2597619047619
15430 2.12547619047619
15430 2
15430 2.68047619047619
15430 0.0019047619047619
15430 0.0169047619047619
15430 0.0133333333333333
15638 1.1152380952381
15638 0
15638 3.2597619047619
15638 2.12547619047619
15638 2
15638 2.68047619047619
15638 0.0019047619047619
15638 0.0169047619047619
15638 0.0133333333333333
15684 1.1152380952381
15684 0
15684 3.2597619047619
15684 2.12547619047619
15684 2
15684 2.68047619047619
15684 0.0019047619047619
15684 0.0169047619047619
15684 0.0133333333333333
15822 1.1152380952381
15822 0
15822 3.2597619047619
15822 2.12547619047619
15822 2
15822 2.68047619047619
15822 0.0019047619047619
15822 0.0169047619047619
15822 0.0133333333333333
