pt_graph scale
15028 1.09
15028 3.9
15028 5.72470588235294
15028 2.56705882352941
15028 2.62411764705882
15028 2.82352941176471
15028 0.0235294117647059
15028 0.888235294117647
15028 0.0670588235294118
15055 1.09
15055 3.9
15055 5.72470588235294
15055 2.56705882352941
15055 2.62411764705882
15055 2.82352941176471
15055 0.0235294117647059
15055 0.888235294117647
15055 0.0670588235294118
15087 1.09
15087 3.9
15087 5.72470588235294
15087 2.56705882352941
15087 2.62411764705882
15087 2.82352941176471
15087 0.0235294117647059
15087 0.888235294117647
15087 0.0670588235294118
15124 1.09
15124 3.9
15124 5.72470588235294
15124 2.56705882352941
15124 2.62411764705882
15124 2.82352941176471
15124 0.0235294117647059
15124 0.888235294117647
15124 0.0670588235294118
15125 1.09
15125 3.9
15125 5.72470588235294
15125 2.56705882352941
15125 2.62411764705882
15125 2.82352941176471
15125 0.0235294117647059
15125 0.888235294117647
15125 0.0670588235294118
15162 1.09
15162 3.9
15162 5.72470588235294
15162 2.56705882352941
15162 2.62411764705882
15162 2.82352941176471
15162 0.0235294117647059
15162 0.888235294117647
15162 0.0670588235294118
15208 1.09
15208 3.9
15208 5.72470588235294
15208 2.56705882352941
15208 2.62411764705882
15208 2.82352941176471
15208 0.0235294117647059
15208 0.888235294117647
15208 0.0670588235294118
15253 1.09
15253 3.9
15253 5.72470588235294
15253 2.56705882352941
15253 2.62411764705882
15253 2.82352941176471
15253 0.0235294117647059
15253 0.888235294117647
15253 0.0670588235294118
15255 1.09
15255 3.9
15255 5.72470588235294
15255 2.56705882352941
15255 2.62411764705882
15255 2.82352941176471
15255 0.0235294117647059
15255 0.888235294117647
15255 0.0670588235294118
15310 1.09
15310 3.9
15310 5.72470588235294
15310 2.56705882352941
15310 2.62411764705882
15310 2.82352941176471
15310 0.0235294117647059
15310 0.888235294117647
15310 0.0670588235294118
15311 1.09
15311 3.9
15311 5.72470588235294
15311 2.56705882352941
15311 2.62411764705882
15311 2.82352941176471
15311 0.0235294117647059
15311 0.888235294117647
15311 0.0670588235294118
15312 1.09
15312 3.9
15312 5.72470588235294
15312 2.56705882352941
15312 2.62411764705882
15312 2.82352941176471
15312 0.0235294117647059
15312 0.888235294117647
15312 0.0670588235294118
15365 1.09
15365 3.9
15365 5.72470588235294
15365 2.56705882352941
15365 2.62411764705882
15365 2.82352941176471
15365 0.0235294117647059
15365 0.888235294117647
15365 0.0670588235294118
15366 1.09
15366 3.9
15366 5.72470588235294
15366 2.56705882352941
15366 2.62411764705882
15366 2.82352941176471
15366 0.0235294117647059
15366 0.888235294117647
15366 0.0670588235294118
15415 1.09
15415 3.9
15415 5.72470588235294
15415 2.56705882352941
15415 2.62411764705882
15415 2.82352941176471
15415 0.0235294117647059
15415 0.888235294117647
15415 0.0670588235294118
15424 1.09
15424 3.9
15424 5.72470588235294
15424 2.56705882352941
15424 2.62411764705882
15424 2.82352941176471
15424 0.0235294117647059
15424 0.888235294117647
15424 0.0670588235294118
15426 1.09
15426 3.9
15426 5.72470588235294
15426 2.56705882352941
15426 2.62411764705882
15426 2.82352941176471
15426 0.0235294117647059
15426 0.888235294117647
15426 0.0670588235294118
15427 1.09
15427 3.9
15427 5.72470588235294
15427 2.56705882352941
15427 2.62411764705882
15427 2.82352941176471
15427 0.0235294117647059
15427 0.888235294117647
15427 0.0670588235294118
15480 1.09
15480 3.9
15480 5.72470588235294
15480 2.56705882352941
15480 2.62411764705882
15480 2.82352941176471
15480 0.0235294117647059
15480 0.888235294117647
15480 0.0670588235294118
15491 1.09
15491 3.9
15491 5.72470588235294
15491 2.56705882352941
15491 2.62411764705882
15491 2.82352941176471
15491 0.0235294117647059
15491 0.888235294117647
15491 0.0670588235294118
15552 1.09
15552 3.9
15552 5.72470588235294
15552 2.56705882352941
15552 2.62411764705882
15552 2.82352941176471
15552 0.0235294117647059
15552 0.888235294117647
15552 0.0670588235294118
15555 1.09
15555 3.9
15555 5.72470588235294
15555 2.56705882352941
15555 2.62411764705882
15555 2.82352941176471
15555 0.0235294117647059
15555 0.888235294117647
15555 0.0670588235294118
15608 1.09
15608 3.9
15608 5.72470588235294
15608 2.56705882352941
15608 2.62411764705882
15608 2.82352941176471
15608 0.0235294117647059
15608 0.888235294117647
15608 0.0670588235294118
15611 1.09
15611 3.9
15611 5.72470588235294
15611 2.56705882352941
15611 2.62411764705882
15611 2.82352941176471
15611 0.0235294117647059
15611 0.888235294117647
15611 0.0670588235294118
15618 1.09
15618 3.9
15618 5.72470588235294
15618 2.56705882352941
15618 2.62411764705882
15618 2.82352941176471
15618 0.0235294117647059
15618 0.888235294117647
15618 0.0670588235294118
15619 1.09
15619 3.9
15619 5.72470588235294
15619 2.56705882352941
15619 2.62411764705882
15619 2.82352941176471
15619 0.0235294117647059
15619 0.888235294117647
15619 0.0670588235294118
15683 1.09
15683 3.9
15683 5.72470588235294
15683 2.56705882352941
15683 2.62411764705882
15683 2.82352941176471
15683 0.0235294117647059
15683 0.888235294117647
15683 0.0670588235294118
15748 1.09
15748 3.9
15748 5.72470588235294
15748 2.56705882352941
15748 2.62411764705882
15748 2.82352941176471
15748 0.0235294117647059
15748 0.888235294117647
15748 0.0670588235294118
15750 1.09
15750 3.9
15750 5.72470588235294
15750 2.56705882352941
15750 2.62411764705882
15750 2.82352941176471
15750 0.0235294117647059
15750 0.888235294117647
15750 0.0670588235294118
15751 1.09
15751 3.9
15751 5.72470588235294
15751 2.56705882352941
15751 2.62411764705882
15751 2.82352941176471
15751 0.0235294117647059
15751 0.888235294117647
15751 0.0670588235294118
15752 1.09
15752 3.9
15752 5.72470588235294
15752 2.56705882352941
15752 2.62411764705882
15752 2.82352941176471
15752 0.0235294117647059
15752 0.888235294117647
15752 0.0670588235294118
15817 1.09
15817 3.9
15817 5.72470588235294
15817 2.56705882352941
15817 2.62411764705882
15817 2.82352941176471
15817 0.0235294117647059
15817 0.888235294117647
15817 0.0670588235294118
15820 1.09
15820 3.9
15820 5.72470588235294
15820 2.56705882352941
15820 2.62411764705882
15820 2.82352941176471
15820 0.0235294117647059
15820 0.888235294117647
15820 0.0670588235294118
15881 1.09
15881 3.9
15881 5.72470588235294
15881 2.56705882352941
15881 2.62411764705882
15881 2.82352941176471
15881 0.0235294117647059
15881 0.888235294117647
15881 0.0670588235294118
15882 1.09
15882 3.9
15882 5.72470588235294
15882 2.56705882352941
15882 2.62411764705882
15882 2.82352941176471
15882 0.0235294117647059
15882 0.888235294117647
15882 0.0670588235294118
15943 1.09
15943 3.9
15943 5.72470588235294
15943 2.56705882352941
15943 2.62411764705882
15943 2.82352941176471
15943 0.0235294117647059
15943 0.888235294117647
15943 0.0670588235294118
15944 1.09
15944 3.9
15944 5.72470588235294
15944 2.56705882352941
15944 2.62411764705882
15944 2.82352941176471
15944 0.0235294117647059
15944 0.888235294117647
15944 0.0670588235294118
15945 1.09
15945 3.9
15945 5.72470588235294
15945 2.56705882352941
15945 2.62411764705882
15945 2.82352941176471
15945 0.0235294117647059
15945 0.888235294117647
15945 0.0670588235294118
15947 1.09
15947 3.9
15947 5.72470588235294
15947 2.56705882352941
15947 2.62411764705882
15947 2.82352941176471
15947 0.0235294117647059
15947 0.888235294117647
15947 0.0670588235294118
15948 1.09
15948 3.9
15948 5.72470588235294
15948 2.56705882352941
15948 2.62411764705882
15948 2.82352941176471
15948 0.0235294117647059
15948 0.888235294117647
15948 0.0670588235294118
15949 1.09
15949 3.9
15949 5.72470588235294
15949 2.56705882352941
15949 2.62411764705882
15949 2.82352941176471
15949 0.0235294117647059
15949 0.888235294117647
15949 0.0670588235294118
16001 1.09
16001 3.9
16001 5.72470588235294
16001 2.56705882352941
16001 2.62411764705882
16001 2.82352941176471
16001 0.0235294117647059
16001 0.888235294117647
16001 0.0670588235294118
16003 1.09
16003 3.9
16003 5.72470588235294
16003 2.56705882352941
16003 2.62411764705882
16003 2.82352941176471
16003 0.0235294117647059
16003 0.888235294117647
16003 0.0670588235294118
16004 1.09
16004 3.9
16004 5.72470588235294
16004 2.56705882352941
16004 2.62411764705882
16004 2.82352941176471
16004 0.0235294117647059
16004 0.888235294117647
16004 0.0670588235294118
16005 1.09
16005 3.9
16005 5.72470588235294
16005 2.56705882352941
16005 2.62411764705882
16005 2.82352941176471
16005 0.0235294117647059
16005 0.888235294117647
16005 0.0670588235294118
16053 1.09
16053 3.9
16053 5.72470588235294
16053 2.56705882352941
16053 2.62411764705882
16053 2.82352941176471
16053 0.0235294117647059
16053 0.888235294117647
16053 0.0670588235294118
16056 1.09
16056 3.9
16056 5.72470588235294
16056 2.56705882352941
16056 2.62411764705882
16056 2.82352941176471
16056 0.0235294117647059
16056 0.888235294117647
16056 0.0670588235294118
16101 1.09
16101 3.9
16101 5.72470588235294
16101 2.56705882352941
16101 2.62411764705882
16101 2.82352941176471
16101 0.0235294117647059
16101 0.888235294117647
16101 0.0670588235294118
16103 1.09
16103 3.9
16103 5.72470588235294
16103 2.56705882352941
16103 2.62411764705882
16103 2.82352941176471
16103 0.0235294117647059
16103 0.888235294117647
16103 0.0670588235294118
16104 1.09
16104 3.9
16104 5.72470588235294
16104 2.56705882352941
16104 2.62411764705882
16104 2.82352941176471
16104 0.0235294117647059
16104 0.888235294117647
16104 0.0670588235294118
16150 1.09
16150 3.9
16150 5.72470588235294
16150 2.56705882352941
16150 2.62411764705882
16150 2.82352941176471
16150 0.0235294117647059
16150 0.888235294117647
16150 0.0670588235294118
16151 1.09
16151 3.9
16151 5.72470588235294
16151 2.56705882352941
16151 2.62411764705882
16151 2.82352941176471
16151 0.0235294117647059
16151 0.888235294117647
16151 0.0670588235294118
16152 1.09
16152 3.9
16152 5.72470588235294
16152 2.56705882352941
16152 2.62411764705882
16152 2.82352941176471
16152 0.0235294117647059
16152 0.888235294117647
16152 0.0670588235294118
16196 1.09
16196 3.9
16196 5.72470588235294
16196 2.56705882352941
16196 2.62411764705882
16196 2.82352941176471
16196 0.0235294117647059
16196 0.888235294117647
16196 0.0670588235294118
16197 1.09
16197 3.9
16197 5.72470588235294
16197 2.56705882352941
16197 2.62411764705882
16197 2.82352941176471
16197 0.0235294117647059
16197 0.888235294117647
16197 0.0670588235294118
16198 1.09
16198 3.9
16198 5.72470588235294
16198 2.56705882352941
16198 2.62411764705882
16198 2.82352941176471
16198 0.0235294117647059
16198 0.888235294117647
16198 0.0670588235294118
16199 1.09
16199 3.9
16199 5.72470588235294
16199 2.56705882352941
16199 2.62411764705882
16199 2.82352941176471
16199 0.0235294117647059
16199 0.888235294117647
16199 0.0670588235294118
16242 1.09
16242 3.9
16242 5.72470588235294
16242 2.56705882352941
16242 2.62411764705882
16242 2.82352941176471
16242 0.0235294117647059
16242 0.888235294117647
16242 0.0670588235294118
16244 1.09
16244 3.9
16244 5.72470588235294
16244 2.56705882352941
16244 2.62411764705882
16244 2.82352941176471
16244 0.0235294117647059
16244 0.888235294117647
16244 0.0670588235294118
16245 1.09
16245 3.9
16245 5.72470588235294
16245 2.56705882352941
16245 2.62411764705882
16245 2.82352941176471
16245 0.0235294117647059
16245 0.888235294117647
16245 0.0670588235294118
16246 1.09
16246 3.9
16246 5.72470588235294
16246 2.56705882352941
16246 2.62411764705882
16246 2.82352941176471
16246 0.0235294117647059
16246 0.888235294117647
16246 0.0670588235294118
16284 1.09
16284 3.9
16284 5.72470588235294
16284 2.56705882352941
16284 2.62411764705882
16284 2.82352941176471
16284 0.0235294117647059
16284 0.888235294117647
16284 0.0670588235294118
16289 1.09
16289 3.9
16289 5.72470588235294
16289 2.56705882352941
16289 2.62411764705882
16289 2.82352941176471
16289 0.0235294117647059
16289 0.888235294117647
16289 0.0670588235294118
16290 1.09
16290 3.9
16290 5.72470588235294
16290 2.56705882352941
16290 2.62411764705882
16290 2.82352941176471
16290 0.0235294117647059
16290 0.888235294117647
16290 0.0670588235294118
16291 1.09
16291 3.9
16291 5.72470588235294
16291 2.56705882352941
16291 2.62411764705882
16291 2.82352941176471
16291 0.0235294117647059
16291 0.888235294117647
16291 0.0670588235294118
16292 1.09
16292 3.9
16292 5.72470588235294
16292 2.56705882352941
16292 2.62411764705882
16292 2.82352941176471
16292 0.0235294117647059
16292 0.888235294117647
16292 0.0670588235294118
16293 1.09
16293 3.9
16293 5.72470588235294
16293 2.56705882352941
16293 2.62411764705882
16293 2.82352941176471
16293 0.0235294117647059
16293 0.888235294117647
16293 0.0670588235294118
16332 1.09
16332 3.9
16332 5.72470588235294
16332 2.56705882352941
16332 2.62411764705882
16332 2.82352941176471
16332 0.0235294117647059
16332 0.888235294117647
16332 0.0670588235294118
16335 1.09
16335 3.9
16335 5.72470588235294
16335 2.56705882352941
16335 2.62411764705882
16335 2.82352941176471
16335 0.0235294117647059
16335 0.888235294117647
16335 0.0670588235294118
16337 1.09
16337 3.9
16337 5.72470588235294
16337 2.56705882352941
16337 2.62411764705882
16337 2.82352941176471
16337 0.0235294117647059
16337 0.888235294117647
16337 0.0670588235294118
16338 1.09
16338 3.9
16338 5.72470588235294
16338 2.56705882352941
16338 2.62411764705882
16338 2.82352941176471
16338 0.0235294117647059
16338 0.888235294117647
16338 0.0670588235294118
16371 1.09
16371 3.9
16371 5.72470588235294
16371 2.56705882352941
16371 2.62411764705882
16371 2.82352941176471
16371 0.0235294117647059
16371 0.888235294117647
16371 0.0670588235294118
16380 1.09
16380 3.9
16380 5.72470588235294
16380 2.56705882352941
16380 2.62411764705882
16380 2.82352941176471
16380 0.0235294117647059
16380 0.888235294117647
16380 0.0670588235294118
16411 1.09
16411 3.9
16411 5.72470588235294
16411 2.56705882352941
16411 2.62411764705882
16411 2.82352941176471
16411 0.0235294117647059
16411 0.888235294117647
16411 0.0670588235294118
16414 1.09
16414 3.9
16414 5.72470588235294
16414 2.56705882352941
16414 2.62411764705882
16414 2.82352941176471
16414 0.0235294117647059
16414 0.888235294117647
16414 0.0670588235294118
16455 1.09
16455 3.9
16455 5.72470588235294
16455 2.56705882352941
16455 2.62411764705882
16455 2.82352941176471
16455 0.0235294117647059
16455 0.888235294117647
16455 0.0670588235294118
16458 1.09
16458 3.9
16458 5.72470588235294
16458 2.56705882352941
16458 2.62411764705882
16458 2.82352941176471
16458 0.0235294117647059
16458 0.888235294117647
16458 0.0670588235294118
16465 1.09
16465 3.9
16465 5.72470588235294
16465 2.56705882352941
16465 2.62411764705882
16465 2.82352941176471
16465 0.0235294117647059
16465 0.888235294117647
16465 0.0670588235294118
16466 1.09
16466 3.9
16466 5.72470588235294
16466 2.56705882352941
16466 2.62411764705882
16466 2.82352941176471
16466 0.0235294117647059
16466 0.888235294117647
16466 0.0670588235294118
16468 1.09
16468 3.9
16468 5.72470588235294
16468 2.56705882352941
16468 2.62411764705882
16468 2.82352941176471
16468 0.0235294117647059
16468 0.888235294117647
16468 0.0670588235294118
16499 1.09
16499 3.9
16499 5.72470588235294
16499 2.56705882352941
16499 2.62411764705882
16499 2.82352941176471
16499 0.0235294117647059
16499 0.888235294117647
16499 0.0670588235294118
16500 1.09
16500 3.9
16500 5.72470588235294
16500 2.56705882352941
16500 2.62411764705882
16500 2.82352941176471
16500 0.0235294117647059
16500 0.888235294117647
16500 0.0670588235294118
16503 1.09
16503 3.9
16503 5.72470588235294
16503 2.56705882352941
16503 2.62411764705882
16503 2.82352941176471
16503 0.0235294117647059
16503 0.888235294117647
16503 0.0670588235294118
16505 1.09
16505 3.9
16505 5.72470588235294
16505 2.56705882352941
16505 2.62411764705882
16505 2.82352941176471
16505 0.0235294117647059
16505 0.888235294117647
16505 0.0670588235294118
16511 1.09
16511 3.9
16511 5.72470588235294
16511 2.56705882352941
16511 2.62411764705882
16511 2.82352941176471
16511 0.0235294117647059
16511 0.888235294117647
16511 0.0670588235294118
16513 1.09
16513 3.9
16513 5.72470588235294
16513 2.56705882352941
16513 2.62411764705882
16513 2.82352941176471
16513 0.0235294117647059
16513 0.888235294117647
16513 0.0670588235294118
16542 1.09
16542 3.9
16542 5.72470588235294
16542 2.56705882352941
16542 2.62411764705882
16542 2.82352941176471
16542 0.0235294117647059
16542 0.888235294117647
16542 0.0670588235294118
16543 1.09
16543 3.9
16543 5.72470588235294
16543 2.56705882352941
16543 2.62411764705882
16543 2.82352941176471
16543 0.0235294117647059
16543 0.888235294117647
16543 0.0670588235294118
16545 1.09
16545 3.9
16545 5.72470588235294
16545 2.56705882352941
16545 2.62411764705882
16545 2.82352941176471
16545 0.0235294117647059
16545 0.888235294117647
16545 0.0670588235294118
16546 1.09
16546 3.9
16546 5.72470588235294
16546 2.56705882352941
16546 2.62411764705882
16546 2.82352941176471
16546 0.0235294117647059
16546 0.888235294117647
16546 0.0670588235294118
16547 1.09
16547 3.9
16547 5.72470588235294
16547 2.56705882352941
16547 2.62411764705882
16547 2.82352941176471
16547 0.0235294117647059
16547 0.888235294117647
16547 0.0670588235294118
16549 1.09
16549 3.9
16549 5.72470588235294
16549 2.56705882352941
16549 2.62411764705882
16549 2.82352941176471
16549 0.0235294117647059
16549 0.888235294117647
16549 0.0670588235294118
16550 1.09
16550 3.9
16550 5.72470588235294
16550 2.56705882352941
16550 2.62411764705882
16550 2.82352941176471
16550 0.0235294117647059
16550 0.888235294117647
16550 0.0670588235294118
16551 1.09
16551 3.9
16551 5.72470588235294
16551 2.56705882352941
16551 2.62411764705882
16551 2.82352941176471
16551 0.0235294117647059
16551 0.888235294117647
16551 0.0670588235294118
16586 1.09
16586 3.9
16586 5.72470588235294
16586 2.56705882352941
16586 2.62411764705882
16586 2.82352941176471
16586 0.0235294117647059
16586 0.888235294117647
16586 0.0670588235294118
16589 1.09
16589 3.9
16589 5.72470588235294
16589 2.56705882352941
16589 2.62411764705882
16589 2.82352941176471
16589 0.0235294117647059
16589 0.888235294117647
16589 0.0670588235294118
16590 1.09
16590 3.9
16590 5.72470588235294
16590 2.56705882352941
16590 2.62411764705882
16590 2.82352941176471
16590 0.0235294117647059
16590 0.888235294117647
16590 0.0670588235294118
16593 1.09
16593 3.9
16593 5.72470588235294
16593 2.56705882352941
16593 2.62411764705882
16593 2.82352941176471
16593 0.0235294117647059
16593 0.888235294117647
16593 0.0670588235294118
16594 1.09
16594 3.9
16594 5.72470588235294
16594 2.56705882352941
16594 2.62411764705882
16594 2.82352941176471
16594 0.0235294117647059
16594 0.888235294117647
16594 0.0670588235294118
16597 1.09
16597 3.9
16597 5.72470588235294
16597 2.56705882352941
16597 2.62411764705882
16597 2.82352941176471
16597 0.0235294117647059
16597 0.888235294117647
16597 0.0670588235294118
16635 1.09
16635 3.9
16635 5.72470588235294
16635 2.56705882352941
16635 2.62411764705882
16635 2.82352941176471
16635 0.0235294117647059
16635 0.888235294117647
16635 0.0670588235294118
16638 1.09
16638 3.9
16638 5.72470588235294
16638 2.56705882352941
16638 2.62411764705882
16638 2.82352941176471
16638 0.0235294117647059
16638 0.888235294117647
16638 0.0670588235294118
16640 1.09
16640 3.9
16640 5.72470588235294
16640 2.56705882352941
16640 2.62411764705882
16640 2.82352941176471
16640 0.0235294117647059
16640 0.888235294117647
16640 0.0670588235294118
16641 1.09
16641 3.9
16641 5.72470588235294
16641 2.56705882352941
16641 2.62411764705882
16641 2.82352941176471
16641 0.0235294117647059
16641 0.888235294117647
16641 0.0670588235294118
16642 1.09
16642 3.9
16642 5.72470588235294
16642 2.56705882352941
16642 2.62411764705882
16642 2.82352941176471
16642 0.0235294117647059
16642 0.888235294117647
16642 0.0670588235294118
16676 1.09
16676 3.9
16676 5.72470588235294
16676 2.56705882352941
16676 2.62411764705882
16676 2.82352941176471
16676 0.0235294117647059
16676 0.888235294117647
16676 0.0670588235294118
16677 1.09
16677 3.9
16677 5.72470588235294
16677 2.56705882352941
16677 2.62411764705882
16677 2.82352941176471
16677 0.0235294117647059
16677 0.888235294117647
16677 0.0670588235294118
16678 1.09
16678 3.9
16678 5.72470588235294
16678 2.56705882352941
16678 2.62411764705882
16678 2.82352941176471
16678 0.0235294117647059
16678 0.888235294117647
16678 0.0670588235294118
16679 1.09
16679 3.9
16679 5.72470588235294
16679 2.56705882352941
16679 2.62411764705882
16679 2.82352941176471
16679 0.0235294117647059
16679 0.888235294117647
16679 0.0670588235294118
16681 1.09
16681 3.9
16681 5.72470588235294
16681 2.56705882352941
16681 2.62411764705882
16681 2.82352941176471
16681 0.0235294117647059
16681 0.888235294117647
16681 0.0670588235294118
16682 1.09
16682 3.9
16682 5.72470588235294
16682 2.56705882352941
16682 2.62411764705882
16682 2.82352941176471
16682 0.0235294117647059
16682 0.888235294117647
16682 0.0670588235294118
16683 1.09
16683 3.9
16683 5.72470588235294
16683 2.56705882352941
16683 2.62411764705882
16683 2.82352941176471
16683 0.0235294117647059
16683 0.888235294117647
16683 0.0670588235294118
16685 1.09
16685 3.9
16685 5.72470588235294
16685 2.56705882352941
16685 2.62411764705882
16685 2.82352941176471
16685 0.0235294117647059
16685 0.888235294117647
16685 0.0670588235294118
16722 1.09
16722 3.9
16722 5.72470588235294
16722 2.56705882352941
16722 2.62411764705882
16722 2.82352941176471
16722 0.0235294117647059
16722 0.888235294117647
16722 0.0670588235294118
16724 1.09
16724 3.9
16724 5.72470588235294
16724 2.56705882352941
16724 2.62411764705882
16724 2.82352941176471
16724 0.0235294117647059
16724 0.888235294117647
16724 0.0670588235294118
16725 1.09
16725 3.9
16725 5.72470588235294
16725 2.56705882352941
16725 2.62411764705882
16725 2.82352941176471
16725 0.0235294117647059
16725 0.888235294117647
16725 0.0670588235294118
16726 1.09
16726 3.9
16726 5.72470588235294
16726 2.56705882352941
16726 2.62411764705882
16726 2.82352941176471
16726 0.0235294117647059
16726 0.888235294117647
16726 0.0670588235294118
16727 1.09
16727 3.9
16727 5.72470588235294
16727 2.56705882352941
16727 2.62411764705882
16727 2.82352941176471
16727 0.0235294117647059
16727 0.888235294117647
16727 0.0670588235294118
16728 1.09
16728 3.9
16728 5.72470588235294
16728 2.56705882352941
16728 2.62411764705882
16728 2.82352941176471
16728 0.0235294117647059
16728 0.888235294117647
16728 0.0670588235294118
16731 1.09
16731 3.9
16731 5.72470588235294
16731 2.56705882352941
16731 2.62411764705882
16731 2.82352941176471
16731 0.0235294117647059
16731 0.888235294117647
16731 0.0670588235294118
16766 1.09
16766 3.9
16766 5.72470588235294
16766 2.56705882352941
16766 2.62411764705882
16766 2.82352941176471
16766 0.0235294117647059
16766 0.888235294117647
16766 0.0670588235294118
16767 1.09
16767 3.9
16767 5.72470588235294
16767 2.56705882352941
16767 2.62411764705882
16767 2.82352941176471
16767 0.0235294117647059
16767 0.888235294117647
16767 0.0670588235294118
16771 1.09
16771 3.9
16771 5.72470588235294
16771 2.56705882352941
16771 2.62411764705882
16771 2.82352941176471
16771 0.0235294117647059
16771 0.888235294117647
16771 0.0670588235294118
16773 1.09
16773 3.9
16773 5.72470588235294
16773 2.56705882352941
16773 2.62411764705882
16773 2.82352941176471
16773 0.0235294117647059
16773 0.888235294117647
16773 0.0670588235294118
16775 1.09
16775 3.9
16775 5.72470588235294
16775 2.56705882352941
16775 2.62411764705882
16775 2.82352941176471
16775 0.0235294117647059
16775 0.888235294117647
16775 0.0670588235294118
16777 1.09
16777 3.9
16777 5.72470588235294
16777 2.56705882352941
16777 2.62411764705882
16777 2.82352941176471
16777 0.0235294117647059
16777 0.888235294117647
16777 0.0670588235294118
16815 1.09
16815 3.9
16815 5.72470588235294
16815 2.56705882352941
16815 2.62411764705882
16815 2.82352941176471
16815 0.0235294117647059
16815 0.888235294117647
16815 0.0670588235294118
16820 1.09
16820 3.9
16820 5.72470588235294
16820 2.56705882352941
16820 2.62411764705882
16820 2.82352941176471
16820 0.0235294117647059
16820 0.888235294117647
16820 0.0670588235294118
16822 1.09
16822 3.9
16822 5.72470588235294
16822 2.56705882352941
16822 2.62411764705882
16822 2.82352941176471
16822 0.0235294117647059
16822 0.888235294117647
16822 0.0670588235294118
16823 1.09
16823 3.9
16823 5.72470588235294
16823 2.56705882352941
16823 2.62411764705882
16823 2.82352941176471
16823 0.0235294117647059
16823 0.888235294117647
16823 0.0670588235294118
16824 1.09
16824 3.9
16824 5.72470588235294
16824 2.56705882352941
16824 2.62411764705882
16824 2.82352941176471
16824 0.0235294117647059
16824 0.888235294117647
16824 0.0670588235294118
16862 1.09
16862 3.9
16862 5.72470588235294
16862 2.56705882352941
16862 2.62411764705882
16862 2.82352941176471
16862 0.0235294117647059
16862 0.888235294117647
16862 0.0670588235294118
16864 1.09
16864 3.9
16864 5.72470588235294
16864 2.56705882352941
16864 2.62411764705882
16864 2.82352941176471
16864 0.0235294117647059
16864 0.888235294117647
16864 0.0670588235294118
16866 1.09
16866 3.9
16866 5.72470588235294
16866 2.56705882352941
16866 2.62411764705882
16866 2.82352941176471
16866 0.0235294117647059
16866 0.888235294117647
16866 0.0670588235294118
16867 1.09
16867 3.9
16867 5.72470588235294
16867 2.56705882352941
16867 2.62411764705882
16867 2.82352941176471
16867 0.0235294117647059
16867 0.888235294117647
16867 0.0670588235294118
16869 1.09
16869 3.9
16869 5.72470588235294
16869 2.56705882352941
16869 2.62411764705882
16869 2.82352941176471
16869 0.0235294117647059
16869 0.888235294117647
16869 0.0670588235294118
16870 1.09
16870 3.9
16870 5.72470588235294
16870 2.56705882352941
16870 2.62411764705882
16870 2.82352941176471
16870 0.0235294117647059
16870 0.888235294117647
16870 0.0670588235294118
16912 1.09
16912 3.9
16912 5.72470588235294
16912 2.56705882352941
16912 2.62411764705882
16912 2.82352941176471
16912 0.0235294117647059
16912 0.888235294117647
16912 0.0670588235294118
16913 1.09
16913 3.9
16913 5.72470588235294
16913 2.56705882352941
16913 2.62411764705882
16913 2.82352941176471
16913 0.0235294117647059
16913 0.888235294117647
16913 0.0670588235294118
16914 1.09
16914 3.9
16914 5.72470588235294
16914 2.56705882352941
16914 2.62411764705882
16914 2.82352941176471
16914 0.0235294117647059
16914 0.888235294117647
16914 0.0670588235294118
16916 1.09
16916 3.9
16916 5.72470588235294
16916 2.56705882352941
16916 2.62411764705882
16916 2.82352941176471
16916 0.0235294117647059
16916 0.888235294117647
16916 0.0670588235294118
16917 1.09
16917 3.9
16917 5.72470588235294
16917 2.56705882352941
16917 2.62411764705882
16917 2.82352941176471
16917 0.0235294117647059
16917 0.888235294117647
16917 0.0670588235294118
16918 1.09
16918 3.9
16918 5.72470588235294
16918 2.56705882352941
16918 2.62411764705882
16918 2.82352941176471
16918 0.0235294117647059
16918 0.888235294117647
16918 0.0670588235294118
16919 1.09
16919 3.9
16919 5.72470588235294
16919 2.56705882352941
16919 2.62411764705882
16919 2.82352941176471
16919 0.0235294117647059
16919 0.888235294117647
16919 0.0670588235294118
16920 1.09
16920 3.9
16920 5.72470588235294
16920 2.56705882352941
16920 2.62411764705882
16920 2.82352941176471
16920 0.0235294117647059
16920 0.888235294117647
16920 0.0670588235294118
16955 1.09
16955 3.9
16955 5.72470588235294
16955 2.56705882352941
16955 2.62411764705882
16955 2.82352941176471
16955 0.0235294117647059
16955 0.888235294117647
16955 0.0670588235294118
16956 1.09
16956 3.9
16956 5.72470588235294
16956 2.56705882352941
16956 2.62411764705882
16956 2.82352941176471
16956 0.0235294117647059
16956 0.888235294117647
16956 0.0670588235294118
16958 1.09
16958 3.9
16958 5.72470588235294
16958 2.56705882352941
16958 2.62411764705882
16958 2.82352941176471
16958 0.0235294117647059
16958 0.888235294117647
16958 0.0670588235294118
16959 1.09
16959 3.9
16959 5.72470588235294
16959 2.56705882352941
16959 2.62411764705882
16959 2.82352941176471
16959 0.0235294117647059
16959 0.888235294117647
16959 0.0670588235294118
16962 1.09
16962 3.9
16962 5.72470588235294
16962 2.56705882352941
16962 2.62411764705882
16962 2.82352941176471
16962 0.0235294117647059
16962 0.888235294117647
16962 0.0670588235294118
16963 1.09
16963 3.9
16963 5.72470588235294
16963 2.56705882352941
16963 2.62411764705882
16963 2.82352941176471
16963 0.0235294117647059
16963 0.888235294117647
16963 0.0670588235294118
16964 1.09
16964 3.9
16964 5.72470588235294
16964 2.56705882352941
16964 2.62411764705882
16964 2.82352941176471
16964 0.0235294117647059
16964 0.888235294117647
16964 0.0670588235294118
16996 1.09
16996 3.9
16996 5.72470588235294
16996 2.56705882352941
16996 2.62411764705882
16996 2.82352941176471
16996 0.0235294117647059
16996 0.888235294117647
16996 0.0670588235294118
16998 1.09
16998 3.9
16998 5.72470588235294
16998 2.56705882352941
16998 2.62411764705882
16998 2.82352941176471
16998 0.0235294117647059
16998 0.888235294117647
16998 0.0670588235294118
16999 1.09
16999 3.9
16999 5.72470588235294
16999 2.56705882352941
16999 2.62411764705882
16999 2.82352941176471
16999 0.0235294117647059
16999 0.888235294117647
16999 0.0670588235294118
17001 1.09
17001 3.9
17001 5.72470588235294
17001 2.56705882352941
17001 2.62411764705882
17001 2.82352941176471
17001 0.0235294117647059
17001 0.888235294117647
17001 0.0670588235294118
17005 1.09
17005 3.9
17005 5.72470588235294
17005 2.56705882352941
17005 2.62411764705882
17005 2.82352941176471
17005 0.0235294117647059
17005 0.888235294117647
17005 0.0670588235294118
17006 1.09
17006 3.9
17006 5.72470588235294
17006 2.56705882352941
17006 2.62411764705882
17006 2.82352941176471
17006 0.0235294117647059
17006 0.888235294117647
17006 0.0670588235294118
17007 1.09
17007 3.9
17007 5.72470588235294
17007 2.56705882352941
17007 2.62411764705882
17007 2.82352941176471
17007 0.0235294117647059
17007 0.888235294117647
17007 0.0670588235294118
17037 1.09
17037 3.9
17037 5.72470588235294
17037 2.56705882352941
17037 2.62411764705882
17037 2.82352941176471
17037 0.0235294117647059
17037 0.888235294117647
17037 0.0670588235294118
17038 1.09
17038 3.9
17038 5.72470588235294
17038 2.56705882352941
17038 2.62411764705882
17038 2.82352941176471
17038 0.0235294117647059
17038 0.888235294117647
17038 0.0670588235294118
17040 1.09
17040 3.9
17040 5.72470588235294
17040 2.56705882352941
17040 2.62411764705882
17040 2.82352941176471
17040 0.0235294117647059
17040 0.888235294117647
17040 0.0670588235294118
17043 1.09
17043 3.9
17043 5.72470588235294
17043 2.56705882352941
17043 2.62411764705882
17043 2.82352941176471
17043 0.0235294117647059
17043 0.888235294117647
17043 0.0670588235294118
17046 1.09
17046 3.9
17046 5.72470588235294
17046 2.56705882352941
17046 2.62411764705882
17046 2.82352941176471
17046 0.0235294117647059
17046 0.888235294117647
17046 0.0670588235294118
17047 1.09
17047 3.9
17047 5.72470588235294
17047 2.56705882352941
17047 2.62411764705882
17047 2.82352941176471
17047 0.0235294117647059
17047 0.888235294117647
17047 0.0670588235294118
17048 1.09
17048 3.9
17048 5.72470588235294
17048 2.56705882352941
17048 2.62411764705882
17048 2.82352941176471
17048 0.0235294117647059
17048 0.888235294117647
17048 0.0670588235294118
17078 1.09
17078 3.9
17078 5.72470588235294
17078 2.56705882352941
17078 2.62411764705882
17078 2.82352941176471
17078 0.0235294117647059
17078 0.888235294117647
17078 0.0670588235294118
17081 1.09
17081 3.9
17081 5.72470588235294
17081 2.56705882352941
17081 2.62411764705882
17081 2.82352941176471
17081 0.0235294117647059
17081 0.888235294117647
17081 0.0670588235294118
17087 1.09
17087 3.9
17087 5.72470588235294
17087 2.56705882352941
17087 2.62411764705882
17087 2.82352941176471
17087 0.0235294117647059
17087 0.888235294117647
17087 0.0670588235294118
17088 1.09
17088 3.9
17088 5.72470588235294
17088 2.56705882352941
17088 2.62411764705882
17088 2.82352941176471
17088 0.0235294117647059
17088 0.888235294117647
17088 0.0670588235294118
17089 1.09
17089 3.9
17089 5.72470588235294
17089 2.56705882352941
17089 2.62411764705882
17089 2.82352941176471
17089 0.0235294117647059
17089 0.888235294117647
17089 0.0670588235294118
17090 1.09
17090 3.9
17090 5.72470588235294
17090 2.56705882352941
17090 2.62411764705882
17090 2.82352941176471
17090 0.0235294117647059
17090 0.888235294117647
17090 0.0670588235294118
17119 1.09
17119 3.9
17119 5.72470588235294
17119 2.56705882352941
17119 2.62411764705882
17119 2.82352941176471
17119 0.0235294117647059
17119 0.888235294117647
17119 0.0670588235294118
17120 1.09
17120 3.9
17120 5.72470588235294
17120 2.56705882352941
17120 2.62411764705882
17120 2.82352941176471
17120 0.0235294117647059
17120 0.888235294117647
17120 0.0670588235294118
17122 1.09
17122 3.9
17122 5.72470588235294
17122 2.56705882352941
17122 2.62411764705882
17122 2.82352941176471
17122 0.0235294117647059
17122 0.888235294117647
17122 0.0670588235294118
17129 1.09
17129 3.9
17129 5.72470588235294
17129 2.56705882352941
17129 2.62411764705882
17129 2.82352941176471
17129 0.0235294117647059
17129 0.888235294117647
17129 0.0670588235294118
17130 1.09
17130 3.9
17130 5.72470588235294
17130 2.56705882352941
17130 2.62411764705882
17130 2.82352941176471
17130 0.0235294117647059
17130 0.888235294117647
17130 0.0670588235294118
17131 1.09
17131 3.9
17131 5.72470588235294
17131 2.56705882352941
17131 2.62411764705882
17131 2.82352941176471
17131 0.0235294117647059
17131 0.888235294117647
17131 0.0670588235294118
17160 1.09
17160 3.9
17160 5.72470588235294
17160 2.56705882352941
17160 2.62411764705882
17160 2.82352941176471
17160 0.0235294117647059
17160 0.888235294117647
17160 0.0670588235294118
17161 1.09
17161 3.9
17161 5.72470588235294
17161 2.56705882352941
17161 2.62411764705882
17161 2.82352941176471
17161 0.0235294117647059
17161 0.888235294117647
17161 0.0670588235294118
17162 1.09
17162 3.9
17162 5.72470588235294
17162 2.56705882352941
17162 2.62411764705882
17162 2.82352941176471
17162 0.0235294117647059
17162 0.888235294117647
17162 0.0670588235294118
17163 1.09
17163 3.9
17163 5.72470588235294
17163 2.56705882352941
17163 2.62411764705882
17163 2.82352941176471
17163 0.0235294117647059
17163 0.888235294117647
17163 0.0670588235294118
17171 1.09
17171 3.9
17171 5.72470588235294
17171 2.56705882352941
17171 2.62411764705882
17171 2.82352941176471
17171 0.0235294117647059
17171 0.888235294117647
17171 0.0670588235294118
17172 1.09
17172 3.9
17172 5.72470588235294
17172 2.56705882352941
17172 2.62411764705882
17172 2.82352941176471
17172 0.0235294117647059
17172 0.888235294117647
17172 0.0670588235294118
17173 1.09
17173 3.9
17173 5.72470588235294
17173 2.56705882352941
17173 2.62411764705882
17173 2.82352941176471
17173 0.0235294117647059
17173 0.888235294117647
17173 0.0670588235294118
17202 1.09
17202 3.9
17202 5.72470588235294
17202 2.56705882352941
17202 2.62411764705882
17202 2.82352941176471
17202 0.0235294117647059
17202 0.888235294117647
17202 0.0670588235294118
17203 1.09
17203 3.9
17203 5.72470588235294
17203 2.56705882352941
17203 2.62411764705882
17203 2.82352941176471
17203 0.0235294117647059
17203 0.888235294117647
17203 0.0670588235294118
17204 1.09
17204 3.9
17204 5.72470588235294
17204 2.56705882352941
17204 2.62411764705882
17204 2.82352941176471
17204 0.0235294117647059
17204 0.888235294117647
17204 0.0670588235294118
17214 1.09
17214 3.9
17214 5.72470588235294
17214 2.56705882352941
17214 2.62411764705882
17214 2.82352941176471
17214 0.0235294117647059
17214 0.888235294117647
17214 0.0670588235294118
17216 1.09
17216 3.9
17216 5.72470588235294
17216 2.56705882352941
17216 2.62411764705882
17216 2.82352941176471
17216 0.0235294117647059
17216 0.888235294117647
17216 0.0670588235294118
17243 1.09
17243 3.9
17243 5.72470588235294
17243 2.56705882352941
17243 2.62411764705882
17243 2.82352941176471
17243 0.0235294117647059
17243 0.888235294117647
17243 0.0670588235294118
17244 1.09
17244 3.9
17244 5.72470588235294
17244 2.56705882352941
17244 2.62411764705882
17244 2.82352941176471
17244 0.0235294117647059
17244 0.888235294117647
17244 0.0670588235294118
17253 1.09
17253 3.9
17253 5.72470588235294
17253 2.56705882352941
17253 2.62411764705882
17253 2.82352941176471
17253 0.0235294117647059
17253 0.888235294117647
17253 0.0670588235294118
17290 1.09
17290 3.9
17290 5.72470588235294
17290 2.56705882352941
17290 2.62411764705882
17290 2.82352941176471
17290 0.0235294117647059
17290 0.888235294117647
17290 0.0670588235294118
17326 1.09
17326 3.9
17326 5.72470588235294
17326 2.56705882352941
17326 2.62411764705882
17326 2.82352941176471
17326 0.0235294117647059
17326 0.888235294117647
17326 0.0670588235294118
17327 1.09
17327 3.9
17327 5.72470588235294
17327 2.56705882352941
17327 2.62411764705882
17327 2.82352941176471
17327 0.0235294117647059
17327 0.888235294117647
17327 0.0670588235294118
17328 1.09
17328 3.9
17328 5.72470588235294
17328 2.56705882352941
17328 2.62411764705882
17328 2.82352941176471
17328 0.0235294117647059
17328 0.888235294117647
17328 0.0670588235294118
17361 1.09
17361 3.9
17361 5.72470588235294
17361 2.56705882352941
17361 2.62411764705882
17361 2.82352941176471
17361 0.0235294117647059
17361 0.888235294117647
17361 0.0670588235294118
17362 1.09
17362 3.9
17362 5.72470588235294
17362 2.56705882352941
17362 2.62411764705882
17362 2.82352941176471
17362 0.0235294117647059
17362 0.888235294117647
17362 0.0670588235294118
17363 1.09
17363 3.9
17363 5.72470588235294
17363 2.56705882352941
17363 2.62411764705882
17363 2.82352941176471
17363 0.0235294117647059
17363 0.888235294117647
17363 0.0670588235294118
17385 1.09
17385 3.9
17385 5.72470588235294
17385 2.56705882352941
17385 2.62411764705882
17385 2.82352941176471
17385 0.0235294117647059
17385 0.888235294117647
17385 0.0670588235294118
17393 1.09
17393 3.9
17393 5.72470588235294
17393 2.56705882352941
17393 2.62411764705882
17393 2.82352941176471
17393 0.0235294117647059
17393 0.888235294117647
17393 0.0670588235294118
17394 1.09
17394 3.9
17394 5.72470588235294
17394 2.56705882352941
17394 2.62411764705882
17394 2.82352941176471
17394 0.0235294117647059
17394 0.888235294117647
17394 0.0670588235294118
17395 1.09
17395 3.9
17395 5.72470588235294
17395 2.56705882352941
17395 2.62411764705882
17395 2.82352941176471
17395 0.0235294117647059
17395 0.888235294117647
17395 0.0670588235294118
17425 1.09
17425 3.9
17425 5.72470588235294
17425 2.56705882352941
17425 2.62411764705882
17425 2.82352941176471
17425 0.0235294117647059
17425 0.888235294117647
17425 0.0670588235294118
17426 1.09
17426 3.9
17426 5.72470588235294
17426 2.56705882352941
17426 2.62411764705882
17426 2.82352941176471
17426 0.0235294117647059
17426 0.888235294117647
17426 0.0670588235294118
17427 1.09
17427 3.9
17427 5.72470588235294
17427 2.56705882352941
17427 2.62411764705882
17427 2.82352941176471
17427 0.0235294117647059
17427 0.888235294117647
17427 0.0670588235294118
17428 1.09
17428 3.9
17428 5.72470588235294
17428 2.56705882352941
17428 2.62411764705882
17428 2.82352941176471
17428 0.0235294117647059
17428 0.888235294117647
17428 0.0670588235294118
17448 1.09
17448 3.9
17448 5.72470588235294
17448 2.56705882352941
17448 2.62411764705882
17448 2.82352941176471
17448 0.0235294117647059
17448 0.888235294117647
17448 0.0670588235294118
17457 1.09
17457 3.9
17457 5.72470588235294
17457 2.56705882352941
17457 2.62411764705882
17457 2.82352941176471
17457 0.0235294117647059
17457 0.888235294117647
17457 0.0670588235294118
17458 1.09
17458 3.9
17458 5.72470588235294
17458 2.56705882352941
17458 2.62411764705882
17458 2.82352941176471
17458 0.0235294117647059
17458 0.888235294117647
17458 0.0670588235294118
17459 1.09
17459 3.9
17459 5.72470588235294
17459 2.56705882352941
17459 2.62411764705882
17459 2.82352941176471
17459 0.0235294117647059
17459 0.888235294117647
17459 0.0670588235294118
17460 1.09
17460 3.9
17460 5.72470588235294
17460 2.56705882352941
17460 2.62411764705882
17460 2.82352941176471
17460 0.0235294117647059
17460 0.888235294117647
17460 0.0670588235294118
17492 1.09
17492 3.9
17492 5.72470588235294
17492 2.56705882352941
17492 2.62411764705882
17492 2.82352941176471
17492 0.0235294117647059
17492 0.888235294117647
17492 0.0670588235294118
17493 1.09
17493 3.9
17493 5.72470588235294
17493 2.56705882352941
17493 2.62411764705882
17493 2.82352941176471
17493 0.0235294117647059
17493 0.888235294117647
17493 0.0670588235294118
17494 1.09
17494 3.9
17494 5.72470588235294
17494 2.56705882352941
17494 2.62411764705882
17494 2.82352941176471
17494 0.0235294117647059
17494 0.888235294117647
17494 0.0670588235294118
17496 1.09
17496 3.9
17496 5.72470588235294
17496 2.56705882352941
17496 2.62411764705882
17496 2.82352941176471
17496 0.0235294117647059
17496 0.888235294117647
17496 0.0670588235294118
17498 1.09
17498 3.9
17498 5.72470588235294
17498 2.56705882352941
17498 2.62411764705882
17498 2.82352941176471
17498 0.0235294117647059
17498 0.888235294117647
17498 0.0670588235294118
17528 1.09
17528 3.9
17528 5.72470588235294
17528 2.56705882352941
17528 2.62411764705882
17528 2.82352941176471
17528 0.0235294117647059
17528 0.888235294117647
17528 0.0670588235294118
17532 1.09
17532 3.9
17532 5.72470588235294
17532 2.56705882352941
17532 2.62411764705882
17532 2.82352941176471
17532 0.0235294117647059
17532 0.888235294117647
17532 0.0670588235294118
17533 1.09
17533 3.9
17533 5.72470588235294
17533 2.56705882352941
17533 2.62411764705882
17533 2.82352941176471
17533 0.0235294117647059
17533 0.888235294117647
17533 0.0670588235294118
17534 1.09
17534 3.9
17534 5.72470588235294
17534 2.56705882352941
17534 2.62411764705882
17534 2.82352941176471
17534 0.0235294117647059
17534 0.888235294117647
17534 0.0670588235294118
17535 1.09
17535 3.9
17535 5.72470588235294
17535 2.56705882352941
17535 2.62411764705882
17535 2.82352941176471
17535 0.0235294117647059
17535 0.888235294117647
17535 0.0670588235294118
17536 1.09
17536 3.9
17536 5.72470588235294
17536 2.56705882352941
17536 2.62411764705882
17536 2.82352941176471
17536 0.0235294117647059
17536 0.888235294117647
17536 0.0670588235294118
17569 1.09
17569 3.9
17569 5.72470588235294
17569 2.56705882352941
17569 2.62411764705882
17569 2.82352941176471
17569 0.0235294117647059
17569 0.888235294117647
17569 0.0670588235294118
17570 1.09
17570 3.9
17570 5.72470588235294
17570 2.56705882352941
17570 2.62411764705882
17570 2.82352941176471
17570 0.0235294117647059
17570 0.888235294117647
17570 0.0670588235294118
17574 1.09
17574 3.9
17574 5.72470588235294
17574 2.56705882352941
17574 2.62411764705882
17574 2.82352941176471
17574 0.0235294117647059
17574 0.888235294117647
17574 0.0670588235294118
17575 1.09
17575 3.9
17575 5.72470588235294
17575 2.56705882352941
17575 2.62411764705882
17575 2.82352941176471
17575 0.0235294117647059
17575 0.888235294117647
17575 0.0670588235294118
17576 1.09
17576 3.9
17576 5.72470588235294
17576 2.56705882352941
17576 2.62411764705882
17576 2.82352941176471
17576 0.0235294117647059
17576 0.888235294117647
17576 0.0670588235294118
17577 1.09
17577 3.9
17577 5.72470588235294
17577 2.56705882352941
17577 2.62411764705882
17577 2.82352941176471
17577 0.0235294117647059
17577 0.888235294117647
17577 0.0670588235294118
17578 1.09
17578 3.9
17578 5.72470588235294
17578 2.56705882352941
17578 2.62411764705882
17578 2.82352941176471
17578 0.0235294117647059
17578 0.888235294117647
17578 0.0670588235294118
17608 1.09
17608 3.9
17608 5.72470588235294
17608 2.56705882352941
17608 2.62411764705882
17608 2.82352941176471
17608 0.0235294117647059
17608 0.888235294117647
17608 0.0670588235294118
17609 1.09
17609 3.9
17609 5.72470588235294
17609 2.56705882352941
17609 2.62411764705882
17609 2.82352941176471
17609 0.0235294117647059
17609 0.888235294117647
17609 0.0670588235294118
17610 1.09
17610 3.9
17610 5.72470588235294
17610 2.56705882352941
17610 2.62411764705882
17610 2.82352941176471
17610 0.0235294117647059
17610 0.888235294117647
17610 0.0670588235294118
17612 1.09
17612 3.9
17612 5.72470588235294
17612 2.56705882352941
17612 2.62411764705882
17612 2.82352941176471
17612 0.0235294117647059
17612 0.888235294117647
17612 0.0670588235294118
17613 1.09
17613 3.9
17613 5.72470588235294
17613 2.56705882352941
17613 2.62411764705882
17613 2.82352941176471
17613 0.0235294117647059
17613 0.888235294117647
17613 0.0670588235294118
17616 1.09
17616 3.9
17616 5.72470588235294
17616 2.56705882352941
17616 2.62411764705882
17616 2.82352941176471
17616 0.0235294117647059
17616 0.888235294117647
17616 0.0670588235294118
17619 1.09
17619 3.9
17619 5.72470588235294
17619 2.56705882352941
17619 2.62411764705882
17619 2.82352941176471
17619 0.0235294117647059
17619 0.888235294117647
17619 0.0670588235294118
17620 1.09
17620 3.9
17620 5.72470588235294
17620 2.56705882352941
17620 2.62411764705882
17620 2.82352941176471
17620 0.0235294117647059
17620 0.888235294117647
17620 0.0670588235294118
17644 1.09
17644 3.9
17644 5.72470588235294
17644 2.56705882352941
17644 2.62411764705882
17644 2.82352941176471
17644 0.0235294117647059
17644 0.888235294117647
17644 0.0670588235294118
17654 1.09
17654 3.9
17654 5.72470588235294
17654 2.56705882352941
17654 2.62411764705882
17654 2.82352941176471
17654 0.0235294117647059
17654 0.888235294117647
17654 0.0670588235294118
17655 1.09
17655 3.9
17655 5.72470588235294
17655 2.56705882352941
17655 2.62411764705882
17655 2.82352941176471
17655 0.0235294117647059
17655 0.888235294117647
17655 0.0670588235294118
17656 1.09
17656 3.9
17656 5.72470588235294
17656 2.56705882352941
17656 2.62411764705882
17656 2.82352941176471
17656 0.0235294117647059
17656 0.888235294117647
17656 0.0670588235294118
17657 1.09
17657 3.9
17657 5.72470588235294
17657 2.56705882352941
17657 2.62411764705882
17657 2.82352941176471
17657 0.0235294117647059
17657 0.888235294117647
17657 0.0670588235294118
17658 1.09
17658 3.9
17658 5.72470588235294
17658 2.56705882352941
17658 2.62411764705882
17658 2.82352941176471
17658 0.0235294117647059
17658 0.888235294117647
17658 0.0670588235294118
17659 1.09
17659 3.9
17659 5.72470588235294
17659 2.56705882352941
17659 2.62411764705882
17659 2.82352941176471
17659 0.0235294117647059
17659 0.888235294117647
17659 0.0670588235294118
17660 1.09
17660 3.9
17660 5.72470588235294
17660 2.56705882352941
17660 2.62411764705882
17660 2.82352941176471
17660 0.0235294117647059
17660 0.888235294117647
17660 0.0670588235294118
17701 1.09
17701 3.9
17701 5.72470588235294
17701 2.56705882352941
17701 2.62411764705882
17701 2.82352941176471
17701 0.0235294117647059
17701 0.888235294117647
17701 0.0670588235294118
17702 1.09
17702 3.9
17702 5.72470588235294
17702 2.56705882352941
17702 2.62411764705882
17702 2.82352941176471
17702 0.0235294117647059
17702 0.888235294117647
17702 0.0670588235294118
17703 1.09
17703 3.9
17703 5.72470588235294
17703 2.56705882352941
17703 2.62411764705882
17703 2.82352941176471
17703 0.0235294117647059
17703 0.888235294117647
17703 0.0670588235294118
17704 1.09
17704 3.9
17704 5.72470588235294
17704 2.56705882352941
17704 2.62411764705882
17704 2.82352941176471
17704 0.0235294117647059
17704 0.888235294117647
17704 0.0670588235294118
17705 1.09
17705 3.9
17705 5.72470588235294
17705 2.56705882352941
17705 2.62411764705882
17705 2.82352941176471
17705 0.0235294117647059
17705 0.888235294117647
17705 0.0670588235294118
17706 1.09
17706 3.9
17706 5.72470588235294
17706 2.56705882352941
17706 2.62411764705882
17706 2.82352941176471
17706 0.0235294117647059
17706 0.888235294117647
17706 0.0670588235294118
17748 1.09
17748 3.9
17748 5.72470588235294
17748 2.56705882352941
17748 2.62411764705882
17748 2.82352941176471
17748 0.0235294117647059
17748 0.888235294117647
17748 0.0670588235294118
17749 1.09
17749 3.9
17749 5.72470588235294
17749 2.56705882352941
17749 2.62411764705882
17749 2.82352941176471
17749 0.0235294117647059
17749 0.888235294117647
17749 0.0670588235294118
17750 1.09
17750 3.9
17750 5.72470588235294
17750 2.56705882352941
17750 2.62411764705882
17750 2.82352941176471
17750 0.0235294117647059
17750 0.888235294117647
17750 0.0670588235294118
17751 1.09
17751 3.9
17751 5.72470588235294
17751 2.56705882352941
17751 2.62411764705882
17751 2.82352941176471
17751 0.0235294117647059
17751 0.888235294117647
17751 0.0670588235294118
17752 1.09
17752 3.9
17752 5.72470588235294
17752 2.56705882352941
17752 2.62411764705882
17752 2.82352941176471
17752 0.0235294117647059
17752 0.888235294117647
17752 0.0670588235294118
17753 1.09
17753 3.9
17753 5.72470588235294
17753 2.56705882352941
17753 2.62411764705882
17753 2.82352941176471
17753 0.0235294117647059
17753 0.888235294117647
17753 0.0670588235294118
17794 1.09
17794 3.9
17794 5.72470588235294
17794 2.56705882352941
17794 2.62411764705882
17794 2.82352941176471
17794 0.0235294117647059
17794 0.888235294117647
17794 0.0670588235294118
17795 1.09
17795 3.9
17795 5.72470588235294
17795 2.56705882352941
17795 2.62411764705882
17795 2.82352941176471
17795 0.0235294117647059
17795 0.888235294117647
17795 0.0670588235294118
17796 1.09
17796 3.9
17796 5.72470588235294
17796 2.56705882352941
17796 2.62411764705882
17796 2.82352941176471
17796 0.0235294117647059
17796 0.888235294117647
17796 0.0670588235294118
17797 1.09
17797 3.9
17797 5.72470588235294
17797 2.56705882352941
17797 2.62411764705882
17797 2.82352941176471
17797 0.0235294117647059
17797 0.888235294117647
17797 0.0670588235294118
17798 1.09
17798 3.9
17798 5.72470588235294
17798 2.56705882352941
17798 2.62411764705882
17798 2.82352941176471
17798 0.0235294117647059
17798 0.888235294117647
17798 0.0670588235294118
17799 1.09
17799 3.9
17799 5.72470588235294
17799 2.56705882352941
17799 2.62411764705882
17799 2.82352941176471
17799 0.0235294117647059
17799 0.888235294117647
17799 0.0670588235294118
17840 1.09
17840 3.9
17840 5.72470588235294
17840 2.56705882352941
17840 2.62411764705882
17840 2.82352941176471
17840 0.0235294117647059
17840 0.888235294117647
17840 0.0670588235294118
17841 1.09
17841 3.9
17841 5.72470588235294
17841 2.56705882352941
17841 2.62411764705882
17841 2.82352941176471
17841 0.0235294117647059
17841 0.888235294117647
17841 0.0670588235294118
17842 1.09
17842 3.9
17842 5.72470588235294
17842 2.56705882352941
17842 2.62411764705882
17842 2.82352941176471
17842 0.0235294117647059
17842 0.888235294117647
17842 0.0670588235294118
17843 1.09
17843 3.9
17843 5.72470588235294
17843 2.56705882352941
17843 2.62411764705882
17843 2.82352941176471
17843 0.0235294117647059
17843 0.888235294117647
17843 0.0670588235294118
17844 1.09
17844 3.9
17844 5.72470588235294
17844 2.56705882352941
17844 2.62411764705882
17844 2.82352941176471
17844 0.0235294117647059
17844 0.888235294117647
17844 0.0670588235294118
17845 1.09
17845 3.9
17845 5.72470588235294
17845 2.56705882352941
17845 2.62411764705882
17845 2.82352941176471
17845 0.0235294117647059
17845 0.888235294117647
17845 0.0670588235294118
17885 1.09
17885 3.9
17885 5.72470588235294
17885 2.56705882352941
17885 2.62411764705882
17885 2.82352941176471
17885 0.0235294117647059
17885 0.888235294117647
17885 0.0670588235294118
17886 1.09
17886 3.9
17886 5.72470588235294
17886 2.56705882352941
17886 2.62411764705882
17886 2.82352941176471
17886 0.0235294117647059
17886 0.888235294117647
17886 0.0670588235294118
17887 1.09
17887 3.9
17887 5.72470588235294
17887 2.56705882352941
17887 2.62411764705882
17887 2.82352941176471
17887 0.0235294117647059
17887 0.888235294117647
17887 0.0670588235294118
17889 1.09
17889 3.9
17889 5.72470588235294
17889 2.56705882352941
17889 2.62411764705882
17889 2.82352941176471
17889 0.0235294117647059
17889 0.888235294117647
17889 0.0670588235294118
17890 1.09
17890 3.9
17890 5.72470588235294
17890 2.56705882352941
17890 2.62411764705882
17890 2.82352941176471
17890 0.0235294117647059
17890 0.888235294117647
17890 0.0670588235294118
17934 1.09
17934 3.9
17934 5.72470588235294
17934 2.56705882352941
17934 2.62411764705882
17934 2.82352941176471
17934 0.0235294117647059
17934 0.888235294117647
17934 0.0670588235294118
17936 1.09
17936 3.9
17936 5.72470588235294
17936 2.56705882352941
17936 2.62411764705882
17936 2.82352941176471
17936 0.0235294117647059
17936 0.888235294117647
17936 0.0670588235294118
17937 1.09
17937 3.9
17937 5.72470588235294
17937 2.56705882352941
17937 2.62411764705882
17937 2.82352941176471
17937 0.0235294117647059
17937 0.888235294117647
17937 0.0670588235294118
17938 1.09
17938 3.9
17938 5.72470588235294
17938 2.56705882352941
17938 2.62411764705882
17938 2.82352941176471
17938 0.0235294117647059
17938 0.888235294117647
17938 0.0670588235294118
17980 1.09
17980 3.9
17980 5.72470588235294
17980 2.56705882352941
17980 2.62411764705882
17980 2.82352941176471
17980 0.0235294117647059
17980 0.888235294117647
17980 0.0670588235294118
17981 1.09
17981 3.9
17981 5.72470588235294
17981 2.56705882352941
17981 2.62411764705882
17981 2.82352941176471
17981 0.0235294117647059
17981 0.888235294117647
17981 0.0670588235294118
17982 1.09
17982 3.9
17982 5.72470588235294
17982 2.56705882352941
17982 2.62411764705882
17982 2.82352941176471
17982 0.0235294117647059
17982 0.888235294117647
17982 0.0670588235294118
17983 1.09
17983 3.9
17983 5.72470588235294
17983 2.56705882352941
17983 2.62411764705882
17983 2.82352941176471
17983 0.0235294117647059
17983 0.888235294117647
17983 0.0670588235294118
17984 1.09
17984 3.9
17984 5.72470588235294
17984 2.56705882352941
17984 2.62411764705882
17984 2.82352941176471
17984 0.0235294117647059
17984 0.888235294117647
17984 0.0670588235294118
17985 1.09
17985 3.9
17985 5.72470588235294
17985 2.56705882352941
17985 2.62411764705882
17985 2.82352941176471
17985 0.0235294117647059
17985 0.888235294117647
17985 0.0670588235294118
18025 1.09
18025 3.9
18025 5.72470588235294
18025 2.56705882352941
18025 2.62411764705882
18025 2.82352941176471
18025 0.0235294117647059
18025 0.888235294117647
18025 0.0670588235294118
18026 1.09
18026 3.9
18026 5.72470588235294
18026 2.56705882352941
18026 2.62411764705882
18026 2.82352941176471
18026 0.0235294117647059
18026 0.888235294117647
18026 0.0670588235294118
18027 1.09
18027 3.9
18027 5.72470588235294
18027 2.56705882352941
18027 2.62411764705882
18027 2.82352941176471
18027 0.0235294117647059
18027 0.888235294117647
18027 0.0670588235294118
18028 1.09
18028 3.9
18028 5.72470588235294
18028 2.56705882352941
18028 2.62411764705882
18028 2.82352941176471
18028 0.0235294117647059
18028 0.888235294117647
18028 0.0670588235294118
18029 1.09
18029 3.9
18029 5.72470588235294
18029 2.56705882352941
18029 2.62411764705882
18029 2.82352941176471
18029 0.0235294117647059
18029 0.888235294117647
18029 0.0670588235294118
18030 1.09
18030 3.9
18030 5.72470588235294
18030 2.56705882352941
18030 2.62411764705882
18030 2.82352941176471
18030 0.0235294117647059
18030 0.888235294117647
18030 0.0670588235294118
18072 1.09
18072 3.9
18072 5.72470588235294
18072 2.56705882352941
18072 2.62411764705882
18072 2.82352941176471
18072 0.0235294117647059
18072 0.888235294117647
18072 0.0670588235294118
18073 1.09
18073 3.9
18073 5.72470588235294
18073 2.56705882352941
18073 2.62411764705882
18073 2.82352941176471
18073 0.0235294117647059
18073 0.888235294117647
18073 0.0670588235294118
18074 1.09
18074 3.9
18074 5.72470588235294
18074 2.56705882352941
18074 2.62411764705882
18074 2.82352941176471
18074 0.0235294117647059
18074 0.888235294117647
18074 0.0670588235294118
18075 1.09
18075 3.9
18075 5.72470588235294
18075 2.56705882352941
18075 2.62411764705882
18075 2.82352941176471
18075 0.0235294117647059
18075 0.888235294117647
18075 0.0670588235294118
18076 1.09
18076 3.9
18076 5.72470588235294
18076 2.56705882352941
18076 2.62411764705882
18076 2.82352941176471
18076 0.0235294117647059
18076 0.888235294117647
18076 0.0670588235294118
18077 1.09
18077 3.9
18077 5.72470588235294
18077 2.56705882352941
18077 2.62411764705882
18077 2.82352941176471
18077 0.0235294117647059
18077 0.888235294117647
18077 0.0670588235294118
18118 1.09
18118 3.9
18118 5.72470588235294
18118 2.56705882352941
18118 2.62411764705882
18118 2.82352941176471
18118 0.0235294117647059
18118 0.888235294117647
18118 0.0670588235294118
18119 1.09
18119 3.9
18119 5.72470588235294
18119 2.56705882352941
18119 2.62411764705882
18119 2.82352941176471
18119 0.0235294117647059
18119 0.888235294117647
18119 0.0670588235294118
18120 1.09
18120 3.9
18120 5.72470588235294
18120 2.56705882352941
18120 2.62411764705882
18120 2.82352941176471
18120 0.0235294117647059
18120 0.888235294117647
18120 0.0670588235294118
18121 1.09
18121 3.9
18121 5.72470588235294
18121 2.56705882352941
18121 2.62411764705882
18121 2.82352941176471
18121 0.0235294117647059
18121 0.888235294117647
18121 0.0670588235294118
18122 1.09
18122 3.9
18122 5.72470588235294
18122 2.56705882352941
18122 2.62411764705882
18122 2.82352941176471
18122 0.0235294117647059
18122 0.888235294117647
18122 0.0670588235294118
18123 1.09
18123 3.9
18123 5.72470588235294
18123 2.56705882352941
18123 2.62411764705882
18123 2.82352941176471
18123 0.0235294117647059
18123 0.888235294117647
18123 0.0670588235294118
18124 1.09
18124 3.9
18124 5.72470588235294
18124 2.56705882352941
18124 2.62411764705882
18124 2.82352941176471
18124 0.0235294117647059
18124 0.888235294117647
18124 0.0670588235294118
18167 1.09
18167 3.9
18167 5.72470588235294
18167 2.56705882352941
18167 2.62411764705882
18167 2.82352941176471
18167 0.0235294117647059
18167 0.888235294117647
18167 0.0670588235294118
18168 1.09
18168 3.9
18168 5.72470588235294
18168 2.56705882352941
18168 2.62411764705882
18168 2.82352941176471
18168 0.0235294117647059
18168 0.888235294117647
18168 0.0670588235294118
18169 1.09
18169 3.9
18169 5.72470588235294
18169 2.56705882352941
18169 2.62411764705882
18169 2.82352941176471
18169 0.0235294117647059
18169 0.888235294117647
18169 0.0670588235294118
18170 1.09
18170 3.9
18170 5.72470588235294
18170 2.56705882352941
18170 2.62411764705882
18170 2.82352941176471
18170 0.0235294117647059
18170 0.888235294117647
18170 0.0670588235294118
18171 1.09
18171 3.9
18171 5.72470588235294
18171 2.56705882352941
18171 2.62411764705882
18171 2.82352941176471
18171 0.0235294117647059
18171 0.888235294117647
18171 0.0670588235294118
18172 1.09
18172 3.9
18172 5.72470588235294
18172 2.56705882352941
18172 2.62411764705882
18172 2.82352941176471
18172 0.0235294117647059
18172 0.888235294117647
18172 0.0670588235294118
18218 1.09
18218 3.9
18218 5.72470588235294
18218 2.56705882352941
18218 2.62411764705882
18218 2.82352941176471
18218 0.0235294117647059
18218 0.888235294117647
18218 0.0670588235294118
18219 1.09
18219 3.9
18219 5.72470588235294
18219 2.56705882352941
18219 2.62411764705882
18219 2.82352941176471
18219 0.0235294117647059
18219 0.888235294117647
18219 0.0670588235294118
18220 1.09
18220 3.9
18220 5.72470588235294
18220 2.56705882352941
18220 2.62411764705882
18220 2.82352941176471
18220 0.0235294117647059
18220 0.888235294117647
18220 0.0670588235294118
18221 1.09
18221 3.9
18221 5.72470588235294
18221 2.56705882352941
18221 2.62411764705882
18221 2.82352941176471
18221 0.0235294117647059
18221 0.888235294117647
18221 0.0670588235294118
18265 1.09
18265 3.9
18265 5.72470588235294
18265 2.56705882352941
18265 2.62411764705882
18265 2.82352941176471
18265 0.0235294117647059
18265 0.888235294117647
18265 0.0670588235294118
18266 1.09
18266 3.9
18266 5.72470588235294
18266 2.56705882352941
18266 2.62411764705882
18266 2.82352941176471
18266 0.0235294117647059
18266 0.888235294117647
18266 0.0670588235294118
18267 1.09
18267 3.9
18267 5.72470588235294
18267 2.56705882352941
18267 2.62411764705882
18267 2.82352941176471
18267 0.0235294117647059
18267 0.888235294117647
18267 0.0670588235294118
18268 1.09
18268 3.9
18268 5.72470588235294
18268 2.56705882352941
18268 2.62411764705882
18268 2.82352941176471
18268 0.0235294117647059
18268 0.888235294117647
18268 0.0670588235294118
18312 1.09
18312 3.9
18312 5.72470588235294
18312 2.56705882352941
18312 2.62411764705882
18312 2.82352941176471
18312 0.0235294117647059
18312 0.888235294117647
18312 0.0670588235294118
18313 1.09
18313 3.9
18313 5.72470588235294
18313 2.56705882352941
18313 2.62411764705882
18313 2.82352941176471
18313 0.0235294117647059
18313 0.888235294117647
18313 0.0670588235294118
18692 1.09
18692 3.9
18692 5.72470588235294
18692 2.56705882352941
18692 2.62411764705882
18692 2.82352941176471
18692 0.0235294117647059
18692 0.888235294117647
18692 0.0670588235294118
18775 1.09
18775 3.9
18775 5.72470588235294
18775 2.56705882352941
18775 2.62411764705882
18775 2.82352941176471
18775 0.0235294117647059
18775 0.888235294117647
18775 0.0670588235294118
18777 1.09
18777 3.9
18777 5.72470588235294
18777 2.56705882352941
18777 2.62411764705882
18777 2.82352941176471
18777 0.0235294117647059
18777 0.888235294117647
18777 0.0670588235294118
18781 1.09
18781 3.9
18781 5.72470588235294
18781 2.56705882352941
18781 2.62411764705882
18781 2.82352941176471
18781 0.0235294117647059
18781 0.888235294117647
18781 0.0670588235294118
18783 1.09
18783 3.9
18783 5.72470588235294
18783 2.56705882352941
18783 2.62411764705882
18783 2.82352941176471
18783 0.0235294117647059
18783 0.888235294117647
18783 0.0670588235294118
18822 1.09
18822 3.9
18822 5.72470588235294
18822 2.56705882352941
18822 2.62411764705882
18822 2.82352941176471
18822 0.0235294117647059
18822 0.888235294117647
18822 0.0670588235294118
18823 1.09
18823 3.9
18823 5.72470588235294
18823 2.56705882352941
18823 2.62411764705882
18823 2.82352941176471
18823 0.0235294117647059
18823 0.888235294117647
18823 0.0670588235294118
18824 1.09
18824 3.9
18824 5.72470588235294
18824 2.56705882352941
18824 2.62411764705882
18824 2.82352941176471
18824 0.0235294117647059
18824 0.888235294117647
18824 0.0670588235294118
18825 1.09
18825 3.9
18825 5.72470588235294
18825 2.56705882352941
18825 2.62411764705882
18825 2.82352941176471
18825 0.0235294117647059
18825 0.888235294117647
18825 0.0670588235294118
18826 1.09
18826 3.9
18826 5.72470588235294
18826 2.56705882352941
18826 2.62411764705882
18826 2.82352941176471
18826 0.0235294117647059
18826 0.888235294117647
18826 0.0670588235294118
18831 1.09
18831 3.9
18831 5.72470588235294
18831 2.56705882352941
18831 2.62411764705882
18831 2.82352941176471
18831 0.0235294117647059
18831 0.888235294117647
18831 0.0670588235294118
18832 1.09
18832 3.9
18832 5.72470588235294
18832 2.56705882352941
18832 2.62411764705882
18832 2.82352941176471
18832 0.0235294117647059
18832 0.888235294117647
18832 0.0670588235294118
18834 1.09
18834 3.9
18834 5.72470588235294
18834 2.56705882352941
18834 2.62411764705882
18834 2.82352941176471
18834 0.0235294117647059
18834 0.888235294117647
18834 0.0670588235294118
18835 1.09
18835 3.9
18835 5.72470588235294
18835 2.56705882352941
18835 2.62411764705882
18835 2.82352941176471
18835 0.0235294117647059
18835 0.888235294117647
18835 0.0670588235294118
18837 1.09
18837 3.9
18837 5.72470588235294
18837 2.56705882352941
18837 2.62411764705882
18837 2.82352941176471
18837 0.0235294117647059
18837 0.888235294117647
18837 0.0670588235294118
18863 1.09
18863 3.9
18863 5.72470588235294
18863 2.56705882352941
18863 2.62411764705882
18863 2.82352941176471
18863 0.0235294117647059
18863 0.888235294117647
18863 0.0670588235294118
18864 1.09
18864 3.9
18864 5.72470588235294
18864 2.56705882352941
18864 2.62411764705882
18864 2.82352941176471
18864 0.0235294117647059
18864 0.888235294117647
18864 0.0670588235294118
18865 1.09
18865 3.9
18865 5.72470588235294
18865 2.56705882352941
18865 2.62411764705882
18865 2.82352941176471
18865 0.0235294117647059
18865 0.888235294117647
18865 0.0670588235294118
18866 1.09
18866 3.9
18866 5.72470588235294
18866 2.56705882352941
18866 2.62411764705882
18866 2.82352941176471
18866 0.0235294117647059
18866 0.888235294117647
18866 0.0670588235294118
18868 1.09
18868 3.9
18868 5.72470588235294
18868 2.56705882352941
18868 2.62411764705882
18868 2.82352941176471
18868 0.0235294117647059
18868 0.888235294117647
18868 0.0670588235294118
18870 1.09
18870 3.9
18870 5.72470588235294
18870 2.56705882352941
18870 2.62411764705882
18870 2.82352941176471
18870 0.0235294117647059
18870 0.888235294117647
18870 0.0670588235294118
18871 1.09
18871 3.9
18871 5.72470588235294
18871 2.56705882352941
18871 2.62411764705882
18871 2.82352941176471
18871 0.0235294117647059
18871 0.888235294117647
18871 0.0670588235294118
18872 1.09
18872 3.9
18872 5.72470588235294
18872 2.56705882352941
18872 2.62411764705882
18872 2.82352941176471
18872 0.0235294117647059
18872 0.888235294117647
18872 0.0670588235294118
18874 1.09
18874 3.9
18874 5.72470588235294
18874 2.56705882352941
18874 2.62411764705882
18874 2.82352941176471
18874 0.0235294117647059
18874 0.888235294117647
18874 0.0670588235294118
18880 1.09
18880 3.9
18880 5.72470588235294
18880 2.56705882352941
18880 2.62411764705882
18880 2.82352941176471
18880 0.0235294117647059
18880 0.888235294117647
18880 0.0670588235294118
18883 1.09
18883 3.9
18883 5.72470588235294
18883 2.56705882352941
18883 2.62411764705882
18883 2.82352941176471
18883 0.0235294117647059
18883 0.888235294117647
18883 0.0670588235294118
18886 1.09
18886 3.9
18886 5.72470588235294
18886 2.56705882352941
18886 2.62411764705882
18886 2.82352941176471
18886 0.0235294117647059
18886 0.888235294117647
18886 0.0670588235294118
18912 1.09
18912 3.9
18912 5.72470588235294
18912 2.56705882352941
18912 2.62411764705882
18912 2.82352941176471
18912 0.0235294117647059
18912 0.888235294117647
18912 0.0670588235294118
18915 1.09
18915 3.9
18915 5.72470588235294
18915 2.56705882352941
18915 2.62411764705882
18915 2.82352941176471
18915 0.0235294117647059
18915 0.888235294117647
18915 0.0670588235294118
18920 1.09
18920 3.9
18920 5.72470588235294
18920 2.56705882352941
18920 2.62411764705882
18920 2.82352941176471
18920 0.0235294117647059
18920 0.888235294117647
18920 0.0670588235294118
18924 1.09
18924 3.9
18924 5.72470588235294
18924 2.56705882352941
18924 2.62411764705882
18924 2.82352941176471
18924 0.0235294117647059
18924 0.888235294117647
18924 0.0670588235294118
18959 1.09
18959 3.9
18959 5.72470588235294
18959 2.56705882352941
18959 2.62411764705882
18959 2.82352941176471
18959 0.0235294117647059
18959 0.888235294117647
18959 0.0670588235294118
18960 1.09
18960 3.9
18960 5.72470588235294
18960 2.56705882352941
18960 2.62411764705882
18960 2.82352941176471
18960 0.0235294117647059
18960 0.888235294117647
18960 0.0670588235294118
18961 1.09
18961 3.9
18961 5.72470588235294
18961 2.56705882352941
18961 2.62411764705882
18961 2.82352941176471
18961 0.0235294117647059
18961 0.888235294117647
18961 0.0670588235294118
18962 1.09
18962 3.9
18962 5.72470588235294
18962 2.56705882352941
18962 2.62411764705882
18962 2.82352941176471
18962 0.0235294117647059
18962 0.888235294117647
18962 0.0670588235294118
18963 1.09
18963 3.9
18963 5.72470588235294
18963 2.56705882352941
18963 2.62411764705882
18963 2.82352941176471
18963 0.0235294117647059
18963 0.888235294117647
18963 0.0670588235294118
18964 1.09
18964 3.9
18964 5.72470588235294
18964 2.56705882352941
18964 2.62411764705882
18964 2.82352941176471
18964 0.0235294117647059
18964 0.888235294117647
18964 0.0670588235294118
18992 1.09
18992 3.9
18992 5.72470588235294
18992 2.56705882352941
18992 2.62411764705882
18992 2.82352941176471
18992 0.0235294117647059
18992 0.888235294117647
18992 0.0670588235294118
18999 1.09
18999 3.9
18999 5.72470588235294
18999 2.56705882352941
18999 2.62411764705882
18999 2.82352941176471
18999 0.0235294117647059
18999 0.888235294117647
18999 0.0670588235294118
19002 1.09
19002 3.9
19002 5.72470588235294
19002 2.56705882352941
19002 2.62411764705882
19002 2.82352941176471
19002 0.0235294117647059
19002 0.888235294117647
19002 0.0670588235294118
19029 1.09
19029 3.9
19029 5.72470588235294
19029 2.56705882352941
19029 2.62411764705882
19029 2.82352941176471
19029 0.0235294117647059
19029 0.888235294117647
19029 0.0670588235294118
19030 1.09
19030 3.9
19030 5.72470588235294
19030 2.56705882352941
19030 2.62411764705882
19030 2.82352941176471
19030 0.0235294117647059
19030 0.888235294117647
19030 0.0670588235294118
19059 1.09
19059 3.9
19059 5.72470588235294
19059 2.56705882352941
19059 2.62411764705882
19059 2.82352941176471
19059 0.0235294117647059
19059 0.888235294117647
19059 0.0670588235294118
19060 1.09
19060 3.9
19060 5.72470588235294
19060 2.56705882352941
19060 2.62411764705882
19060 2.82352941176471
19060 0.0235294117647059
19060 0.888235294117647
19060 0.0670588235294118
19062 1.09
19062 3.9
19062 5.72470588235294
19062 2.56705882352941
19062 2.62411764705882
19062 2.82352941176471
19062 0.0235294117647059
19062 0.888235294117647
19062 0.0670588235294118
19094 1.09
19094 3.9
19094 5.72470588235294
19094 2.56705882352941
19094 2.62411764705882
19094 2.82352941176471
19094 0.0235294117647059
19094 0.888235294117647
19094 0.0670588235294118
19095 1.09
19095 3.9
19095 5.72470588235294
19095 2.56705882352941
19095 2.62411764705882
19095 2.82352941176471
19095 0.0235294117647059
19095 0.888235294117647
19095 0.0670588235294118
19096 1.09
19096 3.9
19096 5.72470588235294
19096 2.56705882352941
19096 2.62411764705882
19096 2.82352941176471
19096 0.0235294117647059
19096 0.888235294117647
19096 0.0670588235294118
19097 1.09
19097 3.9
19097 5.72470588235294
19097 2.56705882352941
19097 2.62411764705882
19097 2.82352941176471
19097 0.0235294117647059
19097 0.888235294117647
19097 0.0670588235294118
19098 1.09
19098 3.9
19098 5.72470588235294
19098 2.56705882352941
19098 2.62411764705882
19098 2.82352941176471
19098 0.0235294117647059
19098 0.888235294117647
19098 0.0670588235294118
19105 1.09
19105 3.9
19105 5.72470588235294
19105 2.56705882352941
19105 2.62411764705882
19105 2.82352941176471
19105 0.0235294117647059
19105 0.888235294117647
19105 0.0670588235294118
19106 1.09
19106 3.9
19106 5.72470588235294
19106 2.56705882352941
19106 2.62411764705882
19106 2.82352941176471
19106 0.0235294117647059
19106 0.888235294117647
19106 0.0670588235294118
19107 1.09
19107 3.9
19107 5.72470588235294
19107 2.56705882352941
19107 2.62411764705882
19107 2.82352941176471
19107 0.0235294117647059
19107 0.888235294117647
19107 0.0670588235294118
19129 1.09
19129 3.9
19129 5.72470588235294
19129 2.56705882352941
19129 2.62411764705882
19129 2.82352941176471
19129 0.0235294117647059
19129 0.888235294117647
19129 0.0670588235294118
19130 1.09
19130 3.9
19130 5.72470588235294
19130 2.56705882352941
19130 2.62411764705882
19130 2.82352941176471
19130 0.0235294117647059
19130 0.888235294117647
19130 0.0670588235294118
19131 1.09
19131 3.9
19131 5.72470588235294
19131 2.56705882352941
19131 2.62411764705882
19131 2.82352941176471
19131 0.0235294117647059
19131 0.888235294117647
19131 0.0670588235294118
19132 1.09
19132 3.9
19132 5.72470588235294
19132 2.56705882352941
19132 2.62411764705882
19132 2.82352941176471
19132 0.0235294117647059
19132 0.888235294117647
19132 0.0670588235294118
19133 1.09
19133 3.9
19133 5.72470588235294
19133 2.56705882352941
19133 2.62411764705882
19133 2.82352941176471
19133 0.0235294117647059
19133 0.888235294117647
19133 0.0670588235294118
19135 1.09
19135 3.9
19135 5.72470588235294
19135 2.56705882352941
19135 2.62411764705882
19135 2.82352941176471
19135 0.0235294117647059
19135 0.888235294117647
19135 0.0670588235294118
19139 1.09
19139 3.9
19139 5.72470588235294
19139 2.56705882352941
19139 2.62411764705882
19139 2.82352941176471
19139 0.0235294117647059
19139 0.888235294117647
19139 0.0670588235294118
19140 1.09
19140 3.9
19140 5.72470588235294
19140 2.56705882352941
19140 2.62411764705882
19140 2.82352941176471
19140 0.0235294117647059
19140 0.888235294117647
19140 0.0670588235294118
19141 1.09
19141 3.9
19141 5.72470588235294
19141 2.56705882352941
19141 2.62411764705882
19141 2.82352941176471
19141 0.0235294117647059
19141 0.888235294117647
19141 0.0670588235294118
19142 1.09
19142 3.9
19142 5.72470588235294
19142 2.56705882352941
19142 2.62411764705882
19142 2.82352941176471
19142 0.0235294117647059
19142 0.888235294117647
19142 0.0670588235294118
19143 1.09
19143 3.9
19143 5.72470588235294
19143 2.56705882352941
19143 2.62411764705882
19143 2.82352941176471
19143 0.0235294117647059
19143 0.888235294117647
19143 0.0670588235294118
19163 1.09
19163 3.9
19163 5.72470588235294
19163 2.56705882352941
19163 2.62411764705882
19163 2.82352941176471
19163 0.0235294117647059
19163 0.888235294117647
19163 0.0670588235294118
19164 1.09
19164 3.9
19164 5.72470588235294
19164 2.56705882352941
19164 2.62411764705882
19164 2.82352941176471
19164 0.0235294117647059
19164 0.888235294117647
19164 0.0670588235294118
19165 1.09
19165 3.9
19165 5.72470588235294
19165 2.56705882352941
19165 2.62411764705882
19165 2.82352941176471
19165 0.0235294117647059
19165 0.888235294117647
19165 0.0670588235294118
19166 1.09
19166 3.9
19166 5.72470588235294
19166 2.56705882352941
19166 2.62411764705882
19166 2.82352941176471
19166 0.0235294117647059
19166 0.888235294117647
19166 0.0670588235294118
19167 1.09
19167 3.9
19167 5.72470588235294
19167 2.56705882352941
19167 2.62411764705882
19167 2.82352941176471
19167 0.0235294117647059
19167 0.888235294117647
19167 0.0670588235294118
19172 1.09
19172 3.9
19172 5.72470588235294
19172 2.56705882352941
19172 2.62411764705882
19172 2.82352941176471
19172 0.0235294117647059
19172 0.888235294117647
19172 0.0670588235294118
19176 1.09
19176 3.9
19176 5.72470588235294
19176 2.56705882352941
19176 2.62411764705882
19176 2.82352941176471
19176 0.0235294117647059
19176 0.888235294117647
19176 0.0670588235294118
19198 1.09
19198 3.9
19198 5.72470588235294
19198 2.56705882352941
19198 2.62411764705882
19198 2.82352941176471
19198 0.0235294117647059
19198 0.888235294117647
19198 0.0670588235294118
19199 1.09
19199 3.9
19199 5.72470588235294
19199 2.56705882352941
19199 2.62411764705882
19199 2.82352941176471
19199 0.0235294117647059
19199 0.888235294117647
19199 0.0670588235294118
19200 1.09
19200 3.9
19200 5.72470588235294
19200 2.56705882352941
19200 2.62411764705882
19200 2.82352941176471
19200 0.0235294117647059
19200 0.888235294117647
19200 0.0670588235294118
19206 1.09
19206 3.9
19206 5.72470588235294
19206 2.56705882352941
19206 2.62411764705882
19206 2.82352941176471
19206 0.0235294117647059
19206 0.888235294117647
19206 0.0670588235294118
19207 1.09
19207 3.9
19207 5.72470588235294
19207 2.56705882352941
19207 2.62411764705882
19207 2.82352941176471
19207 0.0235294117647059
19207 0.888235294117647
19207 0.0670588235294118
19208 1.09
19208 3.9
19208 5.72470588235294
19208 2.56705882352941
19208 2.62411764705882
19208 2.82352941176471
19208 0.0235294117647059
19208 0.888235294117647
19208 0.0670588235294118
19237 1.09
19237 3.9
19237 5.72470588235294
19237 2.56705882352941
19237 2.62411764705882
19237 2.82352941176471
19237 0.0235294117647059
19237 0.888235294117647
19237 0.0670588235294118
19238 1.09
19238 3.9
19238 5.72470588235294
19238 2.56705882352941
19238 2.62411764705882
19238 2.82352941176471
19238 0.0235294117647059
19238 0.888235294117647
19238 0.0670588235294118
19239 1.09
19239 3.9
19239 5.72470588235294
19239 2.56705882352941
19239 2.62411764705882
19239 2.82352941176471
19239 0.0235294117647059
19239 0.888235294117647
19239 0.0670588235294118
19263 1.09
19263 3.9
19263 5.72470588235294
19263 2.56705882352941
19263 2.62411764705882
19263 2.82352941176471
19263 0.0235294117647059
19263 0.888235294117647
19263 0.0670588235294118
19267 1.09
19267 3.9
19267 5.72470588235294
19267 2.56705882352941
19267 2.62411764705882
19267 2.82352941176471
19267 0.0235294117647059
19267 0.888235294117647
19267 0.0670588235294118
19269 1.09
19269 3.9
19269 5.72470588235294
19269 2.56705882352941
19269 2.62411764705882
19269 2.82352941176471
19269 0.0235294117647059
19269 0.888235294117647
19269 0.0670588235294118
19296 1.09
19296 3.9
19296 5.72470588235294
19296 2.56705882352941
19296 2.62411764705882
19296 2.82352941176471
19296 0.0235294117647059
19296 0.888235294117647
19296 0.0670588235294118
19298 1.09
19298 3.9
19298 5.72470588235294
19298 2.56705882352941
19298 2.62411764705882
19298 2.82352941176471
19298 0.0235294117647059
19298 0.888235294117647
19298 0.0670588235294118
19323 1.09
19323 3.9
19323 5.72470588235294
19323 2.56705882352941
19323 2.62411764705882
19323 2.82352941176471
19323 0.0235294117647059
19323 0.888235294117647
19323 0.0670588235294118
