pt_graph shape
2602 1
2602 1
2602 1
2602 1
2602 1
2602 1
2602 1
2602 1
2602 1
2687 1
2687 1
2687 1
2687 1
2687 1
2687 1
2687 1
2687 1
2687 1
2685 1
2685 1
2685 1
2685 1
2685 1
2685 1
2685 1
2685 1
2685 1
2773 1
2773 1
2773 1
2773 1
2773 1
2773 1
2773 1
2773 1
2773 1
2772 1
2772 1
2772 1
2772 1
2772 1
2772 1
2772 1
2772 1
2772 1
2771 1
2771 1
2771 1
2771 1
2771 1
2771 1
2771 1
2771 1
2771 1
2859 1
2859 1
2859 1
2859 1
2859 1
2859 1
2859 1
2859 1
2859 1
2854 1
2854 1
2854 1
2854 1
2854 1
2854 1
2854 1
2854 1
2854 1
2946 1
2946 1
2946 1
2946 1
2946 1
2946 1
2946 1
2946 1
2946 1
2944 1
2944 1
2944 1
2944 1
2944 1
2944 1
2944 1
2944 1
2944 1
2943 1
2943 1
2943 1
2943 1
2943 1
2943 1
2943 1
2943 1
2943 1
3029 1
3029 1
3029 1
3029 1
3029 1
3029 1
3029 1
3029 1
3029 1
3028 1
3028 1
3028 1
3028 1
3028 1
3028 1
3028 1
3028 1
3028 1
3027 1
3027 1
3027 1
3027 1
3027 1
3027 1
3027 1
3027 1
3027 1
3114 1
3114 1
3114 1
3114 1
3114 1
3114 1
3114 1
3114 1
3114 1
3199 1
3199 1
3199 1
3199 1
3199 1
3199 1
3199 1
3199 1
3199 1
3197 1
3197 1
3197 1
3197 1
3197 1
3197 1
3197 1
3197 1
3197 1
3278 1
3278 1
3278 1
3278 1
3278 1
3278 1
3278 1
3278 1
3278 1
3277 1
3277 1
3277 1
3277 1
3277 1
3277 1
3277 1
3277 1
3277 1
3360 1
3360 1
3360 1
3360 1
3360 1
3360 1
3360 1
3360 1
3360 1
3359 1
3359 1
3359 1
3359 1
3359 1
3359 1
3359 1
3359 1
3359 1
3358 1
3358 1
3358 1
3358 1
3358 1
3358 1
3358 1
3358 1
3358 1
3443 1
3443 1
3443 1
3443 1
3443 1
3443 1
3443 1
3443 1
3443 1
3441 1
3441 1
3441 1
3441 1
3441 1
3441 1
3441 1
3441 1
3441 1
3440 1
3440 1
3440 1
3440 1
3440 1
3440 1
3440 1
3440 1
3440 1
3523 1
3523 1
3523 1
3523 1
3523 1
3523 1
3523 1
3523 1
3523 1
3602 1
3602 1
3602 1
3602 1
3602 1
3602 1
3602 1
3602 1
3602 1
3601 1
3601 1
3601 1
3601 1
3601 1
3601 1
3601 1
3601 1
3601 1
3681 1
3681 1
3681 1
3681 1
3681 1
3681 1
3681 1
3681 1
3681 1
3680 1
3680 1
3680 1
3680 1
3680 1
3680 1
3680 1
3680 1
3680 1
3679 1
3679 1
3679 1
3679 1
3679 1
3679 1
3679 1
3679 1
3679 1
3652 1
3652 1
3652 1
3652 1
3652 1
3652 1
3652 1
3652 1
3652 1
3758 1
3758 1
3758 1
3758 1
3758 1
3758 1
3758 1
3758 1
3758 1
3756 1
3756 1
3756 1
3756 1
3756 1
3756 1
3756 1
3756 1
3756 1
3729 1
3729 1
3729 1
3729 1
3729 1
3729 1
3729 1
3729 1
3729 1
3728 1
3728 1
3728 1
3728 1
3728 1
3728 1
3728 1
3728 1
3728 1
3836 1
3836 1
3836 1
3836 1
3836 1
3836 1
3836 1
3836 1
3836 1
3835 1
3835 1
3835 1
3835 1
3835 1
3835 1
3835 1
3835 1
3835 1
3834 1
3834 1
3834 1
3834 1
3834 1
3834 1
3834 1
3834 1
3834 1
3833 1
3833 1
3833 1
3833 1
3833 1
3833 1
3833 1
3833 1
3833 1
3812 1
3812 1
3812 1
3812 1
3812 1
3812 1
3812 1
3812 1
3812 1
3804 1
3804 1
3804 1
3804 1
3804 1
3804 1
3804 1
3804 1
3804 1
3907 1
3907 1
3907 1
3907 1
3907 1
3907 1
3907 1
3907 1
3907 1
3906 1
3906 1
3906 1
3906 1
3906 1
3906 1
3906 1
3906 1
3906 1
3905 1
3905 1
3905 1
3905 1
3905 1
3905 1
3905 1
3905 1
3905 1
3904 1
3904 1
3904 1
3904 1
3904 1
3904 1
3904 1
3904 1
3904 1
3877 1
3877 1
3877 1
3877 1
3877 1
3877 1
3877 1
3877 1
3877 1
3977 1
3977 1
3977 1
3977 1
3977 1
3977 1
3977 1
3977 1
3977 1
3976 1
3976 1
3976 1
3976 1
3976 1
3976 1
3976 1
3976 1
3976 1
3975 1
3975 1
3975 1
3975 1
3975 1
3975 1
3975 1
3975 1
3975 1
3974 1
3974 1
3974 1
3974 1
3974 1
3974 1
3974 1
3974 1
3974 1
3973 1
3973 1
3973 1
3973 1
3973 1
3973 1
3973 1
3973 1
3973 1
4044 1
4044 1
4044 1
4044 1
4044 1
4044 1
4044 1
4044 1
4044 1
4042 1
4042 1
4042 1
4042 1
4042 1
4042 1
4042 1
4042 1
4042 1
4041 1
4041 1
4041 1
4041 1
4041 1
4041 1
4041 1
4041 1
4041 1
4040 1
4040 1
4040 1
4040 1
4040 1
4040 1
4040 1
4040 1
4040 1
4111 1
4111 1
4111 1
4111 1
4111 1
4111 1
4111 1
4111 1
4111 1
4110 1
4110 1
4110 1
4110 1
4110 1
4110 1
4110 1
4110 1
4110 1
4108 1
4108 1
4108 1
4108 1
4108 1
4108 1
4108 1
4108 1
4108 1
4107 1
4107 1
4107 1
4107 1
4107 1
4107 1
4107 1
4107 1
4107 1
4106 1
4106 1
4106 1
4106 1
4106 1
4106 1
4106 1
4106 1
4106 1
4105 1
4105 1
4105 1
4105 1
4105 1
4105 1
4105 1
4105 1
4105 1
4176 1
4176 1
4176 1
4176 1
4176 1
4176 1
4176 1
4176 1
4176 1
4173 1
4173 1
4173 1
4173 1
4173 1
4173 1
4173 1
4173 1
4173 1
4172 1
4172 1
4172 1
4172 1
4172 1
4172 1
4172 1
4172 1
4172 1
4171 1
4171 1
4171 1
4171 1
4171 1
4171 1
4171 1
4171 1
4171 1
4170 1
4170 1
4170 1
4170 1
4170 1
4170 1
4170 1
4170 1
4170 1
4168 1
4168 1
4168 1
4168 1
4168 1
4168 1
4168 1
4168 1
4168 1
4167 1
4167 1
4167 1
4167 1
4167 1
4167 1
4167 1
4167 1
4167 1
4236 1
4236 1
4236 1
4236 1
4236 1
4236 1
4236 1
4236 1
4236 1
4235 1
4235 1
4235 1
4235 1
4235 1
4235 1
4235 1
4235 1
4235 1
4234 1
4234 1
4234 1
4234 1
4234 1
4234 1
4234 1
4234 1
4234 1
4233 1
4233 1
4233 1
4233 1
4233 1
4233 1
4233 1
4233 1
4233 1
4232 1
4232 1
4232 1
4232 1
4232 1
4232 1
4232 1
4232 1
4232 1
4231 1
4231 1
4231 1
4231 1
4231 1
4231 1
4231 1
4231 1
4231 1
4230 1
4230 1
4230 1
4230 1
4230 1
4230 1
4230 1
4230 1
4230 1
4211 1
4211 1
4211 1
4211 1
4211 1
4211 1
4211 1
4211 1
4211 1
4295 1
4295 1
4295 1
4295 1
4295 1
4295 1
4295 1
4295 1
4295 1
4294 1
4294 1
4294 1
4294 1
4294 1
4294 1
4294 1
4294 1
4294 1
4293 1
4293 1
4293 1
4293 1
4293 1
4293 1
4293 1
4293 1
4293 1
4292 1
4292 1
4292 1
4292 1
4292 1
4292 1
4292 1
4292 1
4292 1
4291 1
4291 1
4291 1
4291 1
4291 1
4291 1
4291 1
4291 1
4291 1
4290 1
4290 1
4290 1
4290 1
4290 1
4290 1
4290 1
4290 1
4290 1
4349 1
4349 1
4349 1
4349 1
4349 1
4349 1
4349 1
4349 1
4349 1
4344 1
4344 1
4344 1
4344 1
4344 1
4344 1
4344 1
4344 1
4344 1
4423 1
4423 1
4423 1
4423 1
4423 1
4423 1
4423 1
4423 1
4423 1
4420 1
4420 1
4420 1
4420 1
4420 1
4420 1
4420 1
4420 1
4420 1
4505 1
4505 1
4505 1
4505 1
4505 1
4505 1
4505 1
4505 1
4505 1
4506 1
4506 1
4506 1
4506 1
4506 1
4506 1
4506 1
4506 1
4506 1
4566 1
4566 1
4566 1
4566 1
4566 1
4566 1
4566 1
4566 1
4566 1
4549 1
4549 1
4549 1
4549 1
4549 1
4549 1
4549 1
4549 1
4549 1
4594 1
4594 1
4594 1
4594 1
4594 1
4594 1
4594 1
4594 1
4594 1
4593 1
4593 1
4593 1
4593 1
4593 1
4593 1
4593 1
4593 1
4593 1
4649 1
4649 1
4649 1
4649 1
4649 1
4649 1
4649 1
4649 1
4649 1
4638 1
4638 1
4638 1
4638 1
4638 1
4638 1
4638 1
4638 1
4638 1
4636 1
4636 1
4636 1
4636 1
4636 1
4636 1
4636 1
4636 1
4636 1
4635 1
4635 1
4635 1
4635 1
4635 1
4635 1
4635 1
4635 1
4635 1
4680 1
4680 1
4680 1
4680 1
4680 1
4680 1
4680 1
4680 1
4680 1
4678 1
4678 1
4678 1
4678 1
4678 1
4678 1
4678 1
4678 1
4678 1
4720 1
4720 1
4720 1
4720 1
4720 1
4720 1
4720 1
4720 1
4720 1
4768 1
4768 1
4768 1
4768 1
4768 1
4768 1
4768 1
4768 1
4768 1
4759 1
4759 1
4759 1
4759 1
4759 1
4759 1
4759 1
4759 1
4759 1
4758 1
4758 1
4758 1
4758 1
4758 1
4758 1
4758 1
4758 1
4758 1
4757 1
4757 1
4757 1
4757 1
4757 1
4757 1
4757 1
4757 1
4757 1
4808 1
4808 1
4808 1
4808 1
4808 1
4808 1
4808 1
4808 1
4808 1
4799 1
4799 1
4799 1
4799 1
4799 1
4799 1
4799 1
4799 1
4799 1
4797 1
4797 1
4797 1
4797 1
4797 1
4797 1
4797 1
4797 1
4797 1
4846 1
4846 1
4846 1
4846 1
4846 1
4846 1
4846 1
4846 1
4846 1
4841 1
4841 1
4841 1
4841 1
4841 1
4841 1
4841 1
4841 1
4841 1
4838 1
4838 1
4838 1
4838 1
4838 1
4838 1
4838 1
4838 1
4838 1
4837 1
4837 1
4837 1
4837 1
4837 1
4837 1
4837 1
4837 1
4837 1
4836 1
4836 1
4836 1
4836 1
4836 1
4836 1
4836 1
4836 1
4836 1
4887 1
4887 1
4887 1
4887 1
4887 1
4887 1
4887 1
4887 1
4887 1
4877 1
4877 1
4877 1
4877 1
4877 1
4877 1
4877 1
4877 1
4877 1
4876 1
4876 1
4876 1
4876 1
4876 1
4876 1
4876 1
4876 1
4876 1
4875 1
4875 1
4875 1
4875 1
4875 1
4875 1
4875 1
4875 1
4875 1
4932 1
4932 1
4932 1
4932 1
4932 1
4932 1
4932 1
4932 1
4932 1
4925 1
4925 1
4925 1
4925 1
4925 1
4925 1
4925 1
4925 1
4925 1
4924 1
4924 1
4924 1
4924 1
4924 1
4924 1
4924 1
4924 1
4924 1
4923 1
4923 1
4923 1
4923 1
4923 1
4923 1
4923 1
4923 1
4923 1
4922 1
4922 1
4922 1
4922 1
4922 1
4922 1
4922 1
4922 1
4922 1
4921 1
4921 1
4921 1
4921 1
4921 1
4921 1
4921 1
4921 1
4921 1
4984 1
4984 1
4984 1
4984 1
4984 1
4984 1
4984 1
4984 1
4984 1
4982 1
4982 1
4982 1
4982 1
4982 1
4982 1
4982 1
4982 1
4982 1
4977 1
4977 1
4977 1
4977 1
4977 1
4977 1
4977 1
4977 1
4977 1
4976 1
4976 1
4976 1
4976 1
4976 1
4976 1
4976 1
4976 1
4976 1
4974 1
4974 1
4974 1
4974 1
4974 1
4974 1
4974 1
4974 1
4974 1
4975 1
4975 1
4975 1
4975 1
4975 1
4975 1
4975 1
4975 1
4975 1
4973 1
4973 1
4973 1
4973 1
4973 1
4973 1
4973 1
4973 1
4973 1
4972 1
4972 1
4972 1
4972 1
4972 1
4972 1
4972 1
4972 1
4972 1
5039 1
5039 1
5039 1
5039 1
5039 1
5039 1
5039 1
5039 1
5039 1
5038 1
5038 1
5038 1
5038 1
5038 1
5038 1
5038 1
5038 1
5038 1
5034 1
5034 1
5034 1
5034 1
5034 1
5034 1
5034 1
5034 1
5034 1
5033 1
5033 1
5033 1
5033 1
5033 1
5033 1
5033 1
5033 1
5033 1
5032 1
5032 1
5032 1
5032 1
5032 1
5032 1
5032 1
5032 1
5032 1
5031 1
5031 1
5031 1
5031 1
5031 1
5031 1
5031 1
5031 1
5031 1
5030 1
5030 1
5030 1
5030 1
5030 1
5030 1
5030 1
5030 1
5030 1
5029 1
5029 1
5029 1
5029 1
5029 1
5029 1
5029 1
5029 1
5029 1
5097 1
5097 1
5097 1
5097 1
5097 1
5097 1
5097 1
5097 1
5097 1
5096 1
5096 1
5096 1
5096 1
5096 1
5096 1
5096 1
5096 1
5096 1
5095 1
5095 1
5095 1
5095 1
5095 1
5095 1
5095 1
5095 1
5095 1
5093 1
5093 1
5093 1
5093 1
5093 1
5093 1
5093 1
5093 1
5093 1
5092 1
5092 1
5092 1
5092 1
5092 1
5092 1
5092 1
5092 1
5092 1
5091 1
5091 1
5091 1
5091 1
5091 1
5091 1
5091 1
5091 1
5091 1
5090 1
5090 1
5090 1
5090 1
5090 1
5090 1
5090 1
5090 1
5090 1
5089 1
5089 1
5089 1
5089 1
5089 1
5089 1
5089 1
5089 1
5089 1
5152 1
5152 1
5152 1
5152 1
5152 1
5152 1
5152 1
5152 1
5152 1
5151 1
5151 1
5151 1
5151 1
5151 1
5151 1
5151 1
5151 1
5151 1
5150 1
5150 1
5150 1
5150 1
5150 1
5150 1
5150 1
5150 1
5150 1
5149 1
5149 1
5149 1
5149 1
5149 1
5149 1
5149 1
5149 1
5149 1
5148 1
5148 1
5148 1
5148 1
5148 1
5148 1
5148 1
5148 1
5148 1
5147 1
5147 1
5147 1
5147 1
5147 1
5147 1
5147 1
5147 1
5147 1
19516 1
19516 1
19516 1
19516 1
19516 1
19516 1
19516 1
19516 1
19516 1
