pt_graph scale
4755 1.18119047619048
4755 0
4755 2.7952380952381
4755 2.41333333333333
4755 3.14
4755 2.72142857142857
4755 0.00214285714285714
4755 0
4755 0.0142857142857143
4753 1.18119047619048
4753 0
4753 2.7952380952381
4753 2.41333333333333
4753 3.14
4753 2.72142857142857
4753 0.00214285714285714
4753 0
4753 0.0142857142857143
4751 1.18119047619048
4751 0
4751 2.7952380952381
4751 2.41333333333333
4751 3.14
4751 2.72142857142857
4751 0.00214285714285714
4751 0
4751 0.0142857142857143
4795 1.18119047619048
4795 0
4795 2.7952380952381
4795 2.41333333333333
4795 3.14
4795 2.72142857142857
4795 0.00214285714285714
4795 0
4795 0.0142857142857143
4794 1.18119047619048
4794 0
4794 2.7952380952381
4794 2.41333333333333
4794 3.14
4794 2.72142857142857
4794 0.00214285714285714
4794 0
4794 0.0142857142857143
4834 1.18119047619048
4834 0
4834 2.7952380952381
4834 2.41333333333333
4834 3.14
4834 2.72142857142857
4834 0.00214285714285714
4834 0
4834 0.0142857142857143
4835 1.18119047619048
4835 0
4835 2.7952380952381
4835 2.41333333333333
4835 3.14
4835 2.72142857142857
4835 0.00214285714285714
4835 0
4835 0.0142857142857143
4833 1.18119047619048
4833 0
4833 2.7952380952381
4833 2.41333333333333
4833 3.14
4833 2.72142857142857
4833 0.00214285714285714
4833 0
4833 0.0142857142857143
4874 1.18119047619048
4874 0
4874 2.7952380952381
4874 2.41333333333333
4874 3.14
4874 2.72142857142857
4874 0.00214285714285714
4874 0
4874 0.0142857142857143
4871 1.18119047619048
4871 0
4871 2.7952380952381
4871 2.41333333333333
4871 3.14
4871 2.72142857142857
4871 0.00214285714285714
4871 0
4871 0.0142857142857143
4919 1.18119047619048
4919 0
4919 2.7952380952381
4919 2.41333333333333
4919 3.14
4919 2.72142857142857
4919 0.00214285714285714
4919 0
4919 0.0142857142857143
4971 1.18119047619048
4971 0
4971 2.7952380952381
4971 2.41333333333333
4971 3.14
4971 2.72142857142857
4971 0.00214285714285714
4971 0
4971 0.0142857142857143
4970 1.18119047619048
4970 0
4970 2.7952380952381
4970 2.41333333333333
4970 3.14
4970 2.72142857142857
4970 0.00214285714285714
4970 0
4970 0.0142857142857143
4967 1.18119047619048
4967 0
4967 2.7952380952381
4967 2.41333333333333
4967 3.14
4967 2.72142857142857
4967 0.00214285714285714
4967 0
4967 0.0142857142857143
5028 1.18119047619048
5028 0
5028 2.7952380952381
5028 2.41333333333333
5028 3.14
5028 2.72142857142857
5028 0.00214285714285714
5028 0
5028 0.0142857142857143
5086 1.18119047619048
5086 0
5086 2.7952380952381
5086 2.41333333333333
5086 3.14
5086 2.72142857142857
5086 0.00214285714285714
5086 0
5086 0.0142857142857143
5145 1.18119047619048
5145 0
5145 2.7952380952381
5145 2.41333333333333
5145 3.14
5145 2.72142857142857
5145 0.00214285714285714
5145 0
5145 0.0142857142857143
5200 1.18119047619048
5200 0
5200 2.7952380952381
5200 2.41333333333333
5200 3.14
5200 2.72142857142857
5200 0.00214285714285714
5200 0
5200 0.0142857142857143
5197 1.18119047619048
5197 0
5197 2.7952380952381
5197 2.41333333333333
5197 3.14
5197 2.72142857142857
5197 0.00214285714285714
5197 0
5197 0.0142857142857143
5198 1.18119047619048
5198 0
5198 2.7952380952381
5198 2.41333333333333
5198 3.14
5198 2.72142857142857
5198 0.00214285714285714
5198 0
5198 0.0142857142857143
5248 1.18119047619048
5248 0
5248 2.7952380952381
5248 2.41333333333333
5248 3.14
5248 2.72142857142857
5248 0.00214285714285714
5248 0
5248 0.0142857142857143
5249 1.18119047619048
5249 0
5249 2.7952380952381
5249 2.41333333333333
5249 3.14
5249 2.72142857142857
5249 0.00214285714285714
5249 0
5249 0.0142857142857143
5297 1.18119047619048
5297 0
5297 2.7952380952381
5297 2.41333333333333
5297 3.14
5297 2.72142857142857
5297 0.00214285714285714
5297 0
5297 0.0142857142857143
5345 1.18119047619048
5345 0
5345 2.7952380952381
5345 2.41333333333333
5345 3.14
5345 2.72142857142857
5345 0.00214285714285714
5345 0
5345 0.0142857142857143
5346 1.18119047619048
5346 0
5346 2.7952380952381
5346 2.41333333333333
5346 3.14
5346 2.72142857142857
5346 0.00214285714285714
5346 0
5346 0.0142857142857143
5396 1.18119047619048
5396 0
5396 2.7952380952381
5396 2.41333333333333
5396 3.14
5396 2.72142857142857
5396 0.00214285714285714
5396 0
5396 0.0142857142857143
5493 1.18119047619048
5493 0
5493 2.7952380952381
5493 2.41333333333333
5493 3.14
5493 2.72142857142857
5493 0.00214285714285714
5493 0
5493 0.0142857142857143
5549 1.18119047619048
5549 0
5549 2.7952380952381
5549 2.41333333333333
5549 3.14
5549 2.72142857142857
5549 0.00214285714285714
5549 0
5549 0.0142857142857143
5601 1.18119047619048
5601 0
5601 2.7952380952381
5601 2.41333333333333
5601 3.14
5601 2.72142857142857
5601 0.00214285714285714
5601 0
5601 0.0142857142857143
5652 1.18119047619048
5652 0
5652 2.7952380952381
5652 2.41333333333333
5652 3.14
5652 2.72142857142857
5652 0.00214285714285714
5652 0
5652 0.0142857142857143
5653 1.18119047619048
5653 0
5653 2.7952380952381
5653 2.41333333333333
5653 3.14
5653 2.72142857142857
5653 0.00214285714285714
5653 0
5653 0.0142857142857143
5705 1.18119047619048
5705 0
5705 2.7952380952381
5705 2.41333333333333
5705 3.14
5705 2.72142857142857
5705 0.00214285714285714
5705 0
5705 0.0142857142857143
5757 1.18119047619048
5757 0
5757 2.7952380952381
5757 2.41333333333333
5757 3.14
5757 2.72142857142857
5757 0.00214285714285714
5757 0
5757 0.0142857142857143
5864 1.18119047619048
5864 0
5864 2.7952380952381
5864 2.41333333333333
5864 3.14
5864 2.72142857142857
5864 0.00214285714285714
5864 0
5864 0.0142857142857143
6029 1.18119047619048
6029 0
6029 2.7952380952381
6029 2.41333333333333
6029 3.14
6029 2.72142857142857
6029 0.00214285714285714
6029 0
6029 0.0142857142857143
6085 1.18119047619048
6085 0
6085 2.7952380952381
6085 2.41333333333333
6085 3.14
6085 2.72142857142857
6085 0.00214285714285714
6085 0
6085 0.0142857142857143
6084 1.18119047619048
6084 0
6084 2.7952380952381
6084 2.41333333333333
6084 3.14
6084 2.72142857142857
6084 0.00214285714285714
6084 0
6084 0.0142857142857143
6144 1.18119047619048
6144 0
6144 2.7952380952381
6144 2.41333333333333
6144 3.14
6144 2.72142857142857
6144 0.00214285714285714
6144 0
6144 0.0142857142857143
6203 1.18119047619048
6203 0
6203 2.7952380952381
6203 2.41333333333333
6203 3.14
6203 2.72142857142857
6203 0.00214285714285714
6203 0
6203 0.0142857142857143
6264 1.18119047619048
6264 0
6264 2.7952380952381
6264 2.41333333333333
6264 3.14
6264 2.72142857142857
6264 0.00214285714285714
6264 0
6264 0.0142857142857143
6262 1.18119047619048
6262 0
6262 2.7952380952381
6262 2.41333333333333
6262 3.14
6262 2.72142857142857
6262 0.00214285714285714
6262 0
6262 0.0142857142857143
6324 1.18119047619048
6324 0
6324 2.7952380952381
6324 2.41333333333333
6324 3.14
6324 2.72142857142857
6324 0.00214285714285714
6324 0
6324 0.0142857142857143
6323 1.18119047619048
6323 0
6323 2.7952380952381
6323 2.41333333333333
6323 3.14
6323 2.72142857142857
6323 0.00214285714285714
6323 0
6323 0.0142857142857143
6384 1.18119047619048
6384 0
6384 2.7952380952381
6384 2.41333333333333
6384 3.14
6384 2.72142857142857
6384 0.00214285714285714
6384 0
6384 0.0142857142857143
6382 1.18119047619048
6382 0
6382 2.7952380952381
6382 2.41333333333333
6382 3.14
6382 2.72142857142857
6382 0.00214285714285714
6382 0
6382 0.0142857142857143
6445 1.18119047619048
6445 0
6445 2.7952380952381
6445 2.41333333333333
6445 3.14
6445 2.72142857142857
6445 0.00214285714285714
6445 0
6445 0.0142857142857143
6507 1.18119047619048
6507 0
6507 2.7952380952381
6507 2.41333333333333
6507 3.14
6507 2.72142857142857
6507 0.00214285714285714
6507 0
6507 0.0142857142857143
6500 1.18119047619048
6500 0
6500 2.7952380952381
6500 2.41333333333333
6500 3.14
6500 2.72142857142857
6500 0.00214285714285714
6500 0
6500 0.0142857142857143
6569 1.18119047619048
6569 0
6569 2.7952380952381
6569 2.41333333333333
6569 3.14
6569 2.72142857142857
6569 0.00214285714285714
6569 0
6569 0.0142857142857143
6628 1.18119047619048
6628 0
6628 2.7952380952381
6628 2.41333333333333
6628 3.14
6628 2.72142857142857
6628 0.00214285714285714
6628 0
6628 0.0142857142857143
6629 1.18119047619048
6629 0
6629 2.7952380952381
6629 2.41333333333333
6629 3.14
6629 2.72142857142857
6629 0.00214285714285714
6629 0
6629 0.0142857142857143
6689 1.18119047619048
6689 0
6689 2.7952380952381
6689 2.41333333333333
6689 3.14
6689 2.72142857142857
6689 0.00214285714285714
6689 0
6689 0.0142857142857143
6688 1.18119047619048
6688 0
6688 2.7952380952381
6688 2.41333333333333
6688 3.14
6688 2.72142857142857
6688 0.00214285714285714
6688 0
6688 0.0142857142857143
6749 1.18119047619048
6749 0
6749 2.7952380952381
6749 2.41333333333333
6749 3.14
6749 2.72142857142857
6749 0.00214285714285714
6749 0
6749 0.0142857142857143
6807 1.18119047619048
6807 0
6807 2.7952380952381
6807 2.41333333333333
6807 3.14
6807 2.72142857142857
6807 0.00214285714285714
6807 0
6807 0.0142857142857143
6808 1.18119047619048
6808 0
6808 2.7952380952381
6808 2.41333333333333
6808 3.14
6808 2.72142857142857
6808 0.00214285714285714
6808 0
6808 0.0142857142857143
6866 1.18119047619048
6866 0
6866 2.7952380952381
6866 2.41333333333333
6866 3.14
6866 2.72142857142857
6866 0.00214285714285714
6866 0
6866 0.0142857142857143
6924 1.18119047619048
6924 0
6924 2.7952380952381
6924 2.41333333333333
6924 3.14
6924 2.72142857142857
6924 0.00214285714285714
6924 0
6924 0.0142857142857143
6983 1.18119047619048
6983 0
6983 2.7952380952381
6983 2.41333333333333
6983 3.14
6983 2.72142857142857
6983 0.00214285714285714
6983 0
6983 0.0142857142857143
6981 1.18119047619048
6981 0
6981 2.7952380952381
6981 2.41333333333333
6981 3.14
6981 2.72142857142857
6981 0.00214285714285714
6981 0
6981 0.0142857142857143
6982 1.18119047619048
6982 0
6982 2.7952380952381
6982 2.41333333333333
6982 3.14
6982 2.72142857142857
6982 0.00214285714285714
6982 0
6982 0.0142857142857143
7043 1.18119047619048
7043 0
7043 2.7952380952381
7043 2.41333333333333
7043 3.14
7043 2.72142857142857
7043 0.00214285714285714
7043 0
7043 0.0142857142857143
7041 1.18119047619048
7041 0
7041 2.7952380952381
7041 2.41333333333333
7041 3.14
7041 2.72142857142857
7041 0.00214285714285714
7041 0
7041 0.0142857142857143
7042 1.18119047619048
7042 0
7042 2.7952380952381
7042 2.41333333333333
7042 3.14
7042 2.72142857142857
7042 0.00214285714285714
7042 0
7042 0.0142857142857143
7104 1.18119047619048
7104 0
7104 2.7952380952381
7104 2.41333333333333
7104 3.14
7104 2.72142857142857
7104 0.00214285714285714
7104 0
7104 0.0142857142857143
7102 1.18119047619048
7102 0
7102 2.7952380952381
7102 2.41333333333333
7102 3.14
7102 2.72142857142857
7102 0.00214285714285714
7102 0
7102 0.0142857142857143
7166 1.18119047619048
7166 0
7166 2.7952380952381
7166 2.41333333333333
7166 3.14
7166 2.72142857142857
7166 0.00214285714285714
7166 0
7166 0.0142857142857143
7164 1.18119047619048
7164 0
7164 2.7952380952381
7164 2.41333333333333
7164 3.14
7164 2.72142857142857
7164 0.00214285714285714
7164 0
7164 0.0142857142857143
7165 1.18119047619048
7165 0
7165 2.7952380952381
7165 2.41333333333333
7165 3.14
7165 2.72142857142857
7165 0.00214285714285714
7165 0
7165 0.0142857142857143
7162 1.18119047619048
7162 0
7162 2.7952380952381
7162 2.41333333333333
7162 3.14
7162 2.72142857142857
7162 0.00214285714285714
7162 0
7162 0.0142857142857143
7229 1.18119047619048
7229 0
7229 2.7952380952381
7229 2.41333333333333
7229 3.14
7229 2.72142857142857
7229 0.00214285714285714
7229 0
7229 0.0142857142857143
7227 1.18119047619048
7227 0
7227 2.7952380952381
7227 2.41333333333333
7227 3.14
7227 2.72142857142857
7227 0.00214285714285714
7227 0
7227 0.0142857142857143
7292 1.18119047619048
7292 0
7292 2.7952380952381
7292 2.41333333333333
7292 3.14
7292 2.72142857142857
7292 0.00214285714285714
7292 0
7292 0.0142857142857143
7291 1.18119047619048
7291 0
7291 2.7952380952381
7291 2.41333333333333
7291 3.14
7291 2.72142857142857
7291 0.00214285714285714
7291 0
7291 0.0142857142857143
7355 1.18119047619048
7355 0
7355 2.7952380952381
7355 2.41333333333333
7355 3.14
7355 2.72142857142857
7355 0.00214285714285714
7355 0
7355 0.0142857142857143
7353 1.18119047619048
7353 0
7353 2.7952380952381
7353 2.41333333333333
7353 3.14
7353 2.72142857142857
7353 0.00214285714285714
7353 0
7353 0.0142857142857143
7354 1.18119047619048
7354 0
7354 2.7952380952381
7354 2.41333333333333
7354 3.14
7354 2.72142857142857
7354 0.00214285714285714
7354 0
7354 0.0142857142857143
7419 1.18119047619048
7419 0
7419 2.7952380952381
7419 2.41333333333333
7419 3.14
7419 2.72142857142857
7419 0.00214285714285714
7419 0
7419 0.0142857142857143
7483 1.18119047619048
7483 0
7483 2.7952380952381
7483 2.41333333333333
7483 3.14
7483 2.72142857142857
7483 0.00214285714285714
7483 0
7483 0.0142857142857143
7477 1.18119047619048
7477 0
7477 2.7952380952381
7477 2.41333333333333
7477 3.14
7477 2.72142857142857
7477 0.00214285714285714
7477 0
7477 0.0142857142857143
7547 1.18119047619048
7547 0
7547 2.7952380952381
7547 2.41333333333333
7547 3.14
7547 2.72142857142857
7547 0.00214285714285714
7547 0
7547 0.0142857142857143
7546 1.18119047619048
7546 0
7546 2.7952380952381
7546 2.41333333333333
7546 3.14
7546 2.72142857142857
7546 0.00214285714285714
7546 0
7546 0.0142857142857143
7609 1.18119047619048
7609 0
7609 2.7952380952381
7609 2.41333333333333
7609 3.14
7609 2.72142857142857
7609 0.00214285714285714
7609 0
7609 0.0142857142857143
7610 1.18119047619048
7610 0
7610 2.7952380952381
7610 2.41333333333333
7610 3.14
7610 2.72142857142857
7610 0.00214285714285714
7610 0
7610 0.0142857142857143
7611 1.18119047619048
7611 0
7611 2.7952380952381
7611 2.41333333333333
7611 3.14
7611 2.72142857142857
7611 0.00214285714285714
7611 0
7611 0.0142857142857143
7674 1.18119047619048
7674 0
7674 2.7952380952381
7674 2.41333333333333
7674 3.14
7674 2.72142857142857
7674 0.00214285714285714
7674 0
7674 0.0142857142857143
7676 1.18119047619048
7676 0
7676 2.7952380952381
7676 2.41333333333333
7676 3.14
7676 2.72142857142857
7676 0.00214285714285714
7676 0
7676 0.0142857142857143
7740 1.18119047619048
7740 0
7740 2.7952380952381
7740 2.41333333333333
7740 3.14
7740 2.72142857142857
7740 0.00214285714285714
7740 0
7740 0.0142857142857143
7741 1.18119047619048
7741 0
7741 2.7952380952381
7741 2.41333333333333
7741 3.14
7741 2.72142857142857
7741 0.00214285714285714
7741 0
7741 0.0142857142857143
7738 1.18119047619048
7738 0
7738 2.7952380952381
7738 2.41333333333333
7738 3.14
7738 2.72142857142857
7738 0.00214285714285714
7738 0
7738 0.0142857142857143
7804 1.18119047619048
7804 0
7804 2.7952380952381
7804 2.41333333333333
7804 3.14
7804 2.72142857142857
7804 0.00214285714285714
7804 0
7804 0.0142857142857143
7805 1.18119047619048
7805 0
7805 2.7952380952381
7805 2.41333333333333
7805 3.14
7805 2.72142857142857
7805 0.00214285714285714
7805 0
7805 0.0142857142857143
7806 1.18119047619048
7806 0
7806 2.7952380952381
7806 2.41333333333333
7806 3.14
7806 2.72142857142857
7806 0.00214285714285714
7806 0
7806 0.0142857142857143
