pt_graph cpue_kghour
14854 1.09
14854 3.9
14854 5.65
14854 2.56
14854 2.62
14854 2.8
14854 0.1
14854 1.51
14854 0.19
14911 1.09
14911 3.9
14911 5.65
14911 2.56
14911 2.62
14911 2.8
14911 0.1
14911 1.51
14911 0.19
14937 1.09
14937 3.9
14937 5.65
14937 2.56
14937 2.62
14937 2.8
14937 0.1
14937 1.51
14937 0.19
14938 1.09
14938 3.9
14938 5.65
14938 2.56
14938 2.62
14938 2.8
14938 0.1
14938 1.51
14938 0.19
14964 1.09
14964 3.9
14964 5.65
14964 2.56
14964 2.62
14964 2.8
14964 0.1
14964 1.51
14964 0.19
14965 1.09
14965 3.9
14965 5.65
14965 2.56
14965 2.62
14965 2.8
14965 0.1
14965 1.51
14965 0.19
14985 1.09
14985 3.9
14985 5.65
14985 2.56
14985 2.62
14985 2.8
14985 0.1
14985 1.51
14985 0.19
14987 1.09
14987 3.9
14987 5.65
14987 2.56
14987 2.62
14987 2.8
14987 0.1
14987 1.51
14987 0.19
15012 1.09
15012 3.9
15012 5.65
15012 2.56
15012 2.62
15012 2.8
15012 0.1
15012 1.51
15012 0.19
15013 1.09
15013 3.9
15013 5.65
15013 2.56
15013 2.62
15013 2.8
15013 0.1
15013 1.51
15013 0.19
15061 1.09
15061 3.9
15061 5.65
15061 2.56
15061 2.62
15061 2.8
15061 0.1
15061 1.51
15061 0.19
15063 1.09
15063 3.9
15063 5.65
15063 2.56
15063 2.62
15063 2.8
15063 0.1
15063 1.51
15063 0.19
15090 1.09
15090 3.9
15090 5.65
15090 2.56
15090 2.62
15090 2.8
15090 0.1
15090 1.51
15090 0.19
15093 1.09
15093 3.9
15093 5.65
15093 2.56
15093 2.62
15093 2.8
15093 0.1
15093 1.51
15093 0.19
15094 1.09
15094 3.9
15094 5.65
15094 2.56
15094 2.62
15094 2.8
15094 0.1
15094 1.51
15094 0.19
15095 1.09
15095 3.9
15095 5.65
15095 2.56
15095 2.62
15095 2.8
15095 0.1
15095 1.51
15095 0.19
15096 1.09
15096 3.9
15096 5.65
15096 2.56
15096 2.62
15096 2.8
15096 0.1
15096 1.51
15096 0.19
15126 1.09
15126 3.9
15126 5.65
15126 2.56
15126 2.62
15126 2.8
15126 0.1
15126 1.51
15126 0.19
15130 1.09
15130 3.9
15130 5.65
15130 2.56
15130 2.62
15130 2.8
15130 0.1
15130 1.51
15130 0.19
15165 1.09
15165 3.9
15165 5.65
15165 2.56
15165 2.62
15165 2.8
15165 0.1
15165 1.51
15165 0.19
15166 1.09
15166 3.9
15166 5.65
15166 2.56
15166 2.62
15166 2.8
15166 0.1
15166 1.51
15166 0.19
15216 1.09
15216 3.9
15216 5.65
15216 2.56
15216 2.62
15216 2.8
15216 0.1
15216 1.51
15216 0.19
15217 1.09
15217 3.9
15217 5.65
15217 2.56
15217 2.62
15217 2.8
15217 0.1
15217 1.51
15217 0.19
15218 1.09
15218 3.9
15218 5.65
15218 2.56
15218 2.62
15218 2.8
15218 0.1
15218 1.51
15218 0.19
15263 1.09
15263 3.9
15263 5.65
15263 2.56
15263 2.62
15263 2.8
15263 0.1
15263 1.51
15263 0.19
15266 1.09
15266 3.9
15266 5.65
15266 2.56
15266 2.62
15266 2.8
15266 0.1
15266 1.51
15266 0.19
15304 1.09
15304 3.9
15304 5.65
15304 2.56
15304 2.62
15304 2.8
15304 0.1
15304 1.51
15304 0.19
15311 1.09
15311 3.9
15311 5.65
15311 2.56
15311 2.62
15311 2.8
15311 0.1
15311 1.51
15311 0.19
15312 1.09
15312 3.9
15312 5.65
15312 2.56
15312 2.62
15312 2.8
15312 0.1
15312 1.51
15312 0.19
15315 1.09
15315 3.9
15315 5.65
15315 2.56
15315 2.62
15315 2.8
15315 0.1
15315 1.51
15315 0.19
15363 1.09
15363 3.9
15363 5.65
15363 2.56
15363 2.62
15363 2.8
15363 0.1
15363 1.51
15363 0.19
15368 1.09
15368 3.9
15368 5.65
15368 2.56
15368 2.62
15368 2.8
15368 0.1
15368 1.51
15368 0.19
15416 1.09
15416 3.9
15416 5.65
15416 2.56
15416 2.62
15416 2.8
15416 0.1
15416 1.51
15416 0.19
15423 1.09
15423 3.9
15423 5.65
15423 2.56
15423 2.62
15423 2.8
15423 0.1
15423 1.51
15423 0.19
15424 1.09
15424 3.9
15424 5.65
15424 2.56
15424 2.62
15424 2.8
15424 0.1
15424 1.51
15424 0.19
15426 1.09
15426 3.9
15426 5.65
15426 2.56
15426 2.62
15426 2.8
15426 0.1
15426 1.51
15426 0.19
15479 1.09
15479 3.9
15479 5.65
15479 2.56
15479 2.62
15479 2.8
15479 0.1
15479 1.51
15479 0.19
15482 1.09
15482 3.9
15482 5.65
15482 2.56
15482 2.62
15482 2.8
15482 0.1
15482 1.51
15482 0.19
15491 1.09
15491 3.9
15491 5.65
15491 2.56
15491 2.62
15491 2.8
15491 0.1
15491 1.51
15491 0.19
15546 1.09
15546 3.9
15546 5.65
15546 2.56
15546 2.62
15546 2.8
15546 0.1
15546 1.51
15546 0.19
15548 1.09
15548 3.9
15548 5.65
15548 2.56
15548 2.62
15548 2.8
15548 0.1
15548 1.51
15548 0.19
15555 1.09
15555 3.9
15555 5.65
15555 2.56
15555 2.62
15555 2.8
15555 0.1
15555 1.51
15555 0.19
15611 1.09
15611 3.9
15611 5.65
15611 2.56
15611 2.62
15611 2.8
15611 0.1
15611 1.51
15611 0.19
15612 1.09
15612 3.9
15612 5.65
15612 2.56
15612 2.62
15612 2.8
15612 0.1
15612 1.51
15612 0.19
15617 1.09
15617 3.9
15617 5.65
15617 2.56
15617 2.62
15617 2.8
15617 0.1
15617 1.51
15617 0.19
15620 1.09
15620 3.9
15620 5.65
15620 2.56
15620 2.62
15620 2.8
15620 0.1
15620 1.51
15620 0.19
15681 1.09
15681 3.9
15681 5.65
15681 2.56
15681 2.62
15681 2.8
15681 0.1
15681 1.51
15681 0.19
15682 1.09
15682 3.9
15682 5.65
15682 2.56
15682 2.62
15682 2.8
15682 0.1
15682 1.51
15682 0.19
15683 1.09
15683 3.9
15683 5.65
15683 2.56
15683 2.62
15683 2.8
15683 0.1
15683 1.51
15683 0.19
15750 1.09
15750 3.9
15750 5.65
15750 2.56
15750 2.62
15750 2.8
15750 0.1
15750 1.51
15750 0.19
15751 1.09
15751 3.9
15751 5.65
15751 2.56
15751 2.62
15751 2.8
15751 0.1
15751 1.51
15751 0.19
15805 1.09
15805 3.9
15805 5.65
15805 2.56
15805 2.62
15805 2.8
15805 0.1
15805 1.51
15805 0.19
15806 1.09
15806 3.9
15806 5.65
15806 2.56
15806 2.62
15806 2.8
15806 0.1
15806 1.51
15806 0.19
15808 1.09
15808 3.9
15808 5.65
15808 2.56
15808 2.62
15808 2.8
15808 0.1
15808 1.51
15808 0.19
15810 1.09
15810 3.9
15810 5.65
15810 2.56
15810 2.62
15810 2.8
15810 0.1
15810 1.51
15810 0.19
15818 1.09
15818 3.9
15818 5.65
15818 2.56
15818 2.62
15818 2.8
15818 0.1
15818 1.51
15818 0.19
15872 1.09
15872 3.9
15872 5.65
15872 2.56
15872 2.62
15872 2.8
15872 0.1
15872 1.51
15872 0.19
15874 1.09
15874 3.9
15874 5.65
15874 2.56
15874 2.62
15874 2.8
15874 0.1
15874 1.51
15874 0.19
15880 1.09
15880 3.9
15880 5.65
15880 2.56
15880 2.62
15880 2.8
15880 0.1
15880 1.51
15880 0.19
15881 1.09
15881 3.9
15881 5.65
15881 2.56
15881 2.62
15881 2.8
15881 0.1
15881 1.51
15881 0.19
15882 1.09
15882 3.9
15882 5.65
15882 2.56
15882 2.62
15882 2.8
15882 0.1
15882 1.51
15882 0.19
15886 1.09
15886 3.9
15886 5.65
15886 2.56
15886 2.62
15886 2.8
15886 0.1
15886 1.51
15886 0.19
15944 1.09
15944 3.9
15944 5.65
15944 2.56
15944 2.62
15944 2.8
15944 0.1
15944 1.51
15944 0.19
15948 1.09
15948 3.9
15948 5.65
15948 2.56
15948 2.62
15948 2.8
15948 0.1
15948 1.51
15948 0.19
15949 1.09
15949 3.9
15949 5.65
15949 2.56
15949 2.62
15949 2.8
15949 0.1
15949 1.51
15949 0.19
15998 1.09
15998 3.9
15998 5.65
15998 2.56
15998 2.62
15998 2.8
15998 0.1
15998 1.51
15998 0.19
16004 1.09
16004 3.9
16004 5.65
16004 2.56
16004 2.62
16004 2.8
16004 0.1
16004 1.51
16004 0.19
16005 1.09
16005 3.9
16005 5.65
16005 2.56
16005 2.62
16005 2.8
16005 0.1
16005 1.51
16005 0.19
16050 1.09
16050 3.9
16050 5.65
16050 2.56
16050 2.62
16050 2.8
16050 0.1
16050 1.51
16050 0.19
16055 1.09
16055 3.9
16055 5.65
16055 2.56
16055 2.62
16055 2.8
16055 0.1
16055 1.51
16055 0.19
16099 1.09
16099 3.9
16099 5.65
16099 2.56
16099 2.62
16099 2.8
16099 0.1
16099 1.51
16099 0.19
16100 1.09
16100 3.9
16100 5.65
16100 2.56
16100 2.62
16100 2.8
16100 0.1
16100 1.51
16100 0.19
16101 1.09
16101 3.9
16101 5.65
16101 2.56
16101 2.62
16101 2.8
16101 0.1
16101 1.51
16101 0.19
16104 1.09
16104 3.9
16104 5.65
16104 2.56
16104 2.62
16104 2.8
16104 0.1
16104 1.51
16104 0.19
16148 1.09
16148 3.9
16148 5.65
16148 2.56
16148 2.62
16148 2.8
16148 0.1
16148 1.51
16148 0.19
16151 1.09
16151 3.9
16151 5.65
16151 2.56
16151 2.62
16151 2.8
16151 0.1
16151 1.51
16151 0.19
16195 1.09
16195 3.9
16195 5.65
16195 2.56
16195 2.62
16195 2.8
16195 0.1
16195 1.51
16195 0.19
16197 1.09
16197 3.9
16197 5.65
16197 2.56
16197 2.62
16197 2.8
16197 0.1
16197 1.51
16197 0.19
16199 1.09
16199 3.9
16199 5.65
16199 2.56
16199 2.62
16199 2.8
16199 0.1
16199 1.51
16199 0.19
16226 1.09
16226 3.9
16226 5.65
16226 2.56
16226 2.62
16226 2.8
16226 0.1
16226 1.51
16226 0.19
16243 1.09
16243 3.9
16243 5.65
16243 2.56
16243 2.62
16243 2.8
16243 0.1
16243 1.51
16243 0.19
16245 1.09
16245 3.9
16245 5.65
16245 2.56
16245 2.62
16245 2.8
16245 0.1
16245 1.51
16245 0.19
16246 1.09
16246 3.9
16246 5.65
16246 2.56
16246 2.62
16246 2.8
16246 0.1
16246 1.51
16246 0.19
16273 1.09
16273 3.9
16273 5.65
16273 2.56
16273 2.62
16273 2.8
16273 0.1
16273 1.51
16273 0.19
16293 1.09
16293 3.9
16293 5.65
16293 2.56
16293 2.62
16293 2.8
16293 0.1
16293 1.51
16293 0.19
16338 1.09
16338 3.9
16338 5.65
16338 2.56
16338 2.62
16338 2.8
16338 0.1
16338 1.51
16338 0.19
16363 1.09
16363 3.9
16363 5.65
16363 2.56
16363 2.62
16363 2.8
16363 0.1
16363 1.51
16363 0.19
16379 1.09
16379 3.9
16379 5.65
16379 2.56
16379 2.62
16379 2.8
16379 0.1
16379 1.51
16379 0.19
16380 1.09
16380 3.9
16380 5.65
16380 2.56
16380 2.62
16380 2.8
16380 0.1
16380 1.51
16380 0.19
16381 1.09
16381 3.9
16381 5.65
16381 2.56
16381 2.62
16381 2.8
16381 0.1
16381 1.51
16381 0.19
16406 1.09
16406 3.9
16406 5.65
16406 2.56
16406 2.62
16406 2.8
16406 0.1
16406 1.51
16406 0.19
16411 1.09
16411 3.9
16411 5.65
16411 2.56
16411 2.62
16411 2.8
16411 0.1
16411 1.51
16411 0.19
16421 1.09
16421 3.9
16421 5.65
16421 2.56
16421 2.62
16421 2.8
16421 0.1
16421 1.51
16421 0.19
16422 1.09
16422 3.9
16422 5.65
16422 2.56
16422 2.62
16422 2.8
16422 0.1
16422 1.51
16422 0.19
16424 1.09
16424 3.9
16424 5.65
16424 2.56
16424 2.62
16424 2.8
16424 0.1
16424 1.51
16424 0.19
16456 1.09
16456 3.9
16456 5.65
16456 2.56
16456 2.62
16456 2.8
16456 0.1
16456 1.51
16456 0.19
16457 1.09
16457 3.9
16457 5.65
16457 2.56
16457 2.62
16457 2.8
16457 0.1
16457 1.51
16457 0.19
16499 1.09
16499 3.9
16499 5.65
16499 2.56
16499 2.62
16499 2.8
16499 0.1
16499 1.51
16499 0.19
16502 1.09
16502 3.9
16502 5.65
16502 2.56
16502 2.62
16502 2.8
16502 0.1
16502 1.51
16502 0.19
16512 1.09
16512 3.9
16512 5.65
16512 2.56
16512 2.62
16512 2.8
16512 0.1
16512 1.51
16512 0.19
16513 1.09
16513 3.9
16513 5.65
16513 2.56
16513 2.62
16513 2.8
16513 0.1
16513 1.51
16513 0.19
16545 1.09
16545 3.9
16545 5.65
16545 2.56
16545 2.62
16545 2.8
16545 0.1
16545 1.51
16545 0.19
16546 1.09
16546 3.9
16546 5.65
16546 2.56
16546 2.62
16546 2.8
16546 0.1
16546 1.51
16546 0.19
16547 1.09
16547 3.9
16547 5.65
16547 2.56
16547 2.62
16547 2.8
16547 0.1
16547 1.51
16547 0.19
16550 1.09
16550 3.9
16550 5.65
16550 2.56
16550 2.62
16550 2.8
16550 0.1
16550 1.51
16550 0.19
16552 1.09
16552 3.9
16552 5.65
16552 2.56
16552 2.62
16552 2.8
16552 0.1
16552 1.51
16552 0.19
16554 1.09
16554 3.9
16554 5.65
16554 2.56
16554 2.62
16554 2.8
16554 0.1
16554 1.51
16554 0.19
16555 1.09
16555 3.9
16555 5.65
16555 2.56
16555 2.62
16555 2.8
16555 0.1
16555 1.51
16555 0.19
16581 1.09
16581 3.9
16581 5.65
16581 2.56
16581 2.62
16581 2.8
16581 0.1
16581 1.51
16581 0.19
16586 1.09
16586 3.9
16586 5.65
16586 2.56
16586 2.62
16586 2.8
16586 0.1
16586 1.51
16586 0.19
16588 1.09
16588 3.9
16588 5.65
16588 2.56
16588 2.62
16588 2.8
16588 0.1
16588 1.51
16588 0.19
16589 1.09
16589 3.9
16589 5.65
16589 2.56
16589 2.62
16589 2.8
16589 0.1
16589 1.51
16589 0.19
16590 1.09
16590 3.9
16590 5.65
16590 2.56
16590 2.62
16590 2.8
16590 0.1
16590 1.51
16590 0.19
16591 1.09
16591 3.9
16591 5.65
16591 2.56
16591 2.62
16591 2.8
16591 0.1
16591 1.51
16591 0.19
16592 1.09
16592 3.9
16592 5.65
16592 2.56
16592 2.62
16592 2.8
16592 0.1
16592 1.51
16592 0.19
16594 1.09
16594 3.9
16594 5.65
16594 2.56
16594 2.62
16594 2.8
16594 0.1
16594 1.51
16594 0.19
16597 1.09
16597 3.9
16597 5.65
16597 2.56
16597 2.62
16597 2.8
16597 0.1
16597 1.51
16597 0.19
16624 1.09
16624 3.9
16624 5.65
16624 2.56
16624 2.62
16624 2.8
16624 0.1
16624 1.51
16624 0.19
16633 1.09
16633 3.9
16633 5.65
16633 2.56
16633 2.62
16633 2.8
16633 0.1
16633 1.51
16633 0.19
16634 1.09
16634 3.9
16634 5.65
16634 2.56
16634 2.62
16634 2.8
16634 0.1
16634 1.51
16634 0.19
16635 1.09
16635 3.9
16635 5.65
16635 2.56
16635 2.62
16635 2.8
16635 0.1
16635 1.51
16635 0.19
16637 1.09
16637 3.9
16637 5.65
16637 2.56
16637 2.62
16637 2.8
16637 0.1
16637 1.51
16637 0.19
16639 1.09
16639 3.9
16639 5.65
16639 2.56
16639 2.62
16639 2.8
16639 0.1
16639 1.51
16639 0.19
16642 1.09
16642 3.9
16642 5.65
16642 2.56
16642 2.62
16642 2.8
16642 0.1
16642 1.51
16642 0.19
16676 1.09
16676 3.9
16676 5.65
16676 2.56
16676 2.62
16676 2.8
16676 0.1
16676 1.51
16676 0.19
16677 1.09
16677 3.9
16677 5.65
16677 2.56
16677 2.62
16677 2.8
16677 0.1
16677 1.51
16677 0.19
16678 1.09
16678 3.9
16678 5.65
16678 2.56
16678 2.62
16678 2.8
16678 0.1
16678 1.51
16678 0.19
16680 1.09
16680 3.9
16680 5.65
16680 2.56
16680 2.62
16680 2.8
16680 0.1
16680 1.51
16680 0.19
16682 1.09
16682 3.9
16682 5.65
16682 2.56
16682 2.62
16682 2.8
16682 0.1
16682 1.51
16682 0.19
16683 1.09
16683 3.9
16683 5.65
16683 2.56
16683 2.62
16683 2.8
16683 0.1
16683 1.51
16683 0.19
16713 1.09
16713 3.9
16713 5.65
16713 2.56
16713 2.62
16713 2.8
16713 0.1
16713 1.51
16713 0.19
16720 1.09
16720 3.9
16720 5.65
16720 2.56
16720 2.62
16720 2.8
16720 0.1
16720 1.51
16720 0.19
16721 1.09
16721 3.9
16721 5.65
16721 2.56
16721 2.62
16721 2.8
16721 0.1
16721 1.51
16721 0.19
16722 1.09
16722 3.9
16722 5.65
16722 2.56
16722 2.62
16722 2.8
16722 0.1
16722 1.51
16722 0.19
16723 1.09
16723 3.9
16723 5.65
16723 2.56
16723 2.62
16723 2.8
16723 0.1
16723 1.51
16723 0.19
16725 1.09
16725 3.9
16725 5.65
16725 2.56
16725 2.62
16725 2.8
16725 0.1
16725 1.51
16725 0.19
16726 1.09
16726 3.9
16726 5.65
16726 2.56
16726 2.62
16726 2.8
16726 0.1
16726 1.51
16726 0.19
16727 1.09
16727 3.9
16727 5.65
16727 2.56
16727 2.62
16727 2.8
16727 0.1
16727 1.51
16727 0.19
16728 1.09
16728 3.9
16728 5.65
16728 2.56
16728 2.62
16728 2.8
16728 0.1
16728 1.51
16728 0.19
16730 1.09
16730 3.9
16730 5.65
16730 2.56
16730 2.62
16730 2.8
16730 0.1
16730 1.51
16730 0.19
16731 1.09
16731 3.9
16731 5.65
16731 2.56
16731 2.62
16731 2.8
16731 0.1
16731 1.51
16731 0.19
16759 1.09
16759 3.9
16759 5.65
16759 2.56
16759 2.62
16759 2.8
16759 0.1
16759 1.51
16759 0.19
16767 1.09
16767 3.9
16767 5.65
16767 2.56
16767 2.62
16767 2.8
16767 0.1
16767 1.51
16767 0.19
16768 1.09
16768 3.9
16768 5.65
16768 2.56
16768 2.62
16768 2.8
16768 0.1
16768 1.51
16768 0.19
16769 1.09
16769 3.9
16769 5.65
16769 2.56
16769 2.62
16769 2.8
16769 0.1
16769 1.51
16769 0.19
16770 1.09
16770 3.9
16770 5.65
16770 2.56
16770 2.62
16770 2.8
16770 0.1
16770 1.51
16770 0.19
16771 1.09
16771 3.9
16771 5.65
16771 2.56
16771 2.62
16771 2.8
16771 0.1
16771 1.51
16771 0.19
16772 1.09
16772 3.9
16772 5.65
16772 2.56
16772 2.62
16772 2.8
16772 0.1
16772 1.51
16772 0.19
16773 1.09
16773 3.9
16773 5.65
16773 2.56
16773 2.62
16773 2.8
16773 0.1
16773 1.51
16773 0.19
16774 1.09
16774 3.9
16774 5.65
16774 2.56
16774 2.62
16774 2.8
16774 0.1
16774 1.51
16774 0.19
16775 1.09
16775 3.9
16775 5.65
16775 2.56
16775 2.62
16775 2.8
16775 0.1
16775 1.51
16775 0.19
16805 1.09
16805 3.9
16805 5.65
16805 2.56
16805 2.62
16805 2.8
16805 0.1
16805 1.51
16805 0.19
16806 1.09
16806 3.9
16806 5.65
16806 2.56
16806 2.62
16806 2.8
16806 0.1
16806 1.51
16806 0.19
16815 1.09
16815 3.9
16815 5.65
16815 2.56
16815 2.62
16815 2.8
16815 0.1
16815 1.51
16815 0.19
16816 1.09
16816 3.9
16816 5.65
16816 2.56
16816 2.62
16816 2.8
16816 0.1
16816 1.51
16816 0.19
16817 1.09
16817 3.9
16817 5.65
16817 2.56
16817 2.62
16817 2.8
16817 0.1
16817 1.51
16817 0.19
16818 1.09
16818 3.9
16818 5.65
16818 2.56
16818 2.62
16818 2.8
16818 0.1
16818 1.51
16818 0.19
16819 1.09
16819 3.9
16819 5.65
16819 2.56
16819 2.62
16819 2.8
16819 0.1
16819 1.51
16819 0.19
16820 1.09
16820 3.9
16820 5.65
16820 2.56
16820 2.62
16820 2.8
16820 0.1
16820 1.51
16820 0.19
16821 1.09
16821 3.9
16821 5.65
16821 2.56
16821 2.62
16821 2.8
16821 0.1
16821 1.51
16821 0.19
16822 1.09
16822 3.9
16822 5.65
16822 2.56
16822 2.62
16822 2.8
16822 0.1
16822 1.51
16822 0.19
16823 1.09
16823 3.9
16823 5.65
16823 2.56
16823 2.62
16823 2.8
16823 0.1
16823 1.51
16823 0.19
16824 1.09
16824 3.9
16824 5.65
16824 2.56
16824 2.62
16824 2.8
16824 0.1
16824 1.51
16824 0.19
16855 1.09
16855 3.9
16855 5.65
16855 2.56
16855 2.62
16855 2.8
16855 0.1
16855 1.51
16855 0.19
16862 1.09
16862 3.9
16862 5.65
16862 2.56
16862 2.62
16862 2.8
16862 0.1
16862 1.51
16862 0.19
16864 1.09
16864 3.9
16864 5.65
16864 2.56
16864 2.62
16864 2.8
16864 0.1
16864 1.51
16864 0.19
16865 1.09
16865 3.9
16865 5.65
16865 2.56
16865 2.62
16865 2.8
16865 0.1
16865 1.51
16865 0.19
16866 1.09
16866 3.9
16866 5.65
16866 2.56
16866 2.62
16866 2.8
16866 0.1
16866 1.51
16866 0.19
16867 1.09
16867 3.9
16867 5.65
16867 2.56
16867 2.62
16867 2.8
16867 0.1
16867 1.51
16867 0.19
16868 1.09
16868 3.9
16868 5.65
16868 2.56
16868 2.62
16868 2.8
16868 0.1
16868 1.51
16868 0.19
16869 1.09
16869 3.9
16869 5.65
16869 2.56
16869 2.62
16869 2.8
16869 0.1
16869 1.51
16869 0.19
16870 1.09
16870 3.9
16870 5.65
16870 2.56
16870 2.62
16870 2.8
16870 0.1
16870 1.51
16870 0.19
16905 1.09
16905 3.9
16905 5.65
16905 2.56
16905 2.62
16905 2.8
16905 0.1
16905 1.51
16905 0.19
16912 1.09
16912 3.9
16912 5.65
16912 2.56
16912 2.62
16912 2.8
16912 0.1
16912 1.51
16912 0.19
16914 1.09
16914 3.9
16914 5.65
16914 2.56
16914 2.62
16914 2.8
16914 0.1
16914 1.51
16914 0.19
16917 1.09
16917 3.9
16917 5.65
16917 2.56
16917 2.62
16917 2.8
16917 0.1
16917 1.51
16917 0.19
16918 1.09
16918 3.9
16918 5.65
16918 2.56
16918 2.62
16918 2.8
16918 0.1
16918 1.51
16918 0.19
16919 1.09
16919 3.9
16919 5.65
16919 2.56
16919 2.62
16919 2.8
16919 0.1
16919 1.51
16919 0.19
16920 1.09
16920 3.9
16920 5.65
16920 2.56
16920 2.62
16920 2.8
16920 0.1
16920 1.51
16920 0.19
16949 1.09
16949 3.9
16949 5.65
16949 2.56
16949 2.62
16949 2.8
16949 0.1
16949 1.51
16949 0.19
16951 1.09
16951 3.9
16951 5.65
16951 2.56
16951 2.62
16951 2.8
16951 0.1
16951 1.51
16951 0.19
16953 1.09
16953 3.9
16953 5.65
16953 2.56
16953 2.62
16953 2.8
16953 0.1
16953 1.51
16953 0.19
16955 1.09
16955 3.9
16955 5.65
16955 2.56
16955 2.62
16955 2.8
16955 0.1
16955 1.51
16955 0.19
16956 1.09
16956 3.9
16956 5.65
16956 2.56
16956 2.62
16956 2.8
16956 0.1
16956 1.51
16956 0.19
16957 1.09
16957 3.9
16957 5.65
16957 2.56
16957 2.62
16957 2.8
16957 0.1
16957 1.51
16957 0.19
16958 1.09
16958 3.9
16958 5.65
16958 2.56
16958 2.62
16958 2.8
16958 0.1
16958 1.51
16958 0.19
16959 1.09
16959 3.9
16959 5.65
16959 2.56
16959 2.62
16959 2.8
16959 0.1
16959 1.51
16959 0.19
16961 1.09
16961 3.9
16961 5.65
16961 2.56
16961 2.62
16961 2.8
16961 0.1
16961 1.51
16961 0.19
16962 1.09
16962 3.9
16962 5.65
16962 2.56
16962 2.62
16962 2.8
16962 0.1
16962 1.51
16962 0.19
16963 1.09
16963 3.9
16963 5.65
16963 2.56
16963 2.62
16963 2.8
16963 0.1
16963 1.51
16963 0.19
16964 1.09
16964 3.9
16964 5.65
16964 2.56
16964 2.62
16964 2.8
16964 0.1
16964 1.51
16964 0.19
16992 1.09
16992 3.9
16992 5.65
16992 2.56
16992 2.62
16992 2.8
16992 0.1
16992 1.51
16992 0.19
16996 1.09
16996 3.9
16996 5.65
16996 2.56
16996 2.62
16996 2.8
16996 0.1
16996 1.51
16996 0.19
16997 1.09
16997 3.9
16997 5.65
16997 2.56
16997 2.62
16997 2.8
16997 0.1
16997 1.51
16997 0.19
16998 1.09
16998 3.9
16998 5.65
16998 2.56
16998 2.62
16998 2.8
16998 0.1
16998 1.51
16998 0.19
16999 1.09
16999 3.9
16999 5.65
16999 2.56
16999 2.62
16999 2.8
16999 0.1
16999 1.51
16999 0.19
17001 1.09
17001 3.9
17001 5.65
17001 2.56
17001 2.62
17001 2.8
17001 0.1
17001 1.51
17001 0.19
17005 1.09
17005 3.9
17005 5.65
17005 2.56
17005 2.62
17005 2.8
17005 0.1
17005 1.51
17005 0.19
17006 1.09
17006 3.9
17006 5.65
17006 2.56
17006 2.62
17006 2.8
17006 0.1
17006 1.51
17006 0.19
17007 1.09
17007 3.9
17007 5.65
17007 2.56
17007 2.62
17007 2.8
17007 0.1
17007 1.51
17007 0.19
17033 1.09
17033 3.9
17033 5.65
17033 2.56
17033 2.62
17033 2.8
17033 0.1
17033 1.51
17033 0.19
17034 1.09
17034 3.9
17034 5.65
17034 2.56
17034 2.62
17034 2.8
17034 0.1
17034 1.51
17034 0.19
17036 1.09
17036 3.9
17036 5.65
17036 2.56
17036 2.62
17036 2.8
17036 0.1
17036 1.51
17036 0.19
17038 1.09
17038 3.9
17038 5.65
17038 2.56
17038 2.62
17038 2.8
17038 0.1
17038 1.51
17038 0.19
17039 1.09
17039 3.9
17039 5.65
17039 2.56
17039 2.62
17039 2.8
17039 0.1
17039 1.51
17039 0.19
17040 1.09
17040 3.9
17040 5.65
17040 2.56
17040 2.62
17040 2.8
17040 0.1
17040 1.51
17040 0.19
17044 1.09
17044 3.9
17044 5.65
17044 2.56
17044 2.62
17044 2.8
17044 0.1
17044 1.51
17044 0.19
17046 1.09
17046 3.9
17046 5.65
17046 2.56
17046 2.62
17046 2.8
17046 0.1
17046 1.51
17046 0.19
17047 1.09
17047 3.9
17047 5.65
17047 2.56
17047 2.62
17047 2.8
17047 0.1
17047 1.51
17047 0.19
17048 1.09
17048 3.9
17048 5.65
17048 2.56
17048 2.62
17048 2.8
17048 0.1
17048 1.51
17048 0.19
17076 1.09
17076 3.9
17076 5.65
17076 2.56
17076 2.62
17076 2.8
17076 0.1
17076 1.51
17076 0.19
17078 1.09
17078 3.9
17078 5.65
17078 2.56
17078 2.62
17078 2.8
17078 0.1
17078 1.51
17078 0.19
17081 1.09
17081 3.9
17081 5.65
17081 2.56
17081 2.62
17081 2.8
17081 0.1
17081 1.51
17081 0.19
17088 1.09
17088 3.9
17088 5.65
17088 2.56
17088 2.62
17088 2.8
17088 0.1
17088 1.51
17088 0.19
17089 1.09
17089 3.9
17089 5.65
17089 2.56
17089 2.62
17089 2.8
17089 0.1
17089 1.51
17089 0.19
17090 1.09
17090 3.9
17090 5.65
17090 2.56
17090 2.62
17090 2.8
17090 0.1
17090 1.51
17090 0.19
17116 1.09
17116 3.9
17116 5.65
17116 2.56
17116 2.62
17116 2.8
17116 0.1
17116 1.51
17116 0.19
17117 1.09
17117 3.9
17117 5.65
17117 2.56
17117 2.62
17117 2.8
17117 0.1
17117 1.51
17117 0.19
17118 1.09
17118 3.9
17118 5.65
17118 2.56
17118 2.62
17118 2.8
17118 0.1
17118 1.51
17118 0.19
17121 1.09
17121 3.9
17121 5.65
17121 2.56
17121 2.62
17121 2.8
17121 0.1
17121 1.51
17121 0.19
17129 1.09
17129 3.9
17129 5.65
17129 2.56
17129 2.62
17129 2.8
17129 0.1
17129 1.51
17129 0.19
17130 1.09
17130 3.9
17130 5.65
17130 2.56
17130 2.62
17130 2.8
17130 0.1
17130 1.51
17130 0.19
17131 1.09
17131 3.9
17131 5.65
17131 2.56
17131 2.62
17131 2.8
17131 0.1
17131 1.51
17131 0.19
17158 1.09
17158 3.9
17158 5.65
17158 2.56
17158 2.62
17158 2.8
17158 0.1
17158 1.51
17158 0.19
17163 1.09
17163 3.9
17163 5.65
17163 2.56
17163 2.62
17163 2.8
17163 0.1
17163 1.51
17163 0.19
17171 1.09
17171 3.9
17171 5.65
17171 2.56
17171 2.62
17171 2.8
17171 0.1
17171 1.51
17171 0.19
17172 1.09
17172 3.9
17172 5.65
17172 2.56
17172 2.62
17172 2.8
17172 0.1
17172 1.51
17172 0.19
17174 1.09
17174 3.9
17174 5.65
17174 2.56
17174 2.62
17174 2.8
17174 0.1
17174 1.51
17174 0.19
17201 1.09
17201 3.9
17201 5.65
17201 2.56
17201 2.62
17201 2.8
17201 0.1
17201 1.51
17201 0.19
17202 1.09
17202 3.9
17202 5.65
17202 2.56
17202 2.62
17202 2.8
17202 0.1
17202 1.51
17202 0.19
17203 1.09
17203 3.9
17203 5.65
17203 2.56
17203 2.62
17203 2.8
17203 0.1
17203 1.51
17203 0.19
17204 1.09
17204 3.9
17204 5.65
17204 2.56
17204 2.62
17204 2.8
17204 0.1
17204 1.51
17204 0.19
17214 1.09
17214 3.9
17214 5.65
17214 2.56
17214 2.62
17214 2.8
17214 0.1
17214 1.51
17214 0.19
17215 1.09
17215 3.9
17215 5.65
17215 2.56
17215 2.62
17215 2.8
17215 0.1
17215 1.51
17215 0.19
17216 1.09
17216 3.9
17216 5.65
17216 2.56
17216 2.62
17216 2.8
17216 0.1
17216 1.51
17216 0.19
17240 1.09
17240 3.9
17240 5.65
17240 2.56
17240 2.62
17240 2.8
17240 0.1
17240 1.51
17240 0.19
17241 1.09
17241 3.9
17241 5.65
17241 2.56
17241 2.62
17241 2.8
17241 0.1
17241 1.51
17241 0.19
17252 1.09
17252 3.9
17252 5.65
17252 2.56
17252 2.62
17252 2.8
17252 0.1
17252 1.51
17252 0.19
17253 1.09
17253 3.9
17253 5.65
17253 2.56
17253 2.62
17253 2.8
17253 0.1
17253 1.51
17253 0.19
17254 1.09
17254 3.9
17254 5.65
17254 2.56
17254 2.62
17254 2.8
17254 0.1
17254 1.51
17254 0.19
17277 1.09
17277 3.9
17277 5.65
17277 2.56
17277 2.62
17277 2.8
17277 0.1
17277 1.51
17277 0.19
17278 1.09
17278 3.9
17278 5.65
17278 2.56
17278 2.62
17278 2.8
17278 0.1
17278 1.51
17278 0.19
17290 1.09
17290 3.9
17290 5.65
17290 2.56
17290 2.62
17290 2.8
17290 0.1
17290 1.51
17290 0.19
17291 1.09
17291 3.9
17291 5.65
17291 2.56
17291 2.62
17291 2.8
17291 0.1
17291 1.51
17291 0.19
17316 1.09
17316 3.9
17316 5.65
17316 2.56
17316 2.62
17316 2.8
17316 0.1
17316 1.51
17316 0.19
17351 1.09
17351 3.9
17351 5.65
17351 2.56
17351 2.62
17351 2.8
17351 0.1
17351 1.51
17351 0.19
17417 1.09
17417 3.9
17417 5.65
17417 2.56
17417 2.62
17417 2.8
17417 0.1
17417 1.51
17417 0.19
17449 1.09
17449 3.9
17449 5.65
17449 2.56
17449 2.62
17449 2.8
17449 0.1
17449 1.51
17449 0.19
17494 1.09
17494 3.9
17494 5.65
17494 2.56
17494 2.62
17494 2.8
17494 0.1
17494 1.51
17494 0.19
17501 1.09
17501 3.9
17501 5.65
17501 2.56
17501 2.62
17501 2.8
17501 0.1
17501 1.51
17501 0.19
17521 1.09
17521 3.9
17521 5.65
17521 2.56
17521 2.62
17521 2.8
17521 0.1
17521 1.51
17521 0.19
17538 1.09
17538 3.9
17538 5.65
17538 2.56
17538 2.62
17538 2.8
17538 0.1
17538 1.51
17538 0.19
17560 1.09
17560 3.9
17560 5.65
17560 2.56
17560 2.62
17560 2.8
17560 0.1
17560 1.51
17560 0.19
17561 1.09
17561 3.9
17561 5.65
17561 2.56
17561 2.62
17561 2.8
17561 0.1
17561 1.51
17561 0.19
17692 1.09
17692 3.9
17692 5.65
17692 2.56
17692 2.62
17692 2.8
17692 0.1
17692 1.51
17692 0.19
17830 1.09
17830 3.9
17830 5.65
17830 2.56
17830 2.62
17830 2.8
17830 0.1
17830 1.51
17830 0.19
17831 1.09
17831 3.9
17831 5.65
17831 2.56
17831 2.62
17831 2.8
17831 0.1
17831 1.51
17831 0.19
17925 1.09
17925 3.9
17925 5.65
17925 2.56
17925 2.62
17925 2.8
17925 0.1
17925 1.51
17925 0.19
17972 1.09
17972 3.9
17972 5.65
17972 2.56
17972 2.62
17972 2.8
17972 0.1
17972 1.51
17972 0.19
18661 1.09
18661 3.9
18661 5.65
18661 2.56
18661 2.62
18661 2.8
18661 0.1
18661 1.51
18661 0.19
18662 1.09
18662 3.9
18662 5.65
18662 2.56
18662 2.62
18662 2.8
18662 0.1
18662 1.51
18662 0.19
18692 1.09
18692 3.9
18692 5.65
18692 2.56
18692 2.62
18692 2.8
18692 0.1
18692 1.51
18692 0.19
18696 1.09
18696 3.9
18696 5.65
18696 2.56
18696 2.62
18696 2.8
18696 0.1
18696 1.51
18696 0.19
18733 1.09
18733 3.9
18733 5.65
18733 2.56
18733 2.62
18733 2.8
18733 0.1
18733 1.51
18733 0.19
18734 1.09
18734 3.9
18734 5.65
18734 2.56
18734 2.62
18734 2.8
18734 0.1
18734 1.51
18734 0.19
18774 1.09
18774 3.9
18774 5.65
18774 2.56
18774 2.62
18774 2.8
18774 0.1
18774 1.51
18774 0.19
18776 1.09
18776 3.9
18776 5.65
18776 2.56
18776 2.62
18776 2.8
18776 0.1
18776 1.51
18776 0.19
18778 1.09
18778 3.9
18778 5.65
18778 2.56
18778 2.62
18778 2.8
18778 0.1
18778 1.51
18778 0.19
18783 1.09
18783 3.9
18783 5.65
18783 2.56
18783 2.62
18783 2.8
18783 0.1
18783 1.51
18783 0.19
18787 1.09
18787 3.9
18787 5.65
18787 2.56
18787 2.62
18787 2.8
18787 0.1
18787 1.51
18787 0.19
18820 1.09
18820 3.9
18820 5.65
18820 2.56
18820 2.62
18820 2.8
18820 0.1
18820 1.51
18820 0.19
18821 1.09
18821 3.9
18821 5.65
18821 2.56
18821 2.62
18821 2.8
18821 0.1
18821 1.51
18821 0.19
18825 1.09
18825 3.9
18825 5.65
18825 2.56
18825 2.62
18825 2.8
18825 0.1
18825 1.51
18825 0.19
18826 1.09
18826 3.9
18826 5.65
18826 2.56
18826 2.62
18826 2.8
18826 0.1
18826 1.51
18826 0.19
18830 1.09
18830 3.9
18830 5.65
18830 2.56
18830 2.62
18830 2.8
18830 0.1
18830 1.51
18830 0.19
18831 1.09
18831 3.9
18831 5.65
18831 2.56
18831 2.62
18831 2.8
18831 0.1
18831 1.51
18831 0.19
18832 1.09
18832 3.9
18832 5.65
18832 2.56
18832 2.62
18832 2.8
18832 0.1
18832 1.51
18832 0.19
18833 1.09
18833 3.9
18833 5.65
18833 2.56
18833 2.62
18833 2.8
18833 0.1
18833 1.51
18833 0.19
18834 1.09
18834 3.9
18834 5.65
18834 2.56
18834 2.62
18834 2.8
18834 0.1
18834 1.51
18834 0.19
18835 1.09
18835 3.9
18835 5.65
18835 2.56
18835 2.62
18835 2.8
18835 0.1
18835 1.51
18835 0.19
18837 1.09
18837 3.9
18837 5.65
18837 2.56
18837 2.62
18837 2.8
18837 0.1
18837 1.51
18837 0.19
18840 1.09
18840 3.9
18840 5.65
18840 2.56
18840 2.62
18840 2.8
18840 0.1
18840 1.51
18840 0.19
18860 1.09
18860 3.9
18860 5.65
18860 2.56
18860 2.62
18860 2.8
18860 0.1
18860 1.51
18860 0.19
18861 1.09
18861 3.9
18861 5.65
18861 2.56
18861 2.62
18861 2.8
18861 0.1
18861 1.51
18861 0.19
18863 1.09
18863 3.9
18863 5.65
18863 2.56
18863 2.62
18863 2.8
18863 0.1
18863 1.51
18863 0.19
18864 1.09
18864 3.9
18864 5.65
18864 2.56
18864 2.62
18864 2.8
18864 0.1
18864 1.51
18864 0.19
18865 1.09
18865 3.9
18865 5.65
18865 2.56
18865 2.62
18865 2.8
18865 0.1
18865 1.51
18865 0.19
18866 1.09
18866 3.9
18866 5.65
18866 2.56
18866 2.62
18866 2.8
18866 0.1
18866 1.51
18866 0.19
18868 1.09
18868 3.9
18868 5.65
18868 2.56
18868 2.62
18868 2.8
18868 0.1
18868 1.51
18868 0.19
18869 1.09
18869 3.9
18869 5.65
18869 2.56
18869 2.62
18869 2.8
18869 0.1
18869 1.51
18869 0.19
18872 1.09
18872 3.9
18872 5.65
18872 2.56
18872 2.62
18872 2.8
18872 0.1
18872 1.51
18872 0.19
18874 1.09
18874 3.9
18874 5.65
18874 2.56
18874 2.62
18874 2.8
18874 0.1
18874 1.51
18874 0.19
18875 1.09
18875 3.9
18875 5.65
18875 2.56
18875 2.62
18875 2.8
18875 0.1
18875 1.51
18875 0.19
18876 1.09
18876 3.9
18876 5.65
18876 2.56
18876 2.62
18876 2.8
18876 0.1
18876 1.51
18876 0.19
18883 1.09
18883 3.9
18883 5.65
18883 2.56
18883 2.62
18883 2.8
18883 0.1
18883 1.51
18883 0.19
18906 1.09
18906 3.9
18906 5.65
18906 2.56
18906 2.62
18906 2.8
18906 0.1
18906 1.51
18906 0.19
18911 1.09
18911 3.9
18911 5.65
18911 2.56
18911 2.62
18911 2.8
18911 0.1
18911 1.51
18911 0.19
18912 1.09
18912 3.9
18912 5.65
18912 2.56
18912 2.62
18912 2.8
18912 0.1
18912 1.51
18912 0.19
18920 1.09
18920 3.9
18920 5.65
18920 2.56
18920 2.62
18920 2.8
18920 0.1
18920 1.51
18920 0.19
18921 1.09
18921 3.9
18921 5.65
18921 2.56
18921 2.62
18921 2.8
18921 0.1
18921 1.51
18921 0.19
18922 1.09
18922 3.9
18922 5.65
18922 2.56
18922 2.62
18922 2.8
18922 0.1
18922 1.51
18922 0.19
18923 1.09
18923 3.9
18923 5.65
18923 2.56
18923 2.62
18923 2.8
18923 0.1
18923 1.51
18923 0.19
18924 1.09
18924 3.9
18924 5.65
18924 2.56
18924 2.62
18924 2.8
18924 0.1
18924 1.51
18924 0.19
18925 1.09
18925 3.9
18925 5.65
18925 2.56
18925 2.62
18925 2.8
18925 0.1
18925 1.51
18925 0.19
18926 1.09
18926 3.9
18926 5.65
18926 2.56
18926 2.62
18926 2.8
18926 0.1
18926 1.51
18926 0.19
18943 1.09
18943 3.9
18943 5.65
18943 2.56
18943 2.62
18943 2.8
18943 0.1
18943 1.51
18943 0.19
18952 1.09
18952 3.9
18952 5.65
18952 2.56
18952 2.62
18952 2.8
18952 0.1
18952 1.51
18952 0.19
18953 1.09
18953 3.9
18953 5.65
18953 2.56
18953 2.62
18953 2.8
18953 0.1
18953 1.51
18953 0.19
18954 1.09
18954 3.9
18954 5.65
18954 2.56
18954 2.62
18954 2.8
18954 0.1
18954 1.51
18954 0.19
18957 1.09
18957 3.9
18957 5.65
18957 2.56
18957 2.62
18957 2.8
18957 0.1
18957 1.51
18957 0.19
18961 1.09
18961 3.9
18961 5.65
18961 2.56
18961 2.62
18961 2.8
18961 0.1
18961 1.51
18961 0.19
18962 1.09
18962 3.9
18962 5.65
18962 2.56
18962 2.62
18962 2.8
18962 0.1
18962 1.51
18962 0.19
18963 1.09
18963 3.9
18963 5.65
18963 2.56
18963 2.62
18963 2.8
18963 0.1
18963 1.51
18963 0.19
18964 1.09
18964 3.9
18964 5.65
18964 2.56
18964 2.62
18964 2.8
18964 0.1
18964 1.51
18964 0.19
18965 1.09
18965 3.9
18965 5.65
18965 2.56
18965 2.62
18965 2.8
18965 0.1
18965 1.51
18965 0.19
18992 1.09
18992 3.9
18992 5.65
18992 2.56
18992 2.62
18992 2.8
18992 0.1
18992 1.51
18992 0.19
19001 1.09
19001 3.9
19001 5.65
19001 2.56
19001 2.62
19001 2.8
19001 0.1
19001 1.51
19001 0.19
19002 1.09
19002 3.9
19002 5.65
19002 2.56
19002 2.62
19002 2.8
19002 0.1
19002 1.51
19002 0.19
19039 1.09
19039 3.9
19039 5.65
19039 2.56
19039 2.62
19039 2.8
19039 0.1
19039 1.51
19039 0.19
19059 1.09
19059 3.9
19059 5.65
19059 2.56
19059 2.62
19059 2.8
19059 0.1
19059 1.51
19059 0.19
19060 1.09
19060 3.9
19060 5.65
19060 2.56
19060 2.62
19060 2.8
19060 0.1
19060 1.51
19060 0.19
19095 1.09
19095 3.9
19095 5.65
19095 2.56
19095 2.62
19095 2.8
19095 0.1
19095 1.51
19095 0.19
19096 1.09
19096 3.9
19096 5.65
19096 2.56
19096 2.62
19096 2.8
19096 0.1
19096 1.51
19096 0.19
19106 1.09
19106 3.9
19106 5.65
19106 2.56
19106 2.62
19106 2.8
19106 0.1
19106 1.51
19106 0.19
19130 1.09
19130 3.9
19130 5.65
19130 2.56
19130 2.62
19130 2.8
19130 0.1
19130 1.51
19130 0.19
19131 1.09
19131 3.9
19131 5.65
19131 2.56
19131 2.62
19131 2.8
19131 0.1
19131 1.51
19131 0.19
19133 1.09
19133 3.9
19133 5.65
19133 2.56
19133 2.62
19133 2.8
19133 0.1
19133 1.51
19133 0.19
19134 1.09
19134 3.9
19134 5.65
19134 2.56
19134 2.62
19134 2.8
19134 0.1
19134 1.51
19134 0.19
19139 1.09
19139 3.9
19139 5.65
19139 2.56
19139 2.62
19139 2.8
19139 0.1
19139 1.51
19139 0.19
19142 1.09
19142 3.9
19142 5.65
19142 2.56
19142 2.62
19142 2.8
19142 0.1
19142 1.51
19142 0.19
19143 1.09
19143 3.9
19143 5.65
19143 2.56
19143 2.62
19143 2.8
19143 0.1
19143 1.51
19143 0.19
19164 1.09
19164 3.9
19164 5.65
19164 2.56
19164 2.62
19164 2.8
19164 0.1
19164 1.51
19164 0.19
19166 1.09
19166 3.9
19166 5.65
19166 2.56
19166 2.62
19166 2.8
19166 0.1
19166 1.51
19166 0.19
19198 1.09
19198 3.9
19198 5.65
19198 2.56
19198 2.62
19198 2.8
19198 0.1
19198 1.51
19198 0.19
19200 1.09
19200 3.9
19200 5.65
19200 2.56
19200 2.62
19200 2.8
19200 0.1
19200 1.51
19200 0.19
19208 1.09
19208 3.9
19208 5.65
19208 2.56
19208 2.62
19208 2.8
19208 0.1
19208 1.51
19208 0.19
19238 1.09
19238 3.9
19238 5.65
19238 2.56
19238 2.62
19238 2.8
19238 0.1
19238 1.51
19238 0.19
