pt_graph freq
5973 1
6029 1
6084 1
6086 1
6142 1
6261 1
6264 1
6324 1
6439 1
6444 1
6505 1
6507 1
6566 1
6568 1
6569 1
6629 1
6683 1
6684 1
6685 1
6686 1
6687 1
6688 1
6743 1
6749 1
6807 1
6808 1
6866 1
6923 1
6982 1
6983 1
7042 1
7043 1
7103 1
7104 1
7166 1
7229 1
7291 1
7292 1
7353 1
7354 1
7355 1
7419 1
7482 1
7483 1
7545 1
7547 1
7611 1
7661 1
7675 1
7676 1
7740 1
7741 1
7802 1
7864 1
7867 1
7868 1
7869 1
7870 1
7927 1
7929 1
7930 1
7932 1
7933 1
7934 1
7990 1
7991 1
7993 1
7995 1
7996 1
7998 1
8031 1
8053 1
8054 1
8056 1
8057 1
8058 1
8060 1
8061 1
8088 1
8114 1
8115 1
8118 1
8119 1
8120 1
8121 1
8122 1
8123 1
8124 1
8149 1
8152 1
8154 1
8156 1
8177 1
8178 1
8179 1
8180 1
8181 1
8182 1
8183 1
8184 1
8185 1
8186 1
8214 1
8218 1
8241 1
8242 1
8243 1
8244 1
8245 1
8246 1
8273 1
8276 1
8282 1
8300 1
8302 1
8303 1
8304 1
8333 1
8335 1
8336 1
8338 1
8339 1
8342 1
8357 1
8359 1
8389 1
8390 1
8391 1
8395 1
8396 1
8397 1
8411 1
8414 1
8442 1
8443 1
8445 1
8446 1
8448 1
8449 1
8450 1
8467 1
8468 1
8495 1
8496 1
8497 1
8498 1
8499 1
8500 1
8501 1
8502 1
8503 1
8504 1
8520 1
8521 1
8547 1
8550 1
8551 1
8552 1
8553 1
8554 1
8572 1
8573 1
8600 1
8601 1
8602 1
8603 1
8622 1
8623 1
8649 1
8650 1
8664 1
8742 1
8749 1
8755 1
8758 1
8785 1
8799 1
8826 1
8841 1
8842 1
8844 1
8848 1
8873 1
8884 1
8886 1
8887 1
8888 1
8889 1
8890 1
8891 1
8892 1
8893 1
8916 1
8917 1
8929 1
8930 1
8931 1
8932 1
8933 1
8934 1
8935 1
8957 1
8970 1
8972 1
8973 1
8974 1
8997 1
8999 1
9005 1
9006 1
9012 1
9036 1
9037 1
9038 1
9039 1
9040 1
9041 1
9043 1
9051 1
9074 1
9075 1
9076 1
9077 1
9078 1
9080 1
9083 1
9088 1
9092 1
9115 1
9117 1
9118 1
9133 1
9157 1
9160 1
9163 1
9172 1
9176 1
9198 1
9215 1
9218 1
9242 1
9244 1
9249 1
9263 1
9287 1
9288 1
9292 1
9293 1
9339 1
9342 1
9343 1
9349 1
9363 1
9364 1
9394 1
9395 1
9396 1
9403 1
9411 1
9417 1
9418 1
9420 1
9455 1
9472 1
9476 1
9477 1
9478 1
9479 1
9480 1
9513 1
9515 1
9520 1
9536 1
9537 1
9540 1
9541 1
9542 1
9543 1
9581 1
9582 1
9583 1
9584 1
9602 1
9605 1
9609 1
9612 1
9613 1
9656 1
9659 1
9665 1
9680 1
9681 1
9685 1
9687 1
9688 1
9689 1
9690 1
9737 1
9757 1
9758 1
9762 1
9765 1
9766 1
9767 1
9768 1
9816 1
9817 1
9840 1
9841 1
9847 1
9848 1
9849 1
9896 1
9897 1
9898 1
9899 1
9908 1
9923 1
9924 1
9925 1
9926 1
9929 1
9930 1
9931 1
9978 1
9979 1
9981 1
10001 1
10003 1
10010 1
10011 1
10012 1
10013 1
10061 1
10063 1
10090 1
10091 1
10092 1
10093 1
10094 1
10095 1
10143 1
10145 1
10146 1
10152 1
10154 1
10170 1
10171 1
10174 1
10176 1
10177 1
10226 1
10227 1
10229 1
10253 1
10255 1
10256 1
10258 1
10259 1
10260 1
10261 1
10313 1
10336 1
10338 1
10341 1
10342 1
10343 1
10400 1
10423 1
10424 1
10426 1
10427 1
10428 1
10429 1
10430 1
10497 1
10519 1
10521 1
10523 1
10525 1
10526 1
10595 1
10597 1
10620 1
10623 1
10624 1
10625 1
10626 1
10717 1
10720 1
10721 1
10722 1
10723 1
10724 1
10725 1
10795 1
10822 1
10824 1
10825 1
10826 1
10920 1
10921 1
10923 1
10924 1
10926 1
10927 1
10928 1
11031 1
11034 1
11035 1
11036 1
11037 1
11040 1
11116 1
11140 1
11141 1
11144 1
11145 1
11146 1
11147 1
11149 1
11150 1
11151 1
11152 1
11153 1
11154 1
11155 1
11264 1
11265 1
11266 1
11267 1
11268 1
11269 1
11270 1
11271 1
11272 1
11273 1
11274 1
11275 1
11276 1
11277 1
11362 1
11374 1
11382 1
11383 1
11384 1
11385 1
11386 1
11387 1
11388 1
11389 1
11390 1
11391 1
11392 1
11393 1
11394 1
11395 1
11396 1
11397 1
11398 1
11399 1
11400 1
11401 1
11402 1
11499 1
11501 1
11502 1
11503 1
11507 1
11508 1
11509 1
11512 1
11513 1
11514 1
11515 1
11520 1
11521 1
11522 1
11523 1
11524 1
11525 1
11526 1
11527 1
11528 1
11529 1
11530 1
11531 1
11532 1
11533 1
11534 1
11626 1
11628 1
11629 1
11631 1
11632 1
11633 1
11635 1
11638 1
11639 1
11640 1
11641 1
11642 1
11643 1
11644 1
11645 1
11646 1
11647 1
11648 1
11649 1
11650 1
11651 1
11652 1
11653 1
11654 1
11656 1
11657 1
11658 1
11659 1
11660 1
11661 1
11755 1
11757 1
11758 1
11760 1
11761 1
11764 1
11765 1
11767 1
11768 1
11769 1
11770 1
11771 1
11772 1
11773 1
11774 1
11776 1
11777 1
11778 1
11779 1
11780 1
11781 1
11782 1
11783 1
11784 1
11785 1
11786 1
11787 1
11789 1
11790 1
11791 1
11792 1
11882 1
11883 1
11889 1
11890 1
11891 1
11893 1
11894 1
11895 1
11896 1
11897 1
11898 1
11899 1
11900 1
11901 1
11902 1
11903 1
11904 1
11906 1
11907 1
11908 1
11909 1
11910 1
11911 1
11912 1
11913 1
11914 1
11915 1
11916 1
11917 1
11918 1
11919 1
11920 1
11921 1
12007 1
12010 1
12011 1
12012 1
12014 1
12017 1
12018 1
12019 1
12020 1
12021 1
12022 1
12023 1
12024 1
12025 1
12026 1
12027 1
12030 1
12031 1
12032 1
12034 1
12035 1
12036 1
12037 1
12038 1
12039 1
12040 1
12041 1
12042 1
12043 1
12044 1
12130 1
12131 1
12132 1
12133 1
12134 1
12138 1
12140 1
12141 1
12142 1
12143 1
12144 1
12145 1
12146 1
12147 1
12148 1
12149 1
12150 1
12151 1
12152 1
12153 1
12154 1
12155 1
12156 1
12158 1
12159 1
12160 1
12161 1
12162 1
12163 1
12164 1
12259 1
12260 1
12261 1
12263 1
12264 1
12265 1
12266 1
12267 1
12268 1
12269 1
12270 1
12271 1
12272 1
12273 1
12274 1
12275 1
12276 1
12278 1
12279 1
12280 1
12281 1
12282 1
12283 1
12284 1
12285 1
12389 1
12390 1
12391 1
12392 1
12393 1
12394 1
12395 1
12396 1
12397 1
12398 1
12399 1
12400 1
12401 1
12402 1
12403 1
12404 1
12405 1
12406 1
12408 1
12409 1
12410 1
12411 1
12412 1
12413 1
12414 1
12415 1
12524 1
12525 1
12526 1
12527 1
12528 1
12529 1
12530 1
12531 1
12532 1
12533 1
12534 1
12535 1
12536 1
12537 1
12538 1
12539 1
12540 1
12541 1
12542 1
12543 1
12654 1
12655 1
12656 1
12657 1
12658 1
12659 1
12660 1
12661 1
12662 1
12663 1
