pt_graph cpue_kghour
11003 1.08
11003 0
11003 2.92
11003 2.09
11003 2
11003 2.49
11003 0
11003 0
11003 0
11006 1.08
11006 0
11006 2.92
11006 2.09
11006 2
11006 2.49
11006 0
11006 0
11006 0
11114 1.08
11114 0
11114 2.92
11114 2.09
11114 2
11114 2.49
11114 0
11114 0
11114 0
11233 1.08
11233 0
11233 2.92
11233 2.09
11233 2
11233 2.49
11233 0
11233 0
11233 0
11354 1.08
11354 0
11354 2.92
11354 2.09
11354 2
11354 2.49
11354 0
11354 0
11354 0
11480 1.08
11480 0
11480 2.92
11480 2.09
11480 2
11480 2.49
11480 0
11480 0
11480 0
11482 1.08
11482 0
11482 2.92
11482 2.09
11482 2
11482 2.49
11482 0
11482 0
11482 0
11485 1.08
11485 0
11485 2.92
11485 2.09
11485 2
11485 2.49
11485 0
11485 0
11485 0
11497 1.08
11497 0
11497 2.92
11497 2.09
11497 2
11497 2.49
11497 0
11497 0
11497 0
11607 1.08
11607 0
11607 2.92
11607 2.09
11607 2
11607 2.49
11607 0
11607 0
11607 0
11623 1.08
11623 0
11623 2.92
11623 2.09
11623 2
11623 2.49
11623 0
11623 0
11623 0
11624 1.08
11624 0
11624 2.92
11624 2.09
11624 2
11624 2.49
11624 0
11624 0
11624 0
11625 1.08
11625 0
11625 2.92
11625 2.09
11625 2
11625 2.49
11625 0
11625 0
11625 0
11754 1.08
11754 0
11754 2.92
11754 2.09
11754 2
11754 2.49
11754 0
11754 0
11754 0
11756 1.08
11756 0
11756 2.92
11756 2.09
11756 2
11756 2.49
11756 0
11756 0
11756 0
11757 1.08
11757 0
11757 2.92
11757 2.09
11757 2
11757 2.49
11757 0
11757 0
11757 0
11862 1.08
11862 0
11862 2.92
11862 2.09
11862 2
11862 2.49
11862 0
11862 0
11862 0
11871 1.08
11871 0
11871 2.92
11871 2.09
11871 2
11871 2.49
11871 0
11871 0
11871 0
11882 1.08
11882 0
11882 2.92
11882 2.09
11882 2
11882 2.49
11882 0
11882 0
11882 0
11885 1.08
11885 0
11885 2.92
11885 2.09
11885 2
11885 2.49
11885 0
11885 0
11885 0
11887 1.08
11887 0
11887 2.92
11887 2.09
11887 2
11887 2.49
11887 0
11887 0
11887 0
11889 1.08
11889 0
11889 2.92
11889 2.09
11889 2
11889 2.49
11889 0
11889 0
11889 0
11988 1.08
11988 0
11988 2.92
11988 2.09
11988 2
11988 2.49
11988 0
11988 0
11988 0
11990 1.08
11990 0
11990 2.92
11990 2.09
11990 2
11990 2.49
11990 0
11990 0
11990 0
11992 1.08
11992 0
11992 2.92
11992 2.09
11992 2
11992 2.49
11992 0
11992 0
11992 0
12005 1.08
12005 0
12005 2.92
12005 2.09
12005 2
12005 2.49
12005 0
12005 0
12005 0
12006 1.08
12006 0
12006 2.92
12006 2.09
12006 2
12006 2.49
12006 0
12006 0
12006 0
12008 1.08
12008 0
12008 2.92
12008 2.09
12008 2
12008 2.49
12008 0
12008 0
12008 0
12010 1.08
12010 0
12010 2.92
12010 2.09
12010 2
12010 2.49
12010 0
12010 0
12010 0
12011 1.08
12011 0
12011 2.92
12011 2.09
12011 2
12011 2.49
12011 0
12011 0
12011 0
12014 1.08
12014 0
12014 2.92
12014 2.09
12014 2
12014 2.49
12014 0
12014 0
12014 0
12128 1.08
12128 0
12128 2.92
12128 2.09
12128 2
12128 2.49
12128 0
12128 0
12128 0
12130 1.08
12130 0
12130 2.92
12130 2.09
12130 2
12130 2.49
12130 0
12130 0
12130 0
12133 1.08
12133 0
12133 2.92
12133 2.09
12133 2
12133 2.49
12133 0
12133 0
12133 0
12135 1.08
12135 0
12135 2.92
12135 2.09
12135 2
12135 2.49
12135 0
12135 0
12135 0
12137 1.08
12137 0
12137 2.92
12137 2.09
12137 2
12137 2.49
12137 0
12137 0
12137 0
12138 1.08
12138 0
12138 2.92
12138 2.09
12138 2
12138 2.49
12138 0
12138 0
12138 0
12254 1.08
12254 0
12254 2.92
12254 2.09
12254 2
12254 2.49
12254 0
12254 0
12254 0
12257 1.08
12257 0
12257 2.92
12257 2.09
12257 2
12257 2.49
12257 0
12257 0
12257 0
12259 1.08
12259 0
12259 2.92
12259 2.09
12259 2
12259 2.49
12259 0
12259 0
12259 0
12260 1.08
12260 0
12260 2.92
12260 2.09
12260 2
12260 2.49
12260 0
12260 0
12260 0
12262 1.08
12262 0
12262 2.92
12262 2.09
12262 2
12262 2.49
12262 0
12262 0
12262 0
12263 1.08
12263 0
12263 2.92
12263 2.09
12263 2
12263 2.49
12263 0
12263 0
12263 0
12264 1.08
12264 0
12264 2.92
12264 2.09
12264 2
12264 2.49
12264 0
12264 0
12264 0
12367 1.08
12367 0
12367 2.92
12367 2.09
12367 2
12367 2.49
12367 0
12367 0
12367 0
12379 1.08
12379 0
12379 2.92
12379 2.09
12379 2
12379 2.49
12379 0
12379 0
12379 0
12386 1.08
12386 0
12386 2.92
12386 2.09
12386 2
12386 2.49
12386 0
12386 0
12386 0
12389 1.08
12389 0
12389 2.92
12389 2.09
12389 2
12389 2.49
12389 0
12389 0
12389 0
12390 1.08
12390 0
12390 2.92
12390 2.09
12390 2
12390 2.49
12390 0
12390 0
12390 0
12391 1.08
12391 0
12391 2.92
12391 2.09
12391 2
12391 2.49
12391 0
12391 0
12391 0
12392 1.08
12392 0
12392 2.92
12392 2.09
12392 2
12392 2.49
12392 0
12392 0
12392 0
12393 1.08
12393 0
12393 2.92
12393 2.09
12393 2
12393 2.49
12393 0
12393 0
12393 0
12394 1.08
12394 0
12394 2.92
12394 2.09
12394 2
12394 2.49
12394 0
12394 0
12394 0
12395 1.08
12395 0
12395 2.92
12395 2.09
12395 2
12395 2.49
12395 0
12395 0
12395 0
12497 1.08
12497 0
12497 2.92
12497 2.09
12497 2
12497 2.49
12497 0
12497 0
12497 0
12499 1.08
12499 0
12499 2.92
12499 2.09
12499 2
12499 2.49
12499 0
12499 0
12499 0
12501 1.08
12501 0
12501 2.92
12501 2.09
12501 2
12501 2.49
12501 0
12501 0
12501 0
12514 1.08
12514 0
12514 2.92
12514 2.09
12514 2
12514 2.49
12514 0
12514 0
12514 0
12515 1.08
12515 0
12515 2.92
12515 2.09
12515 2
12515 2.49
12515 0
12515 0
12515 0
12519 1.08
12519 0
12519 2.92
12519 2.09
12519 2
12519 2.49
12519 0
12519 0
12519 0
12521 1.08
12521 0
12521 2.92
12521 2.09
12521 2
12521 2.49
12521 0
12521 0
12521 0
12522 1.08
12522 0
12522 2.92
12522 2.09
12522 2
12522 2.49
12522 0
12522 0
12522 0
12523 1.08
12523 0
12523 2.92
12523 2.09
12523 2
12523 2.49
12523 0
12523 0
12523 0
12524 1.08
12524 0
12524 2.92
12524 2.09
12524 2
12524 2.49
12524 0
12524 0
12524 0
12525 1.08
12525 0
12525 2.92
12525 2.09
12525 2
12525 2.49
12525 0
12525 0
12525 0
12526 1.08
12526 0
12526 2.92
12526 2.09
12526 2
12526 2.49
12526 0
12526 0
12526 0
12527 1.08
12527 0
12527 2.92
12527 2.09
12527 2
12527 2.49
12527 0
12527 0
12527 0
12528 1.08
12528 0
12528 2.92
12528 2.09
12528 2
12528 2.49
12528 0
12528 0
12528 0
12627 1.08
12627 0
12627 2.92
12627 2.09
12627 2
12627 2.49
12627 0
12627 0
12627 0
12628 1.08
12628 0
12628 2.92
12628 2.09
12628 2
12628 2.49
12628 0
12628 0
12628 0
12629 1.08
12629 0
12629 2.92
12629 2.09
12629 2
12629 2.49
12629 0
12629 0
12629 0
12630 1.08
12630 0
12630 2.92
12630 2.09
12630 2
12630 2.49
12630 0
12630 0
12630 0
12639 1.08
12639 0
12639 2.92
12639 2.09
12639 2
12639 2.49
12639 0
12639 0
12639 0
12640 1.08
12640 0
12640 2.92
12640 2.09
12640 2
12640 2.49
12640 0
12640 0
12640 0
12645 1.08
12645 0
12645 2.92
12645 2.09
12645 2
12645 2.49
12645 0
12645 0
12645 0
12646 1.08
12646 0
12646 2.92
12646 2.09
12646 2
12646 2.49
12646 0
12646 0
12646 0
12648 1.08
12648 0
12648 2.92
12648 2.09
12648 2
12648 2.49
12648 0
12648 0
12648 0
12650 1.08
12650 0
12650 2.92
12650 2.09
12650 2
12650 2.49
12650 0
12650 0
12650 0
12651 1.08
12651 0
12651 2.92
12651 2.09
12651 2
12651 2.49
12651 0
12651 0
12651 0
12652 1.08
12652 0
12652 2.92
12652 2.09
12652 2
12652 2.49
12652 0
12652 0
12652 0
12743 1.08
12743 0
12743 2.92
12743 2.09
12743 2
12743 2.49
12743 0
12743 0
12743 0
12747 1.08
12747 0
12747 2.92
12747 2.09
12747 2
12747 2.49
12747 0
12747 0
12747 0
12748 1.08
12748 0
12748 2.92
12748 2.09
12748 2
12748 2.49
12748 0
12748 0
12748 0
12756 1.08
12756 0
12756 2.92
12756 2.09
12756 2
12756 2.49
12756 0
12756 0
12756 0
12758 1.08
12758 0
12758 2.92
12758 2.09
12758 2
12758 2.49
12758 0
12758 0
12758 0
12760 1.08
12760 0
12760 2.92
12760 2.09
12760 2
12760 2.49
12760 0
12760 0
12760 0
12761 1.08
12761 0
12761 2.92
12761 2.09
12761 2
12761 2.49
12761 0
12761 0
12761 0
12764 1.08
12764 0
12764 2.92
12764 2.09
12764 2
12764 2.49
12764 0
12764 0
12764 0
12767 1.08
12767 0
12767 2.92
12767 2.09
12767 2
12767 2.49
12767 0
12767 0
12767 0
12768 1.08
12768 0
12768 2.92
12768 2.09
12768 2
12768 2.49
12768 0
12768 0
12768 0
12769 1.08
12769 0
12769 2.92
12769 2.09
12769 2
12769 2.49
12769 0
12769 0
12769 0
12862 1.08
12862 0
12862 2.92
12862 2.09
12862 2
12862 2.49
12862 0
12862 0
12862 0
12863 1.08
12863 0
12863 2.92
12863 2.09
12863 2
12863 2.49
12863 0
12863 0
12863 0
12864 1.08
12864 0
12864 2.92
12864 2.09
12864 2
12864 2.49
12864 0
12864 0
12864 0
12878 1.08
12878 0
12878 2.92
12878 2.09
12878 2
12878 2.49
12878 0
12878 0
12878 0
12879 1.08
12879 0
12879 2.92
12879 2.09
12879 2
12879 2.49
12879 0
12879 0
12879 0
12880 1.08
12880 0
12880 2.92
12880 2.09
12880 2
12880 2.49
12880 0
12880 0
12880 0
12882 1.08
12882 0
12882 2.92
12882 2.09
12882 2
12882 2.49
12882 0
12882 0
12882 0
12883 1.08
12883 0
12883 2.92
12883 2.09
12883 2
12883 2.49
12883 0
12883 0
12883 0
12885 1.08
12885 0
12885 2.92
12885 2.09
12885 2
12885 2.49
12885 0
12885 0
12885 0
12886 1.08
12886 0
12886 2.92
12886 2.09
12886 2
12886 2.49
12886 0
12886 0
12886 0
12887 1.08
12887 0
12887 2.92
12887 2.09
12887 2
12887 2.49
12887 0
12887 0
12887 0
12888 1.08
12888 0
12888 2.92
12888 2.09
12888 2
12888 2.49
12888 0
12888 0
12888 0
12889 1.08
12889 0
12889 2.92
12889 2.09
12889 2
12889 2.49
12889 0
12889 0
12889 0
12983 1.08
12983 0
12983 2.92
12983 2.09
12983 2
12983 2.49
12983 0
12983 0
12983 0
12984 1.08
12984 0
12984 2.92
12984 2.09
12984 2
12984 2.49
12984 0
12984 0
12984 0
12986 1.08
12986 0
12986 2.92
12986 2.09
12986 2
12986 2.49
12986 0
12986 0
12986 0
12988 1.08
12988 0
12988 2.92
12988 2.09
12988 2
12988 2.49
12988 0
12988 0
12988 0
12996 1.08
12996 0
12996 2.92
12996 2.09
12996 2
12996 2.49
12996 0
12996 0
12996 0
12999 1.08
12999 0
12999 2.92
12999 2.09
12999 2
12999 2.49
12999 0
12999 0
12999 0
13001 1.08
13001 0
13001 2.92
13001 2.09
13001 2
13001 2.49
13001 0
13001 0
13001 0
13002 1.08
13002 0
13002 2.92
13002 2.09
13002 2
13002 2.49
13002 0
13002 0
13002 0
13003 1.08
13003 0
13003 2.92
13003 2.09
13003 2
13003 2.49
13003 0
13003 0
13003 0
13004 1.08
13004 0
13004 2.92
13004 2.09
13004 2
13004 2.49
13004 0
13004 0
13004 0
13005 1.08
13005 0
13005 2.92
13005 2.09
13005 2
13005 2.49
13005 0
13005 0
13005 0
13006 1.08
13006 0
13006 2.92
13006 2.09
13006 2
13006 2.49
13006 0
13006 0
13006 0
13007 1.08
13007 0
13007 2.92
13007 2.09
13007 2
13007 2.49
13007 0
13007 0
13007 0
13008 1.08
13008 0
13008 2.92
13008 2.09
13008 2
13008 2.49
13008 0
13008 0
13008 0
13009 1.08
13009 0
13009 2.92
13009 2.09
13009 2
13009 2.49
13009 0
13009 0
13009 0
13010 1.08
13010 0
13010 2.92
13010 2.09
13010 2
13010 2.49
13010 0
13010 0
13010 0
13095 1.08
13095 0
13095 2.92
13095 2.09
13095 2
13095 2.49
13095 0
13095 0
13095 0
13097 1.08
13097 0
13097 2.92
13097 2.09
13097 2
13097 2.49
13097 0
13097 0
13097 0
13098 1.08
13098 0
13098 2.92
13098 2.09
13098 2
13098 2.49
13098 0
13098 0
13098 0
13099 1.08
13099 0
13099 2.92
13099 2.09
13099 2
13099 2.49
13099 0
13099 0
13099 0
13101 1.08
13101 0
13101 2.92
13101 2.09
13101 2
13101 2.49
13101 0
13101 0
13101 0
13103 1.08
13103 0
13103 2.92
13103 2.09
13103 2
13103 2.49
13103 0
13103 0
13103 0
13115 1.08
13115 0
13115 2.92
13115 2.09
13115 2
13115 2.49
13115 0
13115 0
13115 0
13117 1.08
13117 0
13117 2.92
13117 2.09
13117 2
13117 2.49
13117 0
13117 0
13117 0
13119 1.08
13119 0
13119 2.92
13119 2.09
13119 2
13119 2.49
13119 0
13119 0
13119 0
13120 1.08
13120 0
13120 2.92
13120 2.09
13120 2
13120 2.49
13120 0
13120 0
13120 0
13121 1.08
13121 0
13121 2.92
13121 2.09
13121 2
13121 2.49
13121 0
13121 0
13121 0
13122 1.08
13122 0
13122 2.92
13122 2.09
13122 2
13122 2.49
13122 0
13122 0
13122 0
13123 1.08
13123 0
13123 2.92
13123 2.09
13123 2
13123 2.49
13123 0
13123 0
13123 0
13200 1.08
13200 0
13200 2.92
13200 2.09
13200 2
13200 2.49
13200 0
13200 0
13200 0
13204 1.08
13204 0
13204 2.92
13204 2.09
13204 2
13204 2.49
13204 0
13204 0
13204 0
13205 1.08
13205 0
13205 2.92
13205 2.09
13205 2
13205 2.49
13205 0
13205 0
13205 0
13206 1.08
13206 0
13206 2.92
13206 2.09
13206 2
13206 2.49
13206 0
13206 0
13206 0
13217 1.08
13217 0
13217 2.92
13217 2.09
13217 2
13217 2.49
13217 0
13217 0
13217 0
13221 1.08
13221 0
13221 2.92
13221 2.09
13221 2
13221 2.49
13221 0
13221 0
13221 0
13222 1.08
13222 0
13222 2.92
13222 2.09
13222 2
13222 2.49
13222 0
13222 0
13222 0
13225 1.08
13225 0
13225 2.92
13225 2.09
13225 2
13225 2.49
13225 0
13225 0
13225 0
13226 1.08
13226 0
13226 2.92
13226 2.09
13226 2
13226 2.49
13226 0
13226 0
13226 0
13295 1.08
13295 0
13295 2.92
13295 2.09
13295 2
13295 2.49
13295 0
13295 0
13295 0
13297 1.08
13297 0
13297 2.92
13297 2.09
13297 2
13297 2.49
13297 0
13297 0
13297 0
13298 1.08
13298 0
13298 2.92
13298 2.09
13298 2
13298 2.49
13298 0
13298 0
13298 0
13304 1.08
13304 0
13304 2.92
13304 2.09
13304 2
13304 2.49
13304 0
13304 0
13304 0
13316 1.08
13316 0
13316 2.92
13316 2.09
13316 2
13316 2.49
13316 0
13316 0
13316 0
13317 1.08
13317 0
13317 2.92
13317 2.09
13317 2
13317 2.49
13317 0
13317 0
13317 0
13318 1.08
13318 0
13318 2.92
13318 2.09
13318 2
13318 2.49
13318 0
13318 0
13318 0
13319 1.08
13319 0
13319 2.92
13319 2.09
13319 2
13319 2.49
13319 0
13319 0
13319 0
13322 1.08
13322 0
13322 2.92
13322 2.09
13322 2
13322 2.49
13322 0
13322 0
13322 0
13323 1.08
13323 0
13323 2.92
13323 2.09
13323 2
13323 2.49
13323 0
13323 0
13323 0
13324 1.08
13324 0
13324 2.92
13324 2.09
13324 2
13324 2.49
13324 0
13324 0
13324 0
13377 1.08
13377 0
13377 2.92
13377 2.09
13377 2
13377 2.49
13377 0
13377 0
13377 0
13383 1.08
13383 0
13383 2.92
13383 2.09
13383 2
13383 2.49
13383 0
13383 0
13383 0
13387 1.08
13387 0
13387 2.92
13387 2.09
13387 2
13387 2.49
13387 0
13387 0
13387 0
13390 1.08
13390 0
13390 2.92
13390 2.09
13390 2
13390 2.49
13390 0
13390 0
13390 0
13391 1.08
13391 0
13391 2.92
13391 2.09
13391 2
13391 2.49
13391 0
13391 0
13391 0
13393 1.08
13393 0
13393 2.92
13393 2.09
13393 2
13393 2.49
13393 0
13393 0
13393 0
13395 1.08
13395 0
13395 2.92
13395 2.09
13395 2
13395 2.49
13395 0
13395 0
13395 0
13400 1.08
13400 0
13400 2.92
13400 2.09
13400 2
13400 2.49
13400 0
13400 0
13400 0
13401 1.08
13401 0
13401 2.92
13401 2.09
13401 2
13401 2.49
13401 0
13401 0
13401 0
13404 1.08
13404 0
13404 2.92
13404 2.09
13404 2
13404 2.49
13404 0
13404 0
13404 0
13405 1.08
13405 0
13405 2.92
13405 2.09
13405 2
13405 2.49
13405 0
13405 0
13405 0
13406 1.08
13406 0
13406 2.92
13406 2.09
13406 2
13406 2.49
13406 0
13406 0
13406 0
13408 1.08
13408 0
13408 2.92
13408 2.09
13408 2
13408 2.49
13408 0
13408 0
13408 0
13409 1.08
13409 0
13409 2.92
13409 2.09
13409 2
13409 2.49
13409 0
13409 0
13409 0
13462 1.08
13462 0
13462 2.92
13462 2.09
13462 2
13462 2.49
13462 0
13462 0
13462 0
13468 1.08
13468 0
13468 2.92
13468 2.09
13468 2
13468 2.49
13468 0
13468 0
13468 0
13482 1.08
13482 0
13482 2.92
13482 2.09
13482 2
13482 2.49
13482 0
13482 0
13482 0
13483 1.08
13483 0
13483 2.92
13483 2.09
13483 2
13483 2.49
13483 0
13483 0
13483 0
13485 1.08
13485 0
13485 2.92
13485 2.09
13485 2
13485 2.49
13485 0
13485 0
13485 0
13486 1.08
13486 0
13486 2.92
13486 2.09
13486 2
13486 2.49
13486 0
13486 0
13486 0
13487 1.08
13487 0
13487 2.92
13487 2.09
13487 2
13487 2.49
13487 0
13487 0
13487 0
13488 1.08
13488 0
13488 2.92
13488 2.09
13488 2
13488 2.49
13488 0
13488 0
13488 0
13490 1.08
13490 0
13490 2.92
13490 2.09
13490 2
13490 2.49
13490 0
13490 0
13490 0
13530 1.08
13530 0
13530 2.92
13530 2.09
13530 2
13530 2.49
13530 0
13530 0
13530 0
13533 1.08
13533 0
13533 2.92
13533 2.09
13533 2
13533 2.49
13533 0
13533 0
13533 0
13534 1.08
13534 0
13534 2.92
13534 2.09
13534 2
13534 2.49
13534 0
13534 0
13534 0
13551 1.08
13551 0
13551 2.92
13551 2.09
13551 2
13551 2.49
13551 0
13551 0
13551 0
13552 1.08
13552 0
13552 2.92
13552 2.09
13552 2
13552 2.49
13552 0
13552 0
13552 0
13553 1.08
13553 0
13553 2.92
13553 2.09
13553 2
13553 2.49
13553 0
13553 0
13553 0
13556 1.08
13556 0
13556 2.92
13556 2.09
13556 2
13556 2.49
13556 0
13556 0
13556 0
13559 1.08
13559 0
13559 2.92
13559 2.09
13559 2
13559 2.49
13559 0
13559 0
13559 0
13603 1.08
13603 0
13603 2.92
13603 2.09
13603 2
13603 2.49
13603 0
13603 0
13603 0
13609 1.08
13609 0
13609 2.92
13609 2.09
13609 2
13609 2.49
13609 0
13609 0
13609 0
13612 1.08
13612 0
13612 2.92
13612 2.09
13612 2
13612 2.49
13612 0
13612 0
13612 0
13613 1.08
13613 0
13613 2.92
13613 2.09
13613 2
13613 2.49
13613 0
13613 0
13613 0
13614 1.08
13614 0
13614 2.92
13614 2.09
13614 2
13614 2.49
13614 0
13614 0
13614 0
13616 1.08
13616 0
13616 2.92
13616 2.09
13616 2
13616 2.49
13616 0
13616 0
13616 0
13617 1.08
13617 0
13617 2.92
13617 2.09
13617 2
13617 2.49
13617 0
13617 0
13617 0
13618 1.08
13618 0
13618 2.92
13618 2.09
13618 2
13618 2.49
13618 0
13618 0
13618 0
13619 1.08
13619 0
13619 2.92
13619 2.09
13619 2
13619 2.49
13619 0
13619 0
13619 0
13663 1.08
13663 0
13663 2.92
13663 2.09
13663 2
13663 2.49
13663 0
13663 0
13663 0
13668 1.08
13668 0
13668 2.92
13668 2.09
13668 2
13668 2.49
13668 0
13668 0
13668 0
13669 1.08
13669 0
13669 2.92
13669 2.09
13669 2
13669 2.49
13669 0
13669 0
13669 0
13671 1.08
13671 0
13671 2.92
13671 2.09
13671 2
13671 2.49
13671 0
13671 0
13671 0
13672 1.08
13672 0
13672 2.92
13672 2.09
13672 2
13672 2.49
13672 0
13672 0
13672 0
13673 1.08
13673 0
13673 2.92
13673 2.09
13673 2
13673 2.49
13673 0
13673 0
13673 0
13674 1.08
13674 0
13674 2.92
13674 2.09
13674 2
13674 2.49
13674 0
13674 0
13674 0
13675 1.08
13675 0
13675 2.92
13675 2.09
13675 2
13675 2.49
13675 0
13675 0
13675 0
13676 1.08
13676 0
13676 2.92
13676 2.09
13676 2
13676 2.49
13676 0
13676 0
13676 0
13707 1.08
13707 0
13707 2.92
13707 2.09
13707 2
13707 2.49
13707 0
13707 0
13707 0
13708 1.08
13708 0
13708 2.92
13708 2.09
13708 2
13708 2.49
13708 0
13708 0
13708 0
13709 1.08
13709 0
13709 2.92
13709 2.09
13709 2
13709 2.49
13709 0
13709 0
13709 0
13720 1.08
13720 0
13720 2.92
13720 2.09
13720 2
13720 2.49
13720 0
13720 0
13720 0
13725 1.08
13725 0
13725 2.92
13725 2.09
13725 2
13725 2.49
13725 0
13725 0
13725 0
13726 1.08
13726 0
13726 2.92
13726 2.09
13726 2
13726 2.49
13726 0
13726 0
13726 0
13727 1.08
13727 0
13727 2.92
13727 2.09
13727 2
13727 2.49
13727 0
13727 0
13727 0
13728 1.08
13728 0
13728 2.92
13728 2.09
13728 2
13728 2.49
13728 0
13728 0
13728 0
13729 1.08
13729 0
13729 2.92
13729 2.09
13729 2
13729 2.49
13729 0
13729 0
13729 0
13730 1.08
13730 0
13730 2.92
13730 2.09
13730 2
13730 2.49
13730 0
13730 0
13730 0
13731 1.08
13731 0
13731 2.92
13731 2.09
13731 2
13731 2.49
13731 0
13731 0
13731 0
13763 1.08
13763 0
13763 2.92
13763 2.09
13763 2
13763 2.49
13763 0
13763 0
13763 0
13764 1.08
13764 0
13764 2.92
13764 2.09
13764 2
13764 2.49
13764 0
13764 0
13764 0
13777 1.08
13777 0
13777 2.92
13777 2.09
13777 2
13777 2.49
13777 0
13777 0
13777 0
13779 1.08
13779 0
13779 2.92
13779 2.09
13779 2
13779 2.49
13779 0
13779 0
13779 0
13780 1.08
13780 0
13780 2.92
13780 2.09
13780 2
13780 2.49
13780 0
13780 0
13780 0
13781 1.08
13781 0
13781 2.92
13781 2.09
13781 2
13781 2.49
13781 0
13781 0
13781 0
13782 1.08
13782 0
13782 2.92
13782 2.09
13782 2
13782 2.49
13782 0
13782 0
13782 0
13783 1.08
13783 0
13783 2.92
13783 2.09
13783 2
13783 2.49
13783 0
13783 0
13783 0
13784 1.08
13784 0
13784 2.92
13784 2.09
13784 2
13784 2.49
13784 0
13784 0
13784 0
13785 1.08
13785 0
13785 2.92
13785 2.09
13785 2
13785 2.49
13785 0
13785 0
13785 0
13822 1.08
13822 0
13822 2.92
13822 2.09
13822 2
13822 2.49
13822 0
13822 0
13822 0
13823 1.08
13823 0
13823 2.92
13823 2.09
13823 2
13823 2.49
13823 0
13823 0
13823 0
13825 1.08
13825 0
13825 2.92
13825 2.09
13825 2
13825 2.49
13825 0
13825 0
13825 0
13832 1.08
13832 0
13832 2.92
13832 2.09
13832 2
13832 2.49
13832 0
13832 0
13832 0
13833 1.08
13833 0
13833 2.92
13833 2.09
13833 2
13833 2.49
13833 0
13833 0
13833 0
13834 1.08
13834 0
13834 2.92
13834 2.09
13834 2
13834 2.49
13834 0
13834 0
13834 0
13835 1.08
13835 0
13835 2.92
13835 2.09
13835 2
13835 2.49
13835 0
13835 0
13835 0
13836 1.08
13836 0
13836 2.92
13836 2.09
13836 2
13836 2.49
13836 0
13836 0
13836 0
13837 1.08
13837 0
13837 2.92
13837 2.09
13837 2
13837 2.49
13837 0
13837 0
13837 0
13838 1.08
13838 0
13838 2.92
13838 2.09
13838 2
13838 2.49
13838 0
13838 0
13838 0
13874 1.08
13874 0
13874 2.92
13874 2.09
13874 2
13874 2.49
13874 0
13874 0
13874 0
13880 1.08
13880 0
13880 2.92
13880 2.09
13880 2
13880 2.49
13880 0
13880 0
13880 0
13884 1.08
13884 0
13884 2.92
13884 2.09
13884 2
13884 2.49
13884 0
13884 0
13884 0
13887 1.08
13887 0
13887 2.92
13887 2.09
13887 2
13887 2.49
13887 0
13887 0
13887 0
13889 1.08
13889 0
13889 2.92
13889 2.09
13889 2
13889 2.49
13889 0
13889 0
13889 0
13890 1.08
13890 0
13890 2.92
13890 2.09
13890 2
13890 2.49
13890 0
13890 0
13890 0
13892 1.08
13892 0
13892 2.92
13892 2.09
13892 2
13892 2.49
13892 0
13892 0
13892 0
13893 1.08
13893 0
13893 2.92
13893 2.09
13893 2
13893 2.49
13893 0
13893 0
13893 0
13930 1.08
13930 0
13930 2.92
13930 2.09
13930 2
13930 2.49
13930 0
13930 0
13930 0
13935 1.08
13935 0
13935 2.92
13935 2.09
13935 2
13935 2.49
13935 0
13935 0
13935 0
13938 1.08
13938 0
13938 2.92
13938 2.09
13938 2
13938 2.49
13938 0
13938 0
13938 0
13941 1.08
13941 0
13941 2.92
13941 2.09
13941 2
13941 2.49
13941 0
13941 0
13941 0
13945 1.08
13945 0
13945 2.92
13945 2.09
13945 2
13945 2.49
13945 0
13945 0
13945 0
13946 1.08
13946 0
13946 2.92
13946 2.09
13946 2
13946 2.49
13946 0
13946 0
13946 0
13947 1.08
13947 0
13947 2.92
13947 2.09
13947 2
13947 2.49
13947 0
13947 0
13947 0
13948 1.08
13948 0
13948 2.92
13948 2.09
13948 2
13948 2.49
13948 0
13948 0
13948 0
13949 1.08
13949 0
13949 2.92
13949 2.09
13949 2
13949 2.49
13949 0
13949 0
13949 0
13950 1.08
13950 0
13950 2.92
13950 2.09
13950 2
13950 2.49
13950 0
13950 0
13950 0
13951 1.08
13951 0
13951 2.92
13951 2.09
13951 2
13951 2.49
13951 0
13951 0
13951 0
13952 1.08
13952 0
13952 2.92
13952 2.09
13952 2
13952 2.49
13952 0
13952 0
13952 0
13985 1.08
13985 0
13985 2.92
13985 2.09
13985 2
13985 2.49
13985 0
13985 0
13985 0
13987 1.08
13987 0
13987 2.92
13987 2.09
13987 2
13987 2.49
13987 0
13987 0
13987 0
13997 1.08
13997 0
13997 2.92
13997 2.09
13997 2
13997 2.49
13997 0
13997 0
13997 0
13999 1.08
13999 0
13999 2.92
13999 2.09
13999 2
13999 2.49
13999 0
13999 0
13999 0
14000 1.08
14000 0
14000 2.92
14000 2.09
14000 2
14000 2.49
14000 0
14000 0
14000 0
14002 1.08
14002 0
14002 2.92
14002 2.09
14002 2
14002 2.49
14002 0
14002 0
14002 0
14004 1.08
14004 0
14004 2.92
14004 2.09
14004 2
14004 2.49
14004 0
14004 0
14004 0
14006 1.08
14006 0
14006 2.92
14006 2.09
14006 2
14006 2.49
14006 0
14006 0
14006 0
14007 1.08
14007 0
14007 2.92
14007 2.09
14007 2
14007 2.49
14007 0
14007 0
14007 0
14008 1.08
14008 0
14008 2.92
14008 2.09
14008 2
14008 2.49
14008 0
14008 0
14008 0
14009 1.08
14009 0
14009 2.92
14009 2.09
14009 2
14009 2.49
14009 0
14009 0
14009 0
14043 1.08
14043 0
14043 2.92
14043 2.09
14043 2
14043 2.49
14043 0
14043 0
14043 0
14055 1.08
14055 0
14055 2.92
14055 2.09
14055 2
14055 2.49
14055 0
14055 0
14055 0
14056 1.08
14056 0
14056 2.92
14056 2.09
14056 2
14056 2.49
14056 0
14056 0
14056 0
14059 1.08
14059 0
14059 2.92
14059 2.09
14059 2
14059 2.49
14059 0
14059 0
14059 0
14060 1.08
14060 0
14060 2.92
14060 2.09
14060 2
14060 2.49
14060 0
14060 0
14060 0
14061 1.08
14061 0
14061 2.92
14061 2.09
14061 2
14061 2.49
14061 0
14061 0
14061 0
14062 1.08
14062 0
14062 2.92
14062 2.09
14062 2
14062 2.49
14062 0
14062 0
14062 0
14064 1.08
14064 0
14064 2.92
14064 2.09
14064 2
14064 2.49
14064 0
14064 0
14064 0
14089 1.08
14089 0
14089 2.92
14089 2.09
14089 2
14089 2.49
14089 0
14089 0
14089 0
14093 1.08
14093 0
14093 2.92
14093 2.09
14093 2
14093 2.49
14093 0
14093 0
14093 0
14096 1.08
14096 0
14096 2.92
14096 2.09
14096 2
14096 2.49
14096 0
14096 0
14096 0
14107 1.08
14107 0
14107 2.92
14107 2.09
14107 2
14107 2.49
14107 0
14107 0
14107 0
14108 1.08
14108 0
14108 2.92
14108 2.09
14108 2
14108 2.49
14108 0
14108 0
14108 0
14109 1.08
14109 0
14109 2.92
14109 2.09
14109 2
14109 2.49
14109 0
14109 0
14109 0
14110 1.08
14110 0
14110 2.92
14110 2.09
14110 2
14110 2.49
14110 0
14110 0
14110 0
14111 1.08
14111 0
14111 2.92
14111 2.09
14111 2
14111 2.49
14111 0
14111 0
14111 0
14112 1.08
14112 0
14112 2.92
14112 2.09
14112 2
14112 2.49
14112 0
14112 0
14112 0
14113 1.08
14113 0
14113 2.92
14113 2.09
14113 2
14113 2.49
14113 0
14113 0
14113 0
14114 1.08
14114 0
14114 2.92
14114 2.09
14114 2
14114 2.49
14114 0
14114 0
14114 0
14115 1.08
14115 0
14115 2.92
14115 2.09
14115 2
14115 2.49
14115 0
14115 0
14115 0
14152 1.08
14152 0
14152 2.92
14152 2.09
14152 2
14152 2.49
14152 0
14152 0
14152 0
14161 1.08
14161 0
14161 2.92
14161 2.09
14161 2
14161 2.49
14161 0
14161 0
14161 0
14163 1.08
14163 0
14163 2.92
14163 2.09
14163 2
14163 2.49
14163 0
14163 0
14163 0
14165 1.08
14165 0
14165 2.92
14165 2.09
14165 2
14165 2.49
14165 0
14165 0
14165 0
14166 1.08
14166 0
14166 2.92
14166 2.09
14166 2
14166 2.49
14166 0
14166 0
14166 0
14169 1.08
14169 0
14169 2.92
14169 2.09
14169 2
14169 2.49
14169 0
14169 0
14169 0
14192 1.08
14192 0
14192 2.92
14192 2.09
14192 2
14192 2.49
14192 0
14192 0
14192 0
14193 1.08
14193 0
14193 2.92
14193 2.09
14193 2
14193 2.49
14193 0
14193 0
14193 0
14198 1.08
14198 0
14198 2.92
14198 2.09
14198 2
14198 2.49
14198 0
14198 0
14198 0
14199 1.08
14199 0
14199 2.92
14199 2.09
14199 2
14199 2.49
14199 0
14199 0
14199 0
14200 1.08
14200 0
14200 2.92
14200 2.09
14200 2
14200 2.49
14200 0
14200 0
14200 0
14202 1.08
14202 0
14202 2.92
14202 2.09
14202 2
14202 2.49
14202 0
14202 0
14202 0
14205 1.08
14205 0
14205 2.92
14205 2.09
14205 2
14205 2.49
14205 0
14205 0
14205 0
14209 1.08
14209 0
14209 2.92
14209 2.09
14209 2
14209 2.49
14209 0
14209 0
14209 0
14210 1.08
14210 0
14210 2.92
14210 2.09
14210 2
14210 2.49
14210 0
14210 0
14210 0
14212 1.08
14212 0
14212 2.92
14212 2.09
14212 2
14212 2.49
14212 0
14212 0
14212 0
14213 1.08
14213 0
14213 2.92
14213 2.09
14213 2
14213 2.49
14213 0
14213 0
14213 0
14215 1.08
14215 0
14215 2.92
14215 2.09
14215 2
14215 2.49
14215 0
14215 0
14215 0
14217 1.08
14217 0
14217 2.92
14217 2.09
14217 2
14217 2.49
14217 0
14217 0
14217 0
14245 1.08
14245 0
14245 2.92
14245 2.09
14245 2
14245 2.49
14245 0
14245 0
14245 0
14246 1.08
14246 0
14246 2.92
14246 2.09
14246 2
14246 2.49
14246 0
14246 0
14246 0
14247 1.08
14247 0
14247 2.92
14247 2.09
14247 2
14247 2.49
14247 0
14247 0
14247 0
14249 1.08
14249 0
14249 2.92
14249 2.09
14249 2
14249 2.49
14249 0
14249 0
14249 0
14253 1.08
14253 0
14253 2.92
14253 2.09
14253 2
14253 2.49
14253 0
14253 0
14253 0
14255 1.08
14255 0
14255 2.92
14255 2.09
14255 2
14255 2.49
14255 0
14255 0
14255 0
14257 1.08
14257 0
14257 2.92
14257 2.09
14257 2
14257 2.49
14257 0
14257 0
14257 0
14258 1.08
14258 0
14258 2.92
14258 2.09
14258 2
14258 2.49
14258 0
14258 0
14258 0
14259 1.08
14259 0
14259 2.92
14259 2.09
14259 2
14259 2.49
14259 0
14259 0
14259 0
14260 1.08
14260 0
14260 2.92
14260 2.09
14260 2
14260 2.49
14260 0
14260 0
14260 0
14262 1.08
14262 0
14262 2.92
14262 2.09
14262 2
14262 2.49
14262 0
14262 0
14262 0
14264 1.08
14264 0
14264 2.92
14264 2.09
14264 2
14264 2.49
14264 0
14264 0
14264 0
14285 1.08
14285 0
14285 2.92
14285 2.09
14285 2
14285 2.49
14285 0
14285 0
14285 0
14287 1.08
14287 0
14287 2.92
14287 2.09
14287 2
14287 2.49
14287 0
14287 0
14287 0
14291 1.08
14291 0
14291 2.92
14291 2.09
14291 2
14291 2.49
14291 0
14291 0
14291 0
14292 1.08
14292 0
14292 2.92
14292 2.09
14292 2
14292 2.49
14292 0
14292 0
14292 0
14293 1.08
14293 0
14293 2.92
14293 2.09
14293 2
14293 2.49
14293 0
14293 0
14293 0
14294 1.08
14294 0
14294 2.92
14294 2.09
14294 2
14294 2.49
14294 0
14294 0
14294 0
14298 1.08
14298 0
14298 2.92
14298 2.09
14298 2
14298 2.49
14298 0
14298 0
14298 0
14299 1.08
14299 0
14299 2.92
14299 2.09
14299 2
14299 2.49
14299 0
14299 0
14299 0
14300 1.08
14300 0
14300 2.92
14300 2.09
14300 2
14300 2.49
14300 0
14300 0
14300 0
14301 1.08
14301 0
14301 2.92
14301 2.09
14301 2
14301 2.49
14301 0
14301 0
14301 0
14302 1.08
14302 0
14302 2.92
14302 2.09
14302 2
14302 2.49
14302 0
14302 0
14302 0
14303 1.08
14303 0
14303 2.92
14303 2.09
14303 2
14303 2.49
14303 0
14303 0
14303 0
14304 1.08
14304 0
14304 2.92
14304 2.09
14304 2
14304 2.49
14304 0
14304 0
14304 0
14305 1.08
14305 0
14305 2.92
14305 2.09
14305 2
14305 2.49
14305 0
14305 0
14305 0
14307 1.08
14307 0
14307 2.92
14307 2.09
14307 2
14307 2.49
14307 0
14307 0
14307 0
14311 1.08
14311 0
14311 2.92
14311 2.09
14311 2
14311 2.49
14311 0
14311 0
14311 0
14331 1.08
14331 0
14331 2.92
14331 2.09
14331 2
14331 2.49
14331 0
14331 0
14331 0
14337 1.08
14337 0
14337 2.92
14337 2.09
14337 2
14337 2.49
14337 0
14337 0
14337 0
14338 1.08
14338 0
14338 2.92
14338 2.09
14338 2
14338 2.49
14338 0
14338 0
14338 0
14340 1.08
14340 0
14340 2.92
14340 2.09
14340 2
14340 2.49
14340 0
14340 0
14340 0
14342 1.08
14342 0
14342 2.92
14342 2.09
14342 2
14342 2.49
14342 0
14342 0
14342 0
14344 1.08
14344 0
14344 2.92
14344 2.09
14344 2
14344 2.49
14344 0
14344 0
14344 0
14345 1.08
14345 0
14345 2.92
14345 2.09
14345 2
14345 2.49
14345 0
14345 0
14345 0
14348 1.08
14348 0
14348 2.92
14348 2.09
14348 2
14348 2.49
14348 0
14348 0
14348 0
14349 1.08
14349 0
14349 2.92
14349 2.09
14349 2
14349 2.49
14349 0
14349 0
14349 0
14350 1.08
14350 0
14350 2.92
14350 2.09
14350 2
14350 2.49
14350 0
14350 0
14350 0
14351 1.08
14351 0
14351 2.92
14351 2.09
14351 2
14351 2.49
14351 0
14351 0
14351 0
14352 1.08
14352 0
14352 2.92
14352 2.09
14352 2
14352 2.49
14352 0
14352 0
14352 0
14353 1.08
14353 0
14353 2.92
14353 2.09
14353 2
14353 2.49
14353 0
14353 0
14353 0
14355 1.08
14355 0
14355 2.92
14355 2.09
14355 2
14355 2.49
14355 0
14355 0
14355 0
14375 1.08
14375 0
14375 2.92
14375 2.09
14375 2
14375 2.49
14375 0
14375 0
14375 0
14380 1.08
14380 0
14380 2.92
14380 2.09
14380 2
14380 2.49
14380 0
14380 0
14380 0
14381 1.08
14381 0
14381 2.92
14381 2.09
14381 2
14381 2.49
14381 0
14381 0
14381 0
14383 1.08
14383 0
14383 2.92
14383 2.09
14383 2
14383 2.49
14383 0
14383 0
14383 0
14385 1.08
14385 0
14385 2.92
14385 2.09
14385 2
14385 2.49
14385 0
14385 0
14385 0
14386 1.08
14386 0
14386 2.92
14386 2.09
14386 2
14386 2.49
14386 0
14386 0
14386 0
14387 1.08
14387 0
14387 2.92
14387 2.09
14387 2
14387 2.49
14387 0
14387 0
14387 0
14388 1.08
14388 0
14388 2.92
14388 2.09
14388 2
14388 2.49
14388 0
14388 0
14388 0
14390 1.08
14390 0
14390 2.92
14390 2.09
14390 2
14390 2.49
14390 0
14390 0
14390 0
14391 1.08
14391 0
14391 2.92
14391 2.09
14391 2
14391 2.49
14391 0
14391 0
14391 0
14392 1.08
14392 0
14392 2.92
14392 2.09
14392 2
14392 2.49
14392 0
14392 0
14392 0
14394 1.08
14394 0
14394 2.92
14394 2.09
14394 2
14394 2.49
14394 0
14394 0
14394 0
14395 1.08
14395 0
14395 2.92
14395 2.09
14395 2
14395 2.49
14395 0
14395 0
14395 0
14396 1.08
14396 0
14396 2.92
14396 2.09
14396 2
14396 2.49
14396 0
14396 0
14396 0
14397 1.08
14397 0
14397 2.92
14397 2.09
14397 2
14397 2.49
14397 0
14397 0
14397 0
14418 1.08
14418 0
14418 2.92
14418 2.09
14418 2
14418 2.49
14418 0
14418 0
14418 0
14419 1.08
14419 0
14419 2.92
14419 2.09
14419 2
14419 2.49
14419 0
14419 0
14419 0
14422 1.08
14422 0
14422 2.92
14422 2.09
14422 2
14422 2.49
14422 0
14422 0
14422 0
14423 1.08
14423 0
14423 2.92
14423 2.09
14423 2
14423 2.49
14423 0
14423 0
14423 0
14425 1.08
14425 0
14425 2.92
14425 2.09
14425 2
14425 2.49
14425 0
14425 0
14425 0
14426 1.08
14426 0
14426 2.92
14426 2.09
14426 2
14426 2.49
14426 0
14426 0
14426 0
14427 1.08
14427 0
14427 2.92
14427 2.09
14427 2
14427 2.49
14427 0
14427 0
14427 0
14429 1.08
14429 0
14429 2.92
14429 2.09
14429 2
14429 2.49
14429 0
14429 0
14429 0
14432 1.08
14432 0
14432 2.92
14432 2.09
14432 2
14432 2.49
14432 0
14432 0
14432 0
14433 1.08
14433 0
14433 2.92
14433 2.09
14433 2
14433 2.49
14433 0
14433 0
14433 0
14435 1.08
14435 0
14435 2.92
14435 2.09
14435 2
14435 2.49
14435 0
14435 0
14435 0
14436 1.08
14436 0
14436 2.92
14436 2.09
14436 2
14436 2.49
14436 0
14436 0
14436 0
14437 1.08
14437 0
14437 2.92
14437 2.09
14437 2
14437 2.49
14437 0
14437 0
14437 0
14438 1.08
14438 0
14438 2.92
14438 2.09
14438 2
14438 2.49
14438 0
14438 0
14438 0
14459 1.08
14459 0
14459 2.92
14459 2.09
14459 2
14459 2.49
14459 0
14459 0
14459 0
14462 1.08
14462 0
14462 2.92
14462 2.09
14462 2
14462 2.49
14462 0
14462 0
14462 0
14463 1.08
14463 0
14463 2.92
14463 2.09
14463 2
14463 2.49
14463 0
14463 0
14463 0
14464 1.08
14464 0
14464 2.92
14464 2.09
14464 2
14464 2.49
14464 0
14464 0
14464 0
14465 1.08
14465 0
14465 2.92
14465 2.09
14465 2
14465 2.49
14465 0
14465 0
14465 0
14467 1.08
14467 0
14467 2.92
14467 2.09
14467 2
14467 2.49
14467 0
14467 0
14467 0
14469 1.08
14469 0
14469 2.92
14469 2.09
14469 2
14469 2.49
14469 0
14469 0
14469 0
14470 1.08
14470 0
14470 2.92
14470 2.09
14470 2
14470 2.49
14470 0
14470 0
14470 0
14472 1.08
14472 0
14472 2.92
14472 2.09
14472 2
14472 2.49
14472 0
14472 0
14472 0
14473 1.08
14473 0
14473 2.92
14473 2.09
14473 2
14473 2.49
14473 0
14473 0
14473 0
14474 1.08
14474 0
14474 2.92
14474 2.09
14474 2
14474 2.49
14474 0
14474 0
14474 0
14475 1.08
14475 0
14475 2.92
14475 2.09
14475 2
14475 2.49
14475 0
14475 0
14475 0
14496 1.08
14496 0
14496 2.92
14496 2.09
14496 2
14496 2.49
14496 0
14496 0
14496 0
14499 1.08
14499 0
14499 2.92
14499 2.09
14499 2
14499 2.49
14499 0
14499 0
14499 0
14500 1.08
14500 0
14500 2.92
14500 2.09
14500 2
14500 2.49
14500 0
14500 0
14500 0
14501 1.08
14501 0
14501 2.92
14501 2.09
14501 2
14501 2.49
14501 0
14501 0
14501 0
14503 1.08
14503 0
14503 2.92
14503 2.09
14503 2
14503 2.49
14503 0
14503 0
14503 0
14504 1.08
14504 0
14504 2.92
14504 2.09
14504 2
14504 2.49
14504 0
14504 0
14504 0
14507 1.08
14507 0
14507 2.92
14507 2.09
14507 2
14507 2.49
14507 0
14507 0
14507 0
14508 1.08
14508 0
14508 2.92
14508 2.09
14508 2
14508 2.49
14508 0
14508 0
14508 0
14509 1.08
14509 0
14509 2.92
14509 2.09
14509 2
14509 2.49
14509 0
14509 0
14509 0
14531 1.08
14531 0
14531 2.92
14531 2.09
14531 2
14531 2.49
14531 0
14531 0
14531 0
14533 1.08
14533 0
14533 2.92
14533 2.09
14533 2
14533 2.49
14533 0
14533 0
14533 0
14534 1.08
14534 0
14534 2.92
14534 2.09
14534 2
14534 2.49
14534 0
14534 0
14534 0
14535 1.08
14535 0
14535 2.92
14535 2.09
14535 2
14535 2.49
14535 0
14535 0
14535 0
14537 1.08
14537 0
14537 2.92
14537 2.09
14537 2
14537 2.49
14537 0
14537 0
14537 0
14538 1.08
14538 0
14538 2.92
14538 2.09
14538 2
14538 2.49
14538 0
14538 0
14538 0
14540 1.08
14540 0
14540 2.92
14540 2.09
14540 2
14540 2.49
14540 0
14540 0
14540 0
14560 1.08
14560 0
14560 2.92
14560 2.09
14560 2
14560 2.49
14560 0
14560 0
14560 0
14561 1.08
14561 0
14561 2.92
14561 2.09
14561 2
14561 2.49
14561 0
14561 0
14561 0
14564 1.08
14564 0
14564 2.92
14564 2.09
14564 2
14564 2.49
14564 0
14564 0
14564 0
14566 1.08
14566 0
14566 2.92
14566 2.09
14566 2
14566 2.49
14566 0
14566 0
14566 0
14567 1.08
14567 0
14567 2.92
14567 2.09
14567 2
14567 2.49
14567 0
14567 0
14567 0
14568 1.08
14568 0
14568 2.92
14568 2.09
14568 2
14568 2.49
14568 0
14568 0
14568 0
14569 1.08
14569 0
14569 2.92
14569 2.09
14569 2
14569 2.49
14569 0
14569 0
14569 0
14570 1.08
14570 0
14570 2.92
14570 2.09
14570 2
14570 2.49
14570 0
14570 0
14570 0
14571 1.08
14571 0
14571 2.92
14571 2.09
14571 2
14571 2.49
14571 0
14571 0
14571 0
14572 1.08
14572 0
14572 2.92
14572 2.09
14572 2
14572 2.49
14572 0
14572 0
14572 0
14573 1.08
14573 0
14573 2.92
14573 2.09
14573 2
14573 2.49
14573 0
14573 0
14573 0
14591 1.08
14591 0
14591 2.92
14591 2.09
14591 2
14591 2.49
14591 0
14591 0
14591 0
14594 1.08
14594 0
14594 2.92
14594 2.09
14594 2
14594 2.49
14594 0
14594 0
14594 0
14598 1.08
14598 0
14598 2.92
14598 2.09
14598 2
14598 2.49
14598 0
14598 0
14598 0
14599 1.08
14599 0
14599 2.92
14599 2.09
14599 2
14599 2.49
14599 0
14599 0
14599 0
14603 1.08
14603 0
14603 2.92
14603 2.09
14603 2
14603 2.49
14603 0
14603 0
14603 0
14604 1.08
14604 0
14604 2.92
14604 2.09
14604 2
14604 2.49
14604 0
14604 0
14604 0
14605 1.08
14605 0
14605 2.92
14605 2.09
14605 2
14605 2.49
14605 0
14605 0
14605 0
14606 1.08
14606 0
14606 2.92
14606 2.09
14606 2
14606 2.49
14606 0
14606 0
14606 0
14607 1.08
14607 0
14607 2.92
14607 2.09
14607 2
14607 2.49
14607 0
14607 0
14607 0
14628 1.08
14628 0
14628 2.92
14628 2.09
14628 2
14628 2.49
14628 0
14628 0
14628 0
14629 1.08
14629 0
14629 2.92
14629 2.09
14629 2
14629 2.49
14629 0
14629 0
14629 0
14631 1.08
14631 0
14631 2.92
14631 2.09
14631 2
14631 2.49
14631 0
14631 0
14631 0
14633 1.08
14633 0
14633 2.92
14633 2.09
14633 2
14633 2.49
14633 0
14633 0
14633 0
14634 1.08
14634 0
14634 2.92
14634 2.09
14634 2
14634 2.49
14634 0
14634 0
14634 0
14635 1.08
14635 0
14635 2.92
14635 2.09
14635 2
14635 2.49
14635 0
14635 0
14635 0
14636 1.08
14636 0
14636 2.92
14636 2.09
14636 2
14636 2.49
14636 0
14636 0
14636 0
14640 1.08
14640 0
14640 2.92
14640 2.09
14640 2
14640 2.49
14640 0
14640 0
14640 0
14641 1.08
14641 0
14641 2.92
14641 2.09
14641 2
14641 2.49
14641 0
14641 0
14641 0
14661 1.08
14661 0
14661 2.92
14661 2.09
14661 2
14661 2.49
14661 0
14661 0
14661 0
14662 1.08
14662 0
14662 2.92
14662 2.09
14662 2
14662 2.49
14662 0
14662 0
14662 0
14663 1.08
14663 0
14663 2.92
14663 2.09
14663 2
14663 2.49
14663 0
14663 0
14663 0
14664 1.08
14664 0
14664 2.92
14664 2.09
14664 2
14664 2.49
14664 0
14664 0
14664 0
14665 1.08
14665 0
14665 2.92
14665 2.09
14665 2
14665 2.49
14665 0
14665 0
14665 0
14666 1.08
14666 0
14666 2.92
14666 2.09
14666 2
14666 2.49
14666 0
14666 0
14666 0
14669 1.08
14669 0
14669 2.92
14669 2.09
14669 2
14669 2.49
14669 0
14669 0
14669 0
14670 1.08
14670 0
14670 2.92
14670 2.09
14670 2
14670 2.49
14670 0
14670 0
14670 0
14671 1.08
14671 0
14671 2.92
14671 2.09
14671 2
14671 2.49
14671 0
14671 0
14671 0
14672 1.08
14672 0
14672 2.92
14672 2.09
14672 2
14672 2.49
14672 0
14672 0
14672 0
14673 1.08
14673 0
14673 2.92
14673 2.09
14673 2
14673 2.49
14673 0
14673 0
14673 0
14674 1.08
14674 0
14674 2.92
14674 2.09
14674 2
14674 2.49
14674 0
14674 0
14674 0
14694 1.08
14694 0
14694 2.92
14694 2.09
14694 2
14694 2.49
14694 0
14694 0
14694 0
14698 1.08
14698 0
14698 2.92
14698 2.09
14698 2
14698 2.49
14698 0
14698 0
14698 0
14699 1.08
14699 0
14699 2.92
14699 2.09
14699 2
14699 2.49
14699 0
14699 0
14699 0
14703 1.08
14703 0
14703 2.92
14703 2.09
14703 2
14703 2.49
14703 0
14703 0
14703 0
14705 1.08
14705 0
14705 2.92
14705 2.09
14705 2
14705 2.49
14705 0
14705 0
14705 0
14706 1.08
14706 0
14706 2.92
14706 2.09
14706 2
14706 2.49
14706 0
14706 0
14706 0
14707 1.08
14707 0
14707 2.92
14707 2.09
14707 2
14707 2.49
14707 0
14707 0
14707 0
14730 1.08
14730 0
14730 2.92
14730 2.09
14730 2
14730 2.49
14730 0
14730 0
14730 0
14731 1.08
14731 0
14731 2.92
14731 2.09
14731 2
14731 2.49
14731 0
14731 0
14731 0
14739 1.08
14739 0
14739 2.92
14739 2.09
14739 2
14739 2.49
14739 0
14739 0
14739 0
14756 1.08
14756 0
14756 2.92
14756 2.09
14756 2
14756 2.49
14756 0
14756 0
14756 0
14761 1.08
14761 0
14761 2.92
14761 2.09
14761 2
14761 2.49
14761 0
14761 0
14761 0
14762 1.08
14762 0
14762 2.92
14762 2.09
14762 2
14762 2.49
14762 0
14762 0
14762 0
14763 1.08
14763 0
14763 2.92
14763 2.09
14763 2
14763 2.49
14763 0
14763 0
14763 0
14764 1.08
14764 0
14764 2.92
14764 2.09
14764 2
14764 2.49
14764 0
14764 0
14764 0
14765 1.08
14765 0
14765 2.92
14765 2.09
14765 2
14765 2.49
14765 0
14765 0
14765 0
14766 1.08
14766 0
14766 2.92
14766 2.09
14766 2
14766 2.49
14766 0
14766 0
14766 0
14767 1.08
14767 0
14767 2.92
14767 2.09
14767 2
14767 2.49
14767 0
14767 0
14767 0
14768 1.08
14768 0
14768 2.92
14768 2.09
14768 2
14768 2.49
14768 0
14768 0
14768 0
14770 1.08
14770 0
14770 2.92
14770 2.09
14770 2
14770 2.49
14770 0
14770 0
14770 0
14793 1.08
14793 0
14793 2.92
14793 2.09
14793 2
14793 2.49
14793 0
14793 0
14793 0
14794 1.08
14794 0
14794 2.92
14794 2.09
14794 2
14794 2.49
14794 0
14794 0
14794 0
14795 1.08
14795 0
14795 2.92
14795 2.09
14795 2
14795 2.49
14795 0
14795 0
14795 0
14796 1.08
14796 0
14796 2.92
14796 2.09
14796 2
14796 2.49
14796 0
14796 0
14796 0
14797 1.08
14797 0
14797 2.92
14797 2.09
14797 2
14797 2.49
14797 0
14797 0
14797 0
14798 1.08
14798 0
14798 2.92
14798 2.09
14798 2
14798 2.49
14798 0
14798 0
14798 0
14799 1.08
14799 0
14799 2.92
14799 2.09
14799 2
14799 2.49
14799 0
14799 0
14799 0
14800 1.08
14800 0
14800 2.92
14800 2.09
14800 2
14800 2.49
14800 0
14800 0
14800 0
14801 1.08
14801 0
14801 2.92
14801 2.09
14801 2
14801 2.49
14801 0
14801 0
14801 0
14802 1.08
14802 0
14802 2.92
14802 2.09
14802 2
14802 2.49
14802 0
14802 0
14802 0
14821 1.08
14821 0
14821 2.92
14821 2.09
14821 2
14821 2.49
14821 0
14821 0
14821 0
14824 1.08
14824 0
14824 2.92
14824 2.09
14824 2
14824 2.49
14824 0
14824 0
14824 0
14825 1.08
14825 0
14825 2.92
14825 2.09
14825 2
14825 2.49
14825 0
14825 0
14825 0
14826 1.08
14826 0
14826 2.92
14826 2.09
14826 2
14826 2.49
14826 0
14826 0
14826 0
14827 1.08
14827 0
14827 2.92
14827 2.09
14827 2
14827 2.49
14827 0
14827 0
14827 0
14828 1.08
14828 0
14828 2.92
14828 2.09
14828 2
14828 2.49
14828 0
14828 0
14828 0
14829 1.08
14829 0
14829 2.92
14829 2.09
14829 2
14829 2.49
14829 0
14829 0
14829 0
14830 1.08
14830 0
14830 2.92
14830 2.09
14830 2
14830 2.49
14830 0
14830 0
14830 0
14831 1.08
14831 0
14831 2.92
14831 2.09
14831 2
14831 2.49
14831 0
14831 0
14831 0
14853 1.08
14853 0
14853 2.92
14853 2.09
14853 2
14853 2.49
14853 0
14853 0
14853 0
14855 1.08
14855 0
14855 2.92
14855 2.09
14855 2
14855 2.49
14855 0
14855 0
14855 0
14857 1.08
14857 0
14857 2.92
14857 2.09
14857 2
14857 2.49
14857 0
14857 0
14857 0
14883 1.08
14883 0
14883 2.92
14883 2.09
14883 2
14883 2.49
14883 0
14883 0
14883 0
14884 1.08
14884 0
14884 2.92
14884 2.09
14884 2
14884 2.49
14884 0
14884 0
14884 0
14885 1.08
14885 0
14885 2.92
14885 2.09
14885 2
14885 2.49
14885 0
14885 0
14885 0
14886 1.08
14886 0
14886 2.92
14886 2.09
14886 2
14886 2.49
14886 0
14886 0
14886 0
14887 1.08
14887 0
14887 2.92
14887 2.09
14887 2
14887 2.49
14887 0
14887 0
14887 0
14911 1.08
14911 0
14911 2.92
14911 2.09
14911 2
14911 2.49
14911 0
14911 0
14911 0
14913 1.08
14913 0
14913 2.92
14913 2.09
14913 2
14913 2.49
14913 0
14913 0
14913 0
14915 1.08
14915 0
14915 2.92
14915 2.09
14915 2
14915 2.49
14915 0
14915 0
14915 0
14939 1.08
14939 0
14939 2.92
14939 2.09
14939 2
14939 2.49
14939 0
14939 0
14939 0
14964 1.08
14964 0
14964 2.92
14964 2.09
14964 2
14964 2.49
14964 0
14964 0
14964 0
14983 1.08
14983 0
14983 2.92
14983 2.09
14983 2
14983 2.49
14983 0
14983 0
14983 0
14988 1.08
14988 0
14988 2.92
14988 2.09
14988 2
14988 2.49
14988 0
14988 0
14988 0
14989 1.08
14989 0
14989 2.92
14989 2.09
14989 2
14989 2.49
14989 0
14989 0
14989 0
14990 1.08
14990 0
14990 2.92
14990 2.09
14990 2
14990 2.49
14990 0
14990 0
14990 0
15011 1.08
15011 0
15011 2.92
15011 2.09
15011 2
15011 2.49
15011 0
15011 0
15011 0
15012 1.08
15012 0
15012 2.92
15012 2.09
15012 2
15012 2.49
15012 0
15012 0
15012 0
15013 1.08
15013 0
15013 2.92
15013 2.09
15013 2
15013 2.49
15013 0
15013 0
15013 0
15014 1.08
15014 0
15014 2.92
15014 2.09
15014 2
15014 2.49
15014 0
15014 0
15014 0
15035 1.08
15035 0
15035 2.92
15035 2.09
15035 2
15035 2.49
15035 0
15035 0
15035 0
15037 1.08
15037 0
15037 2.92
15037 2.09
15037 2
15037 2.49
15037 0
15037 0
15037 0
15038 1.08
15038 0
15038 2.92
15038 2.09
15038 2
15038 2.49
15038 0
15038 0
15038 0
15039 1.08
15039 0
15039 2.92
15039 2.09
15039 2
15039 2.49
15039 0
15039 0
15039 0
15040 1.08
15040 0
15040 2.92
15040 2.09
15040 2
15040 2.49
15040 0
15040 0
15040 0
15043 1.08
15043 0
15043 2.92
15043 2.09
15043 2
15043 2.49
15043 0
15043 0
15043 0
15061 1.08
15061 0
15061 2.92
15061 2.09
15061 2
15061 2.49
15061 0
15061 0
15061 0
15064 1.08
15064 0
15064 2.92
15064 2.09
15064 2
15064 2.49
15064 0
15064 0
15064 0
15065 1.08
15065 0
15065 2.92
15065 2.09
15065 2
15065 2.49
15065 0
15065 0
15065 0
15066 1.08
15066 0
15066 2.92
15066 2.09
15066 2
15066 2.49
15066 0
15066 0
15066 0
15067 1.08
15067 0
15067 2.92
15067 2.09
15067 2
15067 2.49
15067 0
15067 0
15067 0
15068 1.08
15068 0
15068 2.92
15068 2.09
15068 2
15068 2.49
15068 0
15068 0
15068 0
15070 1.08
15070 0
15070 2.92
15070 2.09
15070 2
15070 2.49
15070 0
15070 0
15070 0
15092 1.08
15092 0
15092 2.92
15092 2.09
15092 2
15092 2.49
15092 0
15092 0
15092 0
15093 1.08
15093 0
15093 2.92
15093 2.09
15093 2
15093 2.49
15093 0
15093 0
15093 0
15094 1.08
15094 0
15094 2.92
15094 2.09
15094 2
15094 2.49
15094 0
15094 0
15094 0
15095 1.08
15095 0
15095 2.92
15095 2.09
15095 2
15095 2.49
15095 0
15095 0
15095 0
15096 1.08
15096 0
15096 2.92
15096 2.09
15096 2
15096 2.49
15096 0
15096 0
15096 0
15097 1.08
15097 0
15097 2.92
15097 2.09
15097 2
15097 2.49
15097 0
15097 0
15097 0
15098 1.08
15098 0
15098 2.92
15098 2.09
15098 2
15098 2.49
15098 0
15098 0
15098 0
15099 1.08
15099 0
15099 2.92
15099 2.09
15099 2
15099 2.49
15099 0
15099 0
15099 0
15100 1.08
15100 0
15100 2.92
15100 2.09
15100 2
15100 2.49
15100 0
15100 0
15100 0
15126 1.08
15126 0
15126 2.92
15126 2.09
15126 2
15126 2.49
15126 0
15126 0
15126 0
15127 1.08
15127 0
15127 2.92
15127 2.09
15127 2
15127 2.49
15127 0
15127 0
15127 0
15128 1.08
15128 0
15128 2.92
15128 2.09
15128 2
15128 2.49
15128 0
15128 0
15128 0
15129 1.08
15129 0
15129 2.92
15129 2.09
15129 2
15129 2.49
15129 0
15129 0
15129 0
15130 1.08
15130 0
15130 2.92
15130 2.09
15130 2
15130 2.49
15130 0
15130 0
15130 0
15131 1.08
15131 0
15131 2.92
15131 2.09
15131 2
15131 2.49
15131 0
15131 0
15131 0
15132 1.08
15132 0
15132 2.92
15132 2.09
15132 2
15132 2.49
15132 0
15132 0
15132 0
15133 1.08
15133 0
15133 2.92
15133 2.09
15133 2
15133 2.49
15133 0
15133 0
15133 0
15134 1.08
15134 0
15134 2.92
15134 2.09
15134 2
15134 2.49
15134 0
15134 0
15134 0
15135 1.08
15135 0
15135 2.92
15135 2.09
15135 2
15135 2.49
15135 0
15135 0
15135 0
15136 1.08
15136 0
15136 2.92
15136 2.09
15136 2
15136 2.49
15136 0
15136 0
15136 0
15137 1.08
15137 0
15137 2.92
15137 2.09
15137 2
15137 2.49
15137 0
15137 0
15137 0
15168 1.08
15168 0
15168 2.92
15168 2.09
15168 2
15168 2.49
15168 0
15168 0
15168 0
15169 1.08
15169 0
15169 2.92
15169 2.09
15169 2
15169 2.49
15169 0
15169 0
15169 0
15170 1.08
15170 0
15170 2.92
15170 2.09
15170 2
15170 2.49
15170 0
15170 0
15170 0
15171 1.08
15171 0
15171 2.92
15171 2.09
15171 2
15171 2.49
15171 0
15171 0
15171 0
15172 1.08
15172 0
15172 2.92
15172 2.09
15172 2
15172 2.49
15172 0
15172 0
15172 0
15173 1.08
15173 0
15173 2.92
15173 2.09
15173 2
15173 2.49
15173 0
15173 0
15173 0
15174 1.08
15174 0
15174 2.92
15174 2.09
15174 2
15174 2.49
15174 0
15174 0
15174 0
15175 1.08
15175 0
15175 2.92
15175 2.09
15175 2
15175 2.49
15175 0
15175 0
15175 0
15176 1.08
15176 0
15176 2.92
15176 2.09
15176 2
15176 2.49
15176 0
15176 0
15176 0
15177 1.08
15177 0
15177 2.92
15177 2.09
15177 2
15177 2.49
15177 0
15177 0
15177 0
15178 1.08
15178 0
15178 2.92
15178 2.09
15178 2
15178 2.49
15178 0
15178 0
15178 0
15212 1.08
15212 0
15212 2.92
15212 2.09
15212 2
15212 2.49
15212 0
15212 0
15212 0
15214 1.08
15214 0
15214 2.92
15214 2.09
15214 2
15214 2.49
15214 0
15214 0
15214 0
15215 1.08
15215 0
15215 2.92
15215 2.09
15215 2
15215 2.49
15215 0
15215 0
15215 0
15216 1.08
15216 0
15216 2.92
15216 2.09
15216 2
15216 2.49
15216 0
15216 0
15216 0
15217 1.08
15217 0
15217 2.92
15217 2.09
15217 2
15217 2.49
15217 0
15217 0
15217 0
15218 1.08
15218 0
15218 2.92
15218 2.09
15218 2
15218 2.49
15218 0
15218 0
15218 0
15219 1.08
15219 0
15219 2.92
15219 2.09
15219 2
15219 2.49
15219 0
15219 0
15219 0
15220 1.08
15220 0
15220 2.92
15220 2.09
15220 2
15220 2.49
15220 0
15220 0
15220 0
15221 1.08
15221 0
15221 2.92
15221 2.09
15221 2
15221 2.49
15221 0
15221 0
15221 0
15222 1.08
15222 0
15222 2.92
15222 2.09
15222 2
15222 2.49
15222 0
15222 0
15222 0
15260 1.08
15260 0
15260 2.92
15260 2.09
15260 2
15260 2.49
15260 0
15260 0
15260 0
15261 1.08
15261 0
15261 2.92
15261 2.09
15261 2
15261 2.49
15261 0
15261 0
15261 0
15262 1.08
15262 0
15262 2.92
15262 2.09
15262 2
15262 2.49
15262 0
15262 0
15262 0
15263 1.08
15263 0
15263 2.92
15263 2.09
15263 2
15263 2.49
15263 0
15263 0
15263 0
15264 1.08
15264 0
15264 2.92
15264 2.09
15264 2
15264 2.49
15264 0
15264 0
15264 0
15265 1.08
15265 0
15265 2.92
15265 2.09
15265 2
15265 2.49
15265 0
15265 0
15265 0
15266 1.08
15266 0
15266 2.92
15266 2.09
15266 2
15266 2.49
15266 0
15266 0
15266 0
15267 1.08
15267 0
15267 2.92
15267 2.09
15267 2
15267 2.49
15267 0
15267 0
15267 0
15268 1.08
15268 0
15268 2.92
15268 2.09
15268 2
15268 2.49
15268 0
15268 0
15268 0
15269 1.08
15269 0
15269 2.92
15269 2.09
15269 2
15269 2.49
15269 0
15269 0
15269 0
15270 1.08
15270 0
15270 2.92
15270 2.09
15270 2
15270 2.49
15270 0
15270 0
15270 0
15310 1.08
15310 0
15310 2.92
15310 2.09
15310 2
15310 2.49
15310 0
15310 0
15310 0
15311 1.08
15311 0
15311 2.92
15311 2.09
15311 2
15311 2.49
15311 0
15311 0
15311 0
15312 1.08
15312 0
15312 2.92
15312 2.09
15312 2
15312 2.49
15312 0
15312 0
15312 0
15313 1.08
15313 0
15313 2.92
15313 2.09
15313 2
15313 2.49
15313 0
15313 0
15313 0
15314 1.08
15314 0
15314 2.92
15314 2.09
15314 2
15314 2.49
15314 0
15314 0
15314 0
15315 1.08
15315 0
15315 2.92
15315 2.09
15315 2
15315 2.49
15315 0
15315 0
15315 0
15316 1.08
15316 0
15316 2.92
15316 2.09
15316 2
15316 2.49
15316 0
15316 0
15316 0
15317 1.08
15317 0
15317 2.92
15317 2.09
15317 2
15317 2.49
15317 0
15317 0
15317 0
15318 1.08
15318 0
15318 2.92
15318 2.09
15318 2
15318 2.49
15318 0
15318 0
15318 0
15364 1.08
15364 0
15364 2.92
15364 2.09
15364 2
15364 2.49
15364 0
15364 0
15364 0
15365 1.08
15365 0
15365 2.92
15365 2.09
15365 2
15365 2.49
15365 0
15365 0
15365 0
15366 1.08
15366 0
15366 2.92
15366 2.09
15366 2
15366 2.49
15366 0
15366 0
15366 0
15367 1.08
15367 0
15367 2.92
15367 2.09
15367 2
15367 2.49
15367 0
15367 0
15367 0
15368 1.08
15368 0
15368 2.92
15368 2.09
15368 2
15368 2.49
15368 0
15368 0
15368 0
15369 1.08
15369 0
15369 2.92
15369 2.09
15369 2
15369 2.49
15369 0
15369 0
15369 0
15370 1.08
15370 0
15370 2.92
15370 2.09
15370 2
15370 2.49
15370 0
15370 0
15370 0
15371 1.08
15371 0
15371 2.92
15371 2.09
15371 2
15371 2.49
15371 0
15371 0
15371 0
15372 1.08
15372 0
15372 2.92
15372 2.09
15372 2
15372 2.49
15372 0
15372 0
15372 0
15423 1.08
15423 0
15423 2.92
15423 2.09
15423 2
15423 2.49
15423 0
15423 0
15423 0
15424 1.08
15424 0
15424 2.92
15424 2.09
15424 2
15424 2.49
15424 0
15424 0
15424 0
15425 1.08
15425 0
15425 2.92
15425 2.09
15425 2
15425 2.49
15425 0
15425 0
15425 0
15426 1.08
15426 0
15426 2.92
15426 2.09
15426 2
15426 2.49
15426 0
15426 0
15426 0
15427 1.08
15427 0
15427 2.92
15427 2.09
15427 2
15427 2.49
15427 0
15427 0
15427 0
15428 1.08
15428 0
15428 2.92
15428 2.09
15428 2
15428 2.49
15428 0
15428 0
15428 0
15429 1.08
15429 0
15429 2.92
15429 2.09
15429 2
15429 2.49
15429 0
15429 0
15429 0
15430 1.08
15430 0
15430 2.92
15430 2.09
15430 2
15430 2.49
15430 0
15430 0
15430 0
15431 1.08
15431 0
15431 2.92
15431 2.09
15431 2
15431 2.49
15431 0
15431 0
15431 0
15487 1.08
15487 0
15487 2.92
15487 2.09
15487 2
15487 2.49
15487 0
15487 0
15487 0
15488 1.08
15488 0
15488 2.92
15488 2.09
15488 2
15488 2.49
15488 0
15488 0
15488 0
15489 1.08
15489 0
15489 2.92
15489 2.09
15489 2
15489 2.49
15489 0
15489 0
15489 0
15490 1.08
15490 0
15490 2.92
15490 2.09
15490 2
15490 2.49
15490 0
15490 0
15490 0
15491 1.08
15491 0
15491 2.92
15491 2.09
15491 2
15491 2.49
15491 0
15491 0
15491 0
15492 1.08
15492 0
15492 2.92
15492 2.09
15492 2
15492 2.49
15492 0
15492 0
15492 0
15493 1.08
15493 0
15493 2.92
15493 2.09
15493 2
15493 2.49
15493 0
15493 0
15493 0
15494 1.08
15494 0
15494 2.92
15494 2.09
15494 2
15494 2.49
15494 0
15494 0
15494 0
15511 1.08
15511 0
15511 2.92
15511 2.09
15511 2
15511 2.49
15511 0
15511 0
15511 0
15512 1.08
15512 0
15512 2.92
15512 2.09
15512 2
15512 2.49
15512 0
15512 0
15512 0
15552 1.08
15552 0
15552 2.92
15552 2.09
15552 2
15552 2.49
15552 0
15552 0
15552 0
15553 1.08
15553 0
15553 2.92
15553 2.09
15553 2
15553 2.49
15553 0
15553 0
15553 0
15554 1.08
15554 0
15554 2.92
15554 2.09
15554 2
15554 2.49
15554 0
15554 0
15554 0
15555 1.08
15555 0
15555 2.92
15555 2.09
15555 2
15555 2.49
15555 0
15555 0
15555 0
15556 1.08
15556 0
15556 2.92
15556 2.09
15556 2
15556 2.49
15556 0
15556 0
15556 0
15557 1.08
15557 0
15557 2.92
15557 2.09
15557 2
15557 2.49
15557 0
15557 0
15557 0
15558 1.08
15558 0
15558 2.92
15558 2.09
15558 2
15558 2.49
15558 0
15558 0
15558 0
15615 1.08
15615 0
15615 2.92
15615 2.09
15615 2
15615 2.49
15615 0
15615 0
15615 0
15616 1.08
15616 0
15616 2.92
15616 2.09
15616 2
15616 2.49
15616 0
15616 0
15616 0
15617 1.08
15617 0
15617 2.92
15617 2.09
15617 2
15617 2.49
15617 0
15617 0
15617 0
15618 1.08
15618 0
15618 2.92
15618 2.09
15618 2
15618 2.49
15618 0
15618 0
15618 0
15619 1.08
15619 0
15619 2.92
15619 2.09
15619 2
15619 2.49
15619 0
15619 0
15619 0
15620 1.08
15620 0
15620 2.92
15620 2.09
15620 2
15620 2.49
15620 0
15620 0
15620 0
15621 1.08
15621 0
15621 2.92
15621 2.09
15621 2
15621 2.49
15621 0
15621 0
15621 0
15622 1.08
15622 0
15622 2.92
15622 2.09
15622 2
15622 2.49
15622 0
15622 0
15622 0
15682 1.08
15682 0
15682 2.92
15682 2.09
15682 2
15682 2.49
15682 0
15682 0
15682 0
15683 1.08
15683 0
15683 2.92
15683 2.09
15683 2
15683 2.49
15683 0
15683 0
15683 0
15684 1.08
15684 0
15684 2.92
15684 2.09
15684 2
15684 2.49
15684 0
15684 0
15684 0
15685 1.08
15685 0
15685 2.92
15685 2.09
15685 2
15685 2.49
15685 0
15685 0
15685 0
15686 1.08
15686 0
15686 2.92
15686 2.09
15686 2
15686 2.49
15686 0
15686 0
15686 0
15751 1.08
15751 0
15751 2.92
15751 2.09
15751 2
15751 2.49
15751 0
15751 0
15751 0
15752 1.08
15752 0
15752 2.92
15752 2.09
15752 2
15752 2.49
15752 0
15752 0
15752 0
15753 1.08
15753 0
15753 2.92
15753 2.09
15753 2
15753 2.49
15753 0
15753 0
15753 0
15754 1.08
15754 0
15754 2.92
15754 2.09
15754 2
15754 2.49
15754 0
15754 0
15754 0
15814 1.08
15814 0
15814 2.92
15814 2.09
15814 2
15814 2.49
15814 0
15814 0
15814 0
15818 1.08
15818 0
15818 2.92
15818 2.09
15818 2
15818 2.49
15818 0
15818 0
15818 0
15819 1.08
15819 0
15819 2.92
15819 2.09
15819 2
15819 2.49
15819 0
15819 0
15819 0
15820 1.08
15820 0
15820 2.92
15820 2.09
15820 2
15820 2.49
15820 0
15820 0
15820 0
15821 1.08
15821 0
15821 2.92
15821 2.09
15821 2
15821 2.49
15821 0
15821 0
15821 0
15822 1.08
15822 0
15822 2.92
15822 2.09
15822 2
15822 2.49
15822 0
15822 0
15822 0
15878 1.08
15878 0
15878 2.92
15878 2.09
15878 2
15878 2.49
15878 0
15878 0
15878 0
15879 1.08
15879 0
15879 2.92
15879 2.09
15879 2
15879 2.49
15879 0
15879 0
15879 0
15880 1.08
15880 0
15880 2.92
15880 2.09
15880 2
15880 2.49
15880 0
15880 0
15880 0
15881 1.08
15881 0
15881 2.92
15881 2.09
15881 2
15881 2.49
15881 0
15881 0
15881 0
15883 1.08
15883 0
15883 2.92
15883 2.09
15883 2
15883 2.49
15883 0
15883 0
15883 0
15884 1.08
15884 0
15884 2.92
15884 2.09
15884 2
15884 2.49
15884 0
15884 0
15884 0
15885 1.08
15885 0
15885 2.92
15885 2.09
15885 2
15885 2.49
15885 0
15885 0
15885 0
15886 1.08
15886 0
15886 2.92
15886 2.09
15886 2
15886 2.49
15886 0
15886 0
15886 0
15887 1.08
15887 0
15887 2.92
15887 2.09
15887 2
15887 2.49
15887 0
15887 0
15887 0
15942 1.08
15942 0
15942 2.92
15942 2.09
15942 2
15942 2.49
15942 0
15942 0
15942 0
15946 1.08
15946 0
15946 2.92
15946 2.09
15946 2
15946 2.49
15946 0
15946 0
15946 0
15947 1.08
15947 0
15947 2.92
15947 2.09
15947 2
15947 2.49
15947 0
15947 0
15947 0
15948 1.08
15948 0
15948 2.92
15948 2.09
15948 2
15948 2.49
15948 0
15948 0
15948 0
15949 1.08
15949 0
15949 2.92
15949 2.09
15949 2
15949 2.49
15949 0
15949 0
15949 0
15950 1.08
15950 0
15950 2.92
15950 2.09
15950 2
15950 2.49
15950 0
15950 0
15950 0
15951 1.08
15951 0
15951 2.92
15951 2.09
15951 2
15951 2.49
15951 0
15951 0
15951 0
15998 1.08
15998 0
15998 2.92
15998 2.09
15998 2
15998 2.49
15998 0
15998 0
15998 0
15999 1.08
15999 0
15999 2.92
15999 2.09
15999 2
15999 2.49
15999 0
15999 0
15999 0
16001 1.08
16001 0
16001 2.92
16001 2.09
16001 2
16001 2.49
16001 0
16001 0
16001 0
16002 1.08
16002 0
16002 2.92
16002 2.09
16002 2
16002 2.49
16002 0
16002 0
16002 0
16003 1.08
16003 0
16003 2.92
16003 2.09
16003 2
16003 2.49
16003 0
16003 0
16003 0
16004 1.08
16004 0
16004 2.92
16004 2.09
16004 2
16004 2.49
16004 0
16004 0
16004 0
16005 1.08
16005 0
16005 2.92
16005 2.09
16005 2
16005 2.49
16005 0
16005 0
16005 0
16006 1.08
16006 0
16006 2.92
16006 2.09
16006 2
16006 2.49
16006 0
16006 0
16006 0
16007 1.08
16007 0
16007 2.92
16007 2.09
16007 2
16007 2.49
16007 0
16007 0
16007 0
16033 1.08
16033 0
16033 2.92
16033 2.09
16033 2
16033 2.49
16033 0
16033 0
16033 0
16038 1.08
16038 0
16038 2.92
16038 2.09
16038 2
16038 2.49
16038 0
16038 0
16038 0
16049 1.08
16049 0
16049 2.92
16049 2.09
16049 2
16049 2.49
16049 0
16049 0
16049 0
16051 1.08
16051 0
16051 2.92
16051 2.09
16051 2
16051 2.49
16051 0
16051 0
16051 0
16052 1.08
16052 0
16052 2.92
16052 2.09
16052 2
16052 2.49
16052 0
16052 0
16052 0
16054 1.08
16054 0
16054 2.92
16054 2.09
16054 2
16054 2.49
16054 0
16054 0
16054 0
16055 1.08
16055 0
16055 2.92
16055 2.09
16055 2
16055 2.49
16055 0
16055 0
16055 0
16056 1.08
16056 0
16056 2.92
16056 2.09
16056 2
16056 2.49
16056 0
16056 0
16056 0
16057 1.08
16057 0
16057 2.92
16057 2.09
16057 2
16057 2.49
16057 0
16057 0
16057 0
16058 1.08
16058 0
16058 2.92
16058 2.09
16058 2
16058 2.49
16058 0
16058 0
16058 0
16059 1.08
16059 0
16059 2.92
16059 2.09
16059 2
16059 2.49
16059 0
16059 0
16059 0
16085 1.08
16085 0
16085 2.92
16085 2.09
16085 2
16085 2.49
16085 0
16085 0
16085 0
16086 1.08
16086 0
16086 2.92
16086 2.09
16086 2
16086 2.49
16086 0
16086 0
16086 0
16087 1.08
16087 0
16087 2.92
16087 2.09
16087 2
16087 2.49
16087 0
16087 0
16087 0
16089 1.08
16089 0
16089 2.92
16089 2.09
16089 2
16089 2.49
16089 0
16089 0
16089 0
16103 1.08
16103 0
16103 2.92
16103 2.09
16103 2
16103 2.49
16103 0
16103 0
16103 0
16104 1.08
16104 0
16104 2.92
16104 2.09
16104 2
16104 2.49
16104 0
16104 0
16104 0
16105 1.08
16105 0
16105 2.92
16105 2.09
16105 2
16105 2.49
16105 0
16105 0
16105 0
16106 1.08
16106 0
16106 2.92
16106 2.09
16106 2
16106 2.49
16106 0
16106 0
16106 0
16107 1.08
16107 0
16107 2.92
16107 2.09
16107 2
16107 2.49
16107 0
16107 0
16107 0
16133 1.08
16133 0
16133 2.92
16133 2.09
16133 2
16133 2.49
16133 0
16133 0
16133 0
16134 1.08
16134 0
16134 2.92
16134 2.09
16134 2
16134 2.49
16134 0
16134 0
16134 0
16135 1.08
16135 0
16135 2.92
16135 2.09
16135 2
16135 2.49
16135 0
16135 0
16135 0
16137 1.08
16137 0
16137 2.92
16137 2.09
16137 2
16137 2.49
16137 0
16137 0
16137 0
16147 1.08
16147 0
16147 2.92
16147 2.09
16147 2
16147 2.49
16147 0
16147 0
16147 0
16150 1.08
16150 0
16150 2.92
16150 2.09
16150 2
16150 2.49
16150 0
16150 0
16150 0
16152 1.08
16152 0
16152 2.92
16152 2.09
16152 2
16152 2.49
16152 0
16152 0
16152 0
16153 1.08
16153 0
16153 2.92
16153 2.09
16153 2
16153 2.49
16153 0
16153 0
16153 0
16154 1.08
16154 0
16154 2.92
16154 2.09
16154 2
16154 2.49
16154 0
16154 0
16154 0
16155 1.08
16155 0
16155 2.92
16155 2.09
16155 2
16155 2.49
16155 0
16155 0
16155 0
16182 1.08
16182 0
16182 2.92
16182 2.09
16182 2
16182 2.49
16182 0
16182 0
16182 0
16186 1.08
16186 0
16186 2.92
16186 2.09
16186 2
16186 2.49
16186 0
16186 0
16186 0
16198 1.08
16198 0
16198 2.92
16198 2.09
16198 2
16198 2.49
16198 0
16198 0
16198 0
16199 1.08
16199 0
16199 2.92
16199 2.09
16199 2
16199 2.49
16199 0
16199 0
16199 0
16200 1.08
16200 0
16200 2.92
16200 2.09
16200 2
16200 2.49
16200 0
16200 0
16200 0
16201 1.08
16201 0
16201 2.92
16201 2.09
16201 2
16201 2.49
16201 0
16201 0
16201 0
16202 1.08
16202 0
16202 2.92
16202 2.09
16202 2
16202 2.49
16202 0
16202 0
16202 0
16227 1.08
16227 0
16227 2.92
16227 2.09
16227 2
16227 2.49
16227 0
16227 0
16227 0
16228 1.08
16228 0
16228 2.92
16228 2.09
16228 2
16228 2.49
16228 0
16228 0
16228 0
16230 1.08
16230 0
16230 2.92
16230 2.09
16230 2
16230 2.49
16230 0
16230 0
16230 0
16231 1.08
16231 0
16231 2.92
16231 2.09
16231 2
16231 2.49
16231 0
16231 0
16231 0
16240 1.08
16240 0
16240 2.92
16240 2.09
16240 2
16240 2.49
16240 0
16240 0
16240 0
16241 1.08
16241 0
16241 2.92
16241 2.09
16241 2
16241 2.49
16241 0
16241 0
16241 0
16244 1.08
16244 0
16244 2.92
16244 2.09
16244 2
16244 2.49
16244 0
16244 0
16244 0
16245 1.08
16245 0
16245 2.92
16245 2.09
16245 2
16245 2.49
16245 0
16245 0
16245 0
16246 1.08
16246 0
16246 2.92
16246 2.09
16246 2
16246 2.49
16246 0
16246 0
16246 0
16247 1.08
16247 0
16247 2.92
16247 2.09
16247 2
16247 2.49
16247 0
16247 0
16247 0
16248 1.08
16248 0
16248 2.92
16248 2.09
16248 2
16248 2.49
16248 0
16248 0
16248 0
16273 1.08
16273 0
16273 2.92
16273 2.09
16273 2
16273 2.49
16273 0
16273 0
16273 0
16276 1.08
16276 0
16276 2.92
16276 2.09
16276 2
16276 2.49
16276 0
16276 0
16276 0
16278 1.08
16278 0
16278 2.92
16278 2.09
16278 2
16278 2.49
16278 0
16278 0
16278 0
16279 1.08
16279 0
16279 2.92
16279 2.09
16279 2
16279 2.49
16279 0
16279 0
16279 0
16282 1.08
16282 0
16282 2.92
16282 2.09
16282 2
16282 2.49
16282 0
16282 0
16282 0
16288 1.08
16288 0
16288 2.92
16288 2.09
16288 2
16288 2.49
16288 0
16288 0
16288 0
16289 1.08
16289 0
16289 2.92
16289 2.09
16289 2
16289 2.49
16289 0
16289 0
16289 0
16290 1.08
16290 0
16290 2.92
16290 2.09
16290 2
16290 2.49
16290 0
16290 0
16290 0
16291 1.08
16291 0
16291 2.92
16291 2.09
16291 2
16291 2.49
16291 0
16291 0
16291 0
16292 1.08
16292 0
16292 2.92
16292 2.09
16292 2
16292 2.49
16292 0
16292 0
16292 0
16293 1.08
16293 0
16293 2.92
16293 2.09
16293 2
16293 2.49
16293 0
16293 0
16293 0
16294 1.08
16294 0
16294 2.92
16294 2.09
16294 2
16294 2.49
16294 0
16294 0
16294 0
16320 1.08
16320 0
16320 2.92
16320 2.09
16320 2
16320 2.49
16320 0
16320 0
16320 0
16322 1.08
16322 0
16322 2.92
16322 2.09
16322 2
16322 2.49
16322 0
16322 0
16322 0
16323 1.08
16323 0
16323 2.92
16323 2.09
16323 2
16323 2.49
16323 0
16323 0
16323 0
16334 1.08
16334 0
16334 2.92
16334 2.09
16334 2
16334 2.49
16334 0
16334 0
16334 0
16336 1.08
16336 0
16336 2.92
16336 2.09
16336 2
16336 2.49
16336 0
16336 0
16336 0
16337 1.08
16337 0
16337 2.92
16337 2.09
16337 2
16337 2.49
16337 0
16337 0
16337 0
16338 1.08
16338 0
16338 2.92
16338 2.09
16338 2
16338 2.49
16338 0
16338 0
16338 0
16339 1.08
16339 0
16339 2.92
16339 2.09
16339 2
16339 2.49
16339 0
16339 0
16339 0
16340 1.08
16340 0
16340 2.92
16340 2.09
16340 2
16340 2.49
16340 0
16340 0
16340 0
16341 1.08
16341 0
16341 2.92
16341 2.09
16341 2
16341 2.49
16341 0
16341 0
16341 0
16366 1.08
16366 0
16366 2.92
16366 2.09
16366 2
16366 2.49
16366 0
16366 0
16366 0
16367 1.08
16367 0
16367 2.92
16367 2.09
16367 2
16367 2.49
16367 0
16367 0
16367 0
16368 1.08
16368 0
16368 2.92
16368 2.09
16368 2
16368 2.49
16368 0
16368 0
16368 0
16373 1.08
16373 0
16373 2.92
16373 2.09
16373 2
16373 2.49
16373 0
16373 0
16373 0
16380 1.08
16380 0
16380 2.92
16380 2.09
16380 2
16380 2.49
16380 0
16380 0
16380 0
16381 1.08
16381 0
16381 2.92
16381 2.09
16381 2
16381 2.49
16381 0
16381 0
16381 0
16382 1.08
16382 0
16382 2.92
16382 2.09
16382 2
16382 2.49
16382 0
16382 0
16382 0
16383 1.08
16383 0
16383 2.92
16383 2.09
16383 2
16383 2.49
16383 0
16383 0
16383 0
16384 1.08
16384 0
16384 2.92
16384 2.09
16384 2
16384 2.49
16384 0
16384 0
16384 0
16411 1.08
16411 0
16411 2.92
16411 2.09
16411 2
16411 2.49
16411 0
16411 0
16411 0
16415 1.08
16415 0
16415 2.92
16415 2.09
16415 2
16415 2.49
16415 0
16415 0
16415 0
16416 1.08
16416 0
16416 2.92
16416 2.09
16416 2
16416 2.49
16416 0
16416 0
16416 0
16423 1.08
16423 0
16423 2.92
16423 2.09
16423 2
16423 2.49
16423 0
16423 0
16423 0
16424 1.08
16424 0
16424 2.92
16424 2.09
16424 2
16424 2.49
16424 0
16424 0
16424 0
16425 1.08
16425 0
16425 2.92
16425 2.09
16425 2
16425 2.49
16425 0
16425 0
16425 0
16426 1.08
16426 0
16426 2.92
16426 2.09
16426 2
16426 2.49
16426 0
16426 0
16426 0
16454 1.08
16454 0
16454 2.92
16454 2.09
16454 2
16454 2.49
16454 0
16454 0
16454 0
16456 1.08
16456 0
16456 2.92
16456 2.09
16456 2
16456 2.49
16456 0
16456 0
16456 0
16464 1.08
16464 0
16464 2.92
16464 2.09
16464 2
16464 2.49
16464 0
16464 0
16464 0
16465 1.08
16465 0
16465 2.92
16465 2.09
16465 2
16465 2.49
16465 0
16465 0
16465 0
16466 1.08
16466 0
16466 2.92
16466 2.09
16466 2
16466 2.49
16466 0
16466 0
16466 0
16467 1.08
16467 0
16467 2.92
16467 2.09
16467 2
16467 2.49
16467 0
16467 0
16467 0
16469 1.08
16469 0
16469 2.92
16469 2.09
16469 2
16469 2.49
16469 0
16469 0
16469 0
16470 1.08
16470 0
16470 2.92
16470 2.09
16470 2
16470 2.49
16470 0
16470 0
16470 0
16501 1.08
16501 0
16501 2.92
16501 2.09
16501 2
16501 2.49
16501 0
16501 0
16501 0
16502 1.08
16502 0
16502 2.92
16502 2.09
16502 2
16502 2.49
16502 0
16502 0
16502 0
16504 1.08
16504 0
16504 2.92
16504 2.09
16504 2
16504 2.49
16504 0
16504 0
16504 0
16505 1.08
16505 0
16505 2.92
16505 2.09
16505 2
16505 2.49
16505 0
16505 0
16505 0
16507 1.08
16507 0
16507 2.92
16507 2.09
16507 2
16507 2.49
16507 0
16507 0
16507 0
16513 1.08
16513 0
16513 2.92
16513 2.09
16513 2
16513 2.49
16513 0
16513 0
16513 0
16514 1.08
16514 0
16514 2.92
16514 2.09
16514 2
16514 2.49
16514 0
16514 0
16514 0
16515 1.08
16515 0
16515 2.92
16515 2.09
16515 2
16515 2.49
16515 0
16515 0
16515 0
16546 1.08
16546 0
16546 2.92
16546 2.09
16546 2
16546 2.49
16546 0
16546 0
16546 0
16547 1.08
16547 0
16547 2.92
16547 2.09
16547 2
16547 2.49
16547 0
16547 0
16547 0
16553 1.08
16553 0
16553 2.92
16553 2.09
16553 2
16553 2.49
16553 0
16553 0
16553 0
16555 1.08
16555 0
16555 2.92
16555 2.09
16555 2
16555 2.49
16555 0
16555 0
16555 0
16556 1.08
16556 0
16556 2.92
16556 2.09
16556 2
16556 2.49
16556 0
16556 0
16556 0
16557 1.08
16557 0
16557 2.92
16557 2.09
16557 2
16557 2.49
16557 0
16557 0
16557 0
16558 1.08
16558 0
16558 2.92
16558 2.09
16558 2
16558 2.49
16558 0
16558 0
16558 0
16593 1.08
16593 0
16593 2.92
16593 2.09
16593 2
16593 2.49
16593 0
16593 0
16593 0
16594 1.08
16594 0
16594 2.92
16594 2.09
16594 2
16594 2.49
16594 0
16594 0
16594 0
16595 1.08
16595 0
16595 2.92
16595 2.09
16595 2
16595 2.49
16595 0
16595 0
16595 0
16596 1.08
16596 0
16596 2.92
16596 2.09
16596 2
16596 2.49
16596 0
16596 0
16596 0
16597 1.08
16597 0
16597 2.92
16597 2.09
16597 2
16597 2.49
16597 0
16597 0
16597 0
16598 1.08
16598 0
16598 2.92
16598 2.09
16598 2
16598 2.49
16598 0
16598 0
16598 0
16599 1.08
16599 0
16599 2.92
16599 2.09
16599 2
16599 2.49
16599 0
16599 0
16599 0
16600 1.08
16600 0
16600 2.92
16600 2.09
16600 2
16600 2.49
16600 0
16600 0
16600 0
16601 1.08
16601 0
16601 2.92
16601 2.09
16601 2
16601 2.49
16601 0
16601 0
16601 0
16639 1.08
16639 0
16639 2.92
16639 2.09
16639 2
16639 2.49
16639 0
16639 0
16639 0
16640 1.08
16640 0
16640 2.92
16640 2.09
16640 2
16640 2.49
16640 0
16640 0
16640 0
16642 1.08
16642 0
16642 2.92
16642 2.09
16642 2
16642 2.49
16642 0
16642 0
16642 0
16644 1.08
16644 0
16644 2.92
16644 2.09
16644 2
16644 2.49
16644 0
16644 0
16644 0
16645 1.08
16645 0
16645 2.92
16645 2.09
16645 2
16645 2.49
16645 0
16645 0
16645 0
16687 1.08
16687 0
16687 2.92
16687 2.09
16687 2
16687 2.49
16687 0
16687 0
16687 0
16689 1.08
16689 0
16689 2.92
16689 2.09
16689 2
16689 2.49
16689 0
16689 0
16689 0
16732 1.08
16732 0
16732 2.92
16732 2.09
16732 2
16732 2.49
16732 0
16732 0
16732 0
16733 1.08
16733 0
16733 2.92
16733 2.09
16733 2
16733 2.49
16733 0
16733 0
16733 0
16734 1.08
16734 0
16734 2.92
16734 2.09
16734 2
16734 2.49
16734 0
16734 0
16734 0
16782 1.08
16782 0
16782 2.92
16782 2.09
16782 2
16782 2.49
16782 0
16782 0
16782 0
