pt_graph scale
13317 1
13317 0
13317 2
13317 3.5
13317 2
13317 2
13317 0
13317 0
13317 0
13318 1
13318 0
13318 2
13318 3.5
13318 2
13318 2
13318 0
13318 0
13318 0
13319 1
13319 0
13319 2
13319 3.5
13319 2
13319 2
13319 0
13319 0
13319 0
13321 1
13321 0
13321 2
13321 3.5
13321 2
13321 2
13321 0
13321 0
13321 0
13322 1
13322 0
13322 2
13322 3.5
13322 2
13322 2
13322 0
13322 0
13322 0
13401 1
13401 0
13401 2
13401 3.5
13401 2
13401 2
13401 0
13401 0
13401 0
13402 1
13402 0
13402 2
13402 3.5
13402 2
13402 2
13402 0
13402 0
13402 0
13403 1
13403 0
13403 2
13403 3.5
13403 2
13403 2
13403 0
13403 0
13403 0
13404 1
13404 0
13404 2
13404 3.5
13404 2
13404 2
13404 0
13404 0
13404 0
13406 1
13406 0
13406 2
13406 3.5
13406 2
13406 2
13406 0
13406 0
13406 0
13462 1
13462 0
13462 2
13462 3.5
13462 2
13462 2
13462 0
13462 0
13462 0
13481 1
13481 0
13481 2
13481 3.5
13481 2
13481 2
13481 0
13481 0
13481 0
13483 1
13483 0
13483 2
13483 3.5
13483 2
13483 2
13483 0
13483 0
13483 0
13484 1
13484 0
13484 2
13484 3.5
13484 2
13484 2
13484 0
13484 0
13484 0
13485 1
13485 0
13485 2
13485 3.5
13485 2
13485 2
13485 0
13485 0
13485 0
13486 1
13486 0
13486 2
13486 3.5
13486 2
13486 2
13486 0
13486 0
13486 0
13553 1
13553 0
13553 2
13553 3.5
13553 2
13553 2
13553 0
13553 0
13553 0
13554 1
13554 0
13554 2
13554 3.5
13554 2
13554 2
13554 0
13554 0
13554 0
13555 1
13555 0
13555 2
13555 3.5
13555 2
13555 2
13555 0
13555 0
13555 0
13614 1
13614 0
13614 2
13614 3.5
13614 2
13614 2
13614 0
13614 0
13614 0
13615 1
13615 0
13615 2
13615 3.5
13615 2
13615 2
13615 0
13615 0
13615 0
13616 1
13616 0
13616 2
13616 3.5
13616 2
13616 2
13616 0
13616 0
13616 0
13617 1
13617 0
13617 2
13617 3.5
13617 2
13617 2
13617 0
13617 0
13617 0
13618 1
13618 0
13618 2
13618 3.5
13618 2
13618 2
13618 0
13618 0
13618 0
13663 1
13663 0
13663 2
13663 3.5
13663 2
13663 2
13663 0
13663 0
13663 0
13671 1
13671 0
13671 2
13671 3.5
13671 2
13671 2
13671 0
13671 0
13671 0
13672 1
13672 0
13672 2
13672 3.5
13672 2
13672 2
13672 0
13672 0
13672 0
13673 1
13673 0
13673 2
13673 3.5
13673 2
13673 2
13673 0
13673 0
13673 0
13675 1
13675 0
13675 2
13675 3.5
13675 2
13675 2
13675 0
13675 0
13675 0
13726 1
13726 0
13726 2
13726 3.5
13726 2
13726 2
13726 0
13726 0
13726 0
13727 1
13727 0
13727 2
13727 3.5
13727 2
13727 2
13727 0
13727 0
13727 0
13773 1
13773 0
13773 2
13773 3.5
13773 2
13773 2
13773 0
13773 0
13773 0
13780 1
13780 0
13780 2
13780 3.5
13780 2
13780 2
13780 0
13780 0
13780 0
13781 1
13781 0
13781 2
13781 3.5
13781 2
13781 2
13781 0
13781 0
13781 0
13782 1
13782 0
13782 2
13782 3.5
13782 2
13782 2
13782 0
13782 0
13782 0
13783 1
13783 0
13783 2
13783 3.5
13783 2
13783 2
13783 0
13783 0
13783 0
13834 1
13834 0
13834 2
13834 3.5
13834 2
13834 2
13834 0
13834 0
13834 0
13922 1
13922 0
13922 2
13922 3.5
13922 2
13922 2
13922 0
13922 0
13922 0
13943 1
13943 0
13943 2
13943 3.5
13943 2
13943 2
13943 0
13943 0
13943 0
13944 1
13944 0
13944 2
13944 3.5
13944 2
13944 2
13944 0
13944 0
13944 0
13949 1
13949 0
13949 2
13949 3.5
13949 2
13949 2
13949 0
13949 0
13949 0
13952 1
13952 0
13952 2
13952 3.5
13952 2
13952 2
13952 0
13952 0
13952 0
13979 1
13979 0
13979 2
13979 3.5
13979 2
13979 2
13979 0
13979 0
13979 0
13999 1
13999 0
13999 2
13999 3.5
13999 2
13999 2
13999 0
13999 0
13999 0
14000 1
14000 0
14000 2
14000 3.5
14000 2
14000 2
14000 0
14000 0
14000 0
14001 1
14001 0
14001 2
14001 3.5
14001 2
14001 2
14001 0
14001 0
14001 0
14004 1
14004 0
14004 2
14004 3.5
14004 2
14004 2
14004 0
14004 0
14004 0
14005 1
14005 0
14005 2
14005 3.5
14005 2
14005 2
14005 0
14005 0
14005 0
14034 1
14034 0
14034 2
14034 3.5
14034 2
14034 2
14034 0
14034 0
14034 0
14055 1
14055 0
14055 2
14055 3.5
14055 2
14055 2
14055 0
14055 0
14055 0
14062 1
14062 0
14062 2
14062 3.5
14062 2
14062 2
14062 0
14062 0
14062 0
14064 1
14064 0
14064 2
14064 3.5
14064 2
14064 2
14064 0
14064 0
14064 0
14111 1
14111 0
14111 2
14111 3.5
14111 2
14111 2
14111 0
14111 0
14111 0
14114 1
14114 0
14114 2
14114 3.5
14114 2
14114 2
14114 0
14114 0
14114 0
14143 1
14143 0
14143 2
14143 3.5
14143 2
14143 2
14143 0
14143 0
14143 0
14164 1
14164 0
14164 2
14164 3.5
14164 2
14164 2
14164 0
14164 0
14164 0
14168 1
14168 0
14168 2
14168 3.5
14168 2
14168 2
14168 0
14168 0
14168 0
14194 1
14194 0
14194 2
14194 3.5
14194 2
14194 2
14194 0
14194 0
14194 0
14212 1
14212 0
14212 2
14212 3.5
14212 2
14212 2
14212 0
14212 0
14212 0
14213 1
14213 0
14213 2
14213 3.5
14213 2
14213 2
14213 0
14213 0
14213 0
14217 1
14217 0
14217 2
14217 3.5
14217 2
14217 2
14217 0
14217 0
14217 0
14240 1
14240 0
14240 2
14240 3.5
14240 2
14240 2
14240 0
14240 0
14240 0
14255 1
14255 0
14255 2
14255 3.5
14255 2
14255 2
14255 0
14255 0
14255 0
14259 1
14259 0
14259 2
14259 3.5
14259 2
14259 2
14259 0
14259 0
14259 0
14260 1
14260 0
14260 2
14260 3.5
14260 2
14260 2
14260 0
14260 0
14260 0
14263 1
14263 0
14263 2
14263 3.5
14263 2
14263 2
14263 0
14263 0
14263 0
14264 1
14264 0
14264 2
14264 3.5
14264 2
14264 2
14264 0
14264 0
14264 0
14302 1
14302 0
14302 2
14302 3.5
14302 2
14302 2
14302 0
14302 0
14302 0
14303 1
14303 0
14303 2
14303 3.5
14303 2
14303 2
14303 0
14303 0
14303 0
14307 1
14307 0
14307 2
14307 3.5
14307 2
14307 2
14307 0
14307 0
14307 0
14310 1
14310 0
14310 2
14310 3.5
14310 2
14310 2
14310 0
14310 0
14310 0
14311 1
14311 0
14311 2
14311 3.5
14311 2
14311 2
14311 0
14311 0
14311 0
14345 1
14345 0
14345 2
14345 3.5
14345 2
14345 2
14345 0
14345 0
14345 0
14351 1
14351 0
14351 2
14351 3.5
14351 2
14351 2
14351 0
14351 0
14351 0
14352 1
14352 0
14352 2
14352 3.5
14352 2
14352 2
14352 0
14352 0
14352 0
14354 1
14354 0
14354 2
14354 3.5
14354 2
14354 2
14354 0
14354 0
14354 0
14355 1
14355 0
14355 2
14355 3.5
14355 2
14355 2
14355 0
14355 0
14355 0
14395 1
14395 0
14395 2
14395 3.5
14395 2
14395 2
14395 0
14395 0
14395 0
14396 1
14396 0
14396 2
14396 3.5
14396 2
14396 2
14396 0
14396 0
14396 0
14397 1
14397 0
14397 2
14397 3.5
14397 2
14397 2
14397 0
14397 0
14397 0
14428 1
14428 0
14428 2
14428 3.5
14428 2
14428 2
14428 0
14428 0
14428 0
14429 1
14429 0
14429 2
14429 3.5
14429 2
14429 2
14429 0
14429 0
14429 0
14431 1
14431 0
14431 2
14431 3.5
14431 2
14431 2
14431 0
14431 0
14431 0
14435 1
14435 0
14435 2
14435 3.5
14435 2
14435 2
14435 0
14435 0
14435 0
14437 1
14437 0
14437 2
14437 3.5
14437 2
14437 2
14437 0
14437 0
14437 0
14438 1
14438 0
14438 2
14438 3.5
14438 2
14438 2
14438 0
14438 0
14438 0
14464 1
14464 0
14464 2
14464 3.5
14464 2
14464 2
14464 0
14464 0
14464 0
14466 1
14466 0
14466 2
14466 3.5
14466 2
14466 2
14466 0
14466 0
14466 0
14467 1
14467 0
14467 2
14467 3.5
14467 2
14467 2
14467 0
14467 0
14467 0
14468 1
14468 0
14468 2
14468 3.5
14468 2
14468 2
14468 0
14468 0
14468 0
14471 1
14471 0
14471 2
14471 3.5
14471 2
14471 2
14471 0
14471 0
14471 0
14472 1
14472 0
14472 2
14472 3.5
14472 2
14472 2
14472 0
14472 0
14472 0
14473 1
14473 0
14473 2
14473 3.5
14473 2
14473 2
14473 0
14473 0
14473 0
14474 1
14474 0
14474 2
14474 3.5
14474 2
14474 2
14474 0
14474 0
14474 0
14501 1
14501 0
14501 2
14501 3.5
14501 2
14501 2
14501 0
14501 0
14501 0
14507 1
14507 0
14507 2
14507 3.5
14507 2
14507 2
14507 0
14507 0
14507 0
14536 1
14536 0
14536 2
14536 3.5
14536 2
14536 2
14536 0
14536 0
14536 0
14564 1
14564 0
14564 2
14564 3.5
14564 2
14564 2
14564 0
14564 0
14564 0
14565 1
14565 0
14565 2
14565 3.5
14565 2
14565 2
14565 0
14565 0
14565 0
14598 1
14598 0
14598 2
14598 3.5
14598 2
14598 2
14598 0
14598 0
14598 0
14603 1
14603 0
14603 2
14603 3.5
14603 2
14603 2
14603 0
14603 0
14603 0
14604 1
14604 0
14604 2
14604 3.5
14604 2
14604 2
14604 0
14604 0
14604 0
14606 1
14606 0
14606 2
14606 3.5
14606 2
14606 2
14606 0
14606 0
14606 0
14607 1
14607 0
14607 2
14607 3.5
14607 2
14607 2
14607 0
14607 0
14607 0
14608 1
14608 0
14608 2
14608 3.5
14608 2
14608 2
14608 0
14608 0
14608 0
14632 1
14632 0
14632 2
14632 3.5
14632 2
14632 2
14632 0
14632 0
14632 0
14633 1
14633 0
14633 2
14633 3.5
14633 2
14633 2
14633 0
14633 0
14633 0
14639 1
14639 0
14639 2
14639 3.5
14639 2
14639 2
14639 0
14639 0
14639 0
14664 1
14664 0
14664 2
14664 3.5
14664 2
14664 2
14664 0
14664 0
14664 0
14665 1
14665 0
14665 2
14665 3.5
14665 2
14665 2
14665 0
14665 0
14665 0
14666 1
14666 0
14666 2
14666 3.5
14666 2
14666 2
14666 0
14666 0
14666 0
14667 1
14667 0
14667 2
14667 3.5
14667 2
14667 2
14667 0
14667 0
14667 0
14669 1
14669 0
14669 2
14669 3.5
14669 2
14669 2
14669 0
14669 0
14669 0
14671 1
14671 0
14671 2
14671 3.5
14671 2
14671 2
14671 0
14671 0
14671 0
14672 1
14672 0
14672 2
14672 3.5
14672 2
14672 2
14672 0
14672 0
14672 0
14698 1
14698 0
14698 2
14698 3.5
14698 2
14698 2
14698 0
14698 0
14698 0
14699 1
14699 0
14699 2
14699 3.5
14699 2
14699 2
14699 0
14699 0
14699 0
14700 1
14700 0
14700 2
14700 3.5
14700 2
14700 2
14700 0
14700 0
14700 0
14701 1
14701 0
14701 2
14701 3.5
14701 2
14701 2
14701 0
14701 0
14701 0
14702 1
14702 0
14702 2
14702 3.5
14702 2
14702 2
14702 0
14702 0
14702 0
14704 1
14704 0
14704 2
14704 3.5
14704 2
14704 2
14704 0
14704 0
14704 0
14705 1
14705 0
14705 2
14705 3.5
14705 2
14705 2
14705 0
14705 0
14705 0
14706 1
14706 0
14706 2
14706 3.5
14706 2
14706 2
14706 0
14706 0
14706 0
14732 1
14732 0
14732 2
14732 3.5
14732 2
14732 2
14732 0
14732 0
14732 0
14733 1
14733 0
14733 2
14733 3.5
14733 2
14733 2
14733 0
14733 0
14733 0
14734 1
14734 0
14734 2
14734 3.5
14734 2
14734 2
14734 0
14734 0
14734 0
14736 1
14736 0
14736 2
14736 3.5
14736 2
14736 2
14736 0
14736 0
14736 0
14737 1
14737 0
14737 2
14737 3.5
14737 2
14737 2
14737 0
14737 0
14737 0
14738 1
14738 0
14738 2
14738 3.5
14738 2
14738 2
14738 0
14738 0
14738 0
14762 1
14762 0
14762 2
14762 3.5
14762 2
14762 2
14762 0
14762 0
14762 0
14763 1
14763 0
14763 2
14763 3.5
14763 2
14763 2
14763 0
14763 0
14763 0
14764 1
14764 0
14764 2
14764 3.5
14764 2
14764 2
14764 0
14764 0
14764 0
14765 1
14765 0
14765 2
14765 3.5
14765 2
14765 2
14765 0
14765 0
14765 0
14766 1
14766 0
14766 2
14766 3.5
14766 2
14766 2
14766 0
14766 0
14766 0
14767 1
14767 0
14767 2
14767 3.5
14767 2
14767 2
14767 0
14767 0
14767 0
14768 1
14768 0
14768 2
14768 3.5
14768 2
14768 2
14768 0
14768 0
14768 0
14769 1
14769 0
14769 2
14769 3.5
14769 2
14769 2
14769 0
14769 0
14769 0
14794 1
14794 0
14794 2
14794 3.5
14794 2
14794 2
14794 0
14794 0
14794 0
14795 1
14795 0
14795 2
14795 3.5
14795 2
14795 2
14795 0
14795 0
14795 0
14796 1
14796 0
14796 2
14796 3.5
14796 2
14796 2
14796 0
14796 0
14796 0
14798 1
14798 0
14798 2
14798 3.5
14798 2
14798 2
14798 0
14798 0
14798 0
14799 1
14799 0
14799 2
14799 3.5
14799 2
14799 2
14799 0
14799 0
14799 0
14800 1
14800 0
14800 2
14800 3.5
14800 2
14800 2
14800 0
14800 0
14800 0
14801 1
14801 0
14801 2
14801 3.5
14801 2
14801 2
14801 0
14801 0
14801 0
14826 1
14826 0
14826 2
14826 3.5
14826 2
14826 2
14826 0
14826 0
14826 0
14827 1
14827 0
14827 2
14827 3.5
14827 2
14827 2
14827 0
14827 0
14827 0
14829 1
14829 0
14829 2
14829 3.5
14829 2
14829 2
14829 0
14829 0
14829 0
14830 1
14830 0
14830 2
14830 3.5
14830 2
14830 2
14830 0
14830 0
14830 0
14831 1
14831 0
14831 2
14831 3.5
14831 2
14831 2
14831 0
14831 0
14831 0
14860 1
14860 0
14860 2
14860 3.5
14860 2
14860 2
14860 0
14860 0
14860 0
14890 1
14890 0
14890 2
14890 3.5
14890 2
14890 2
14890 0
14890 0
14890 0
14918 1
14918 0
14918 2
14918 3.5
14918 2
14918 2
14918 0
14918 0
14918 0
16182 1
16182 0
16182 2
16182 3.5
16182 2
16182 2
16182 0
16182 0
16182 0
16228 1
16228 0
16228 2
16228 3.5
16228 2
16228 2
16228 0
16228 0
16228 0
16229 1
16229 0
16229 2
16229 3.5
16229 2
16229 2
16229 0
16229 0
16229 0
16230 1
16230 0
16230 2
16230 3.5
16230 2
16230 2
16230 0
16230 0
16230 0
16322 1
16322 0
16322 2
16322 3.5
16322 2
16322 2
16322 0
16322 0
16322 0
16410 1
16410 0
16410 2
16410 3.5
16410 2
16410 2
16410 0
16410 0
16410 0
16450 1
16450 0
16450 2
16450 3.5
16450 2
16450 2
16450 0
16450 0
16450 0
16451 1
16451 0
16451 2
16451 3.5
16451 2
16451 2
16451 0
16451 0
16451 0
16454 1
16454 0
16454 2
16454 3.5
16454 2
16454 2
16454 0
16454 0
16454 0
16497 1
16497 0
16497 2
16497 3.5
16497 2
16497 2
16497 0
16497 0
16497 0
16585 1
16585 0
16585 2
16585 3.5
16585 2
16585 2
16585 0
16585 0
16585 0
16631 1
16631 0
16631 2
16631 3.5
16631 2
16631 2
16631 0
16631 0
16631 0
16637 1
16637 0
16637 2
16637 3.5
16637 2
16637 2
16637 0
16637 0
16637 0
16638 1
16638 0
16638 2
16638 3.5
16638 2
16638 2
16638 0
16638 0
16638 0
16676 1
16676 0
16676 2
16676 3.5
16676 2
16676 2
16676 0
16676 0
16676 0
16682 1
16682 0
16682 2
16682 3.5
16682 2
16682 2
16682 0
16682 0
16682 0
16876 1
16876 0
16876 2
16876 3.5
16876 2
16876 2
16876 0
16876 0
16876 0
