pt_graph cpue_kghour
3955 1.39
3955 0
3955 3.73
3955 2.88
3955 4.48
3955 3.57
3955 0
3955 0
3955 0
4039 1.39
4039 0
4039 3.73
4039 2.88
4039 4.48
4039 3.57
4039 0
4039 0
4039 0
4018 1.39
4018 0
4018 3.73
4018 2.88
4018 4.48
4018 3.57
4018 0
4018 0
4018 0
4017 1.39
4017 0
4017 3.73
4017 2.88
4017 4.48
4017 3.57
4017 0
4017 0
4017 0
4088 1.39
4088 0
4088 3.73
4088 2.88
4088 4.48
4088 3.57
4088 0
4088 0
4088 0
4084 1.39
4084 0
4084 3.73
4084 2.88
4084 4.48
4084 3.57
4084 0
4084 0
4084 0
4150 1.39
4150 0
4150 3.73
4150 2.88
4150 4.48
4150 3.57
4150 0
4150 0
4150 0
4148 1.39
4148 0
4148 3.73
4148 2.88
4148 4.48
4148 3.57
4148 0
4148 0
4148 0
4288 1.39
4288 0
4288 3.73
4288 2.88
4288 4.48
4288 3.57
4288 0
4288 0
4288 0
4328 1.39
4328 0
4328 3.73
4328 2.88
4328 4.48
4328 3.57
4328 0
4328 0
4328 0
4324 1.39
4324 0
4324 3.73
4324 2.88
4324 4.48
4324 3.57
4324 0
4324 0
4324 0
4381 1.39
4381 0
4381 3.73
4381 2.88
4381 4.48
4381 3.57
4381 0
4381 0
4381 0
4420 1.39
4420 0
4420 3.73
4420 2.88
4420 4.48
4420 3.57
4420 0
4420 0
4420 0
4593 1.39
4593 0
4593 3.73
4593 2.88
4593 4.48
4593 3.57
4593 0
4593 0
4593 0
4592 1.39
4592 0
4592 3.73
4592 2.88
4592 4.48
4592 3.57
4592 0
4592 0
4592 0
4649 1.39
4649 0
4649 3.73
4649 2.88
4649 4.48
4649 3.57
4649 0
4649 0
4649 0
4647 1.39
4647 0
4647 3.73
4647 2.88
4647 4.48
4647 3.57
4647 0
4647 0
4647 0
4635 1.39
4635 0
4635 3.73
4635 2.88
4635 4.48
4635 3.57
4635 0
4635 0
4635 0
4690 1.39
4690 0
4690 3.73
4690 2.88
4690 4.48
4690 3.57
4690 0
4690 0
4690 0
4679 1.39
4679 0
4679 3.73
4679 2.88
4679 4.48
4679 3.57
4679 0
4679 0
4679 0
4718 1.39
4718 0
4718 3.73
4718 2.88
4718 4.48
4718 3.57
4718 0
4718 0
4718 0
4717 1.39
4717 0
4717 3.73
4717 2.88
4717 4.48
4717 3.57
4717 0
4717 0
4717 0
4768 1.39
4768 0
4768 3.73
4768 2.88
4768 4.48
4768 3.57
4768 0
4768 0
4768 0
4808 1.39
4808 0
4808 3.73
4808 2.88
4808 4.48
4808 3.57
4808 0
4808 0
4808 0
4806 1.39
4806 0
4806 3.73
4806 2.88
4806 4.48
4806 3.57
4806 0
4806 0
4806 0
4803 1.39
4803 0
4803 3.73
4803 2.88
4803 4.48
4803 3.57
4803 0
4803 0
4803 0
4799 1.39
4799 0
4799 3.73
4799 2.88
4799 4.48
4799 3.57
4799 0
4799 0
4799 0
4842 1.39
4842 0
4842 3.73
4842 2.88
4842 4.48
4842 3.57
4842 0
4842 0
4842 0
4840 1.39
4840 0
4840 3.73
4840 2.88
4840 4.48
4840 3.57
4840 0
4840 0
4840 0
4839 1.39
4839 0
4839 3.73
4839 2.88
4839 4.48
4839 3.57
4839 0
4839 0
4839 0
4837 1.39
4837 0
4837 3.73
4837 2.88
4837 4.48
4837 3.57
4837 0
4837 0
4837 0
4887 1.39
4887 0
4887 3.73
4887 2.88
4887 4.48
4887 3.57
4887 0
4887 0
4887 0
4879 1.39
4879 0
4879 3.73
4879 2.88
4879 4.48
4879 3.57
4879 0
4879 0
4879 0
4877 1.39
4877 0
4877 3.73
4877 2.88
4877 4.48
4877 3.57
4877 0
4877 0
4877 0
4876 1.39
4876 0
4876 3.73
4876 2.88
4876 4.48
4876 3.57
4876 0
4876 0
4876 0
4875 1.39
4875 0
4875 3.73
4875 2.88
4875 4.48
4875 3.57
4875 0
4875 0
4875 0
4932 1.39
4932 0
4932 3.73
4932 2.88
4932 4.48
4932 3.57
4932 0
4932 0
4932 0
4928 1.39
4928 0
4928 3.73
4928 2.88
4928 4.48
4928 3.57
4928 0
4928 0
4928 0
4925 1.39
4925 0
4925 3.73
4925 2.88
4925 4.48
4925 3.57
4925 0
4925 0
4925 0
4922 1.39
4922 0
4922 3.73
4922 2.88
4922 4.48
4922 3.57
4922 0
4922 0
4922 0
4921 1.39
4921 0
4921 3.73
4921 2.88
4921 4.48
4921 3.57
4921 0
4921 0
4921 0
4984 1.39
4984 0
4984 3.73
4984 2.88
4984 4.48
4984 3.57
4984 0
4984 0
4984 0
4982 1.39
4982 0
4982 3.73
4982 2.88
4982 4.48
4982 3.57
4982 0
4982 0
4982 0
4978 1.39
4978 0
4978 3.73
4978 2.88
4978 4.48
4978 3.57
4978 0
4978 0
4978 0
4976 1.39
4976 0
4976 3.73
4976 2.88
4976 4.48
4976 3.57
4976 0
4976 0
4976 0
4974 1.39
4974 0
4974 3.73
4974 2.88
4974 4.48
4974 3.57
4974 0
4974 0
4974 0
4975 1.39
4975 0
4975 3.73
4975 2.88
4975 4.48
4975 3.57
4975 0
4975 0
4975 0
4973 1.39
4973 0
4973 3.73
4973 2.88
4973 4.48
4973 3.57
4973 0
4973 0
4973 0
5040 1.39
5040 0
5040 3.73
5040 2.88
5040 4.48
5040 3.57
5040 0
5040 0
5040 0
5036 1.39
5036 0
5036 3.73
5036 2.88
5036 4.48
5036 3.57
5036 0
5036 0
5036 0
5032 1.39
5032 0
5032 3.73
5032 2.88
5032 4.48
5032 3.57
5032 0
5032 0
5032 0
5031 1.39
5031 0
5031 3.73
5031 2.88
5031 4.48
5031 3.57
5031 0
5031 0
5031 0
5030 1.39
5030 0
5030 3.73
5030 2.88
5030 4.48
5030 3.57
5030 0
5030 0
5030 0
5029 1.39
5029 0
5029 3.73
5029 2.88
5029 4.48
5029 3.57
5029 0
5029 0
5029 0
5097 1.39
5097 0
5097 3.73
5097 2.88
5097 4.48
5097 3.57
5097 0
5097 0
5097 0
5096 1.39
5096 0
5096 3.73
5096 2.88
5096 4.48
5096 3.57
5096 0
5096 0
5096 0
5094 1.39
5094 0
5094 3.73
5094 2.88
5094 4.48
5094 3.57
5094 0
5094 0
5094 0
5093 1.39
5093 0
5093 3.73
5093 2.88
5093 4.48
5093 3.57
5093 0
5093 0
5093 0
5092 1.39
5092 0
5092 3.73
5092 2.88
5092 4.48
5092 3.57
5092 0
5092 0
5092 0
5091 1.39
5091 0
5091 3.73
5091 2.88
5091 4.48
5091 3.57
5091 0
5091 0
5091 0
5090 1.39
5090 0
5090 3.73
5090 2.88
5090 4.48
5090 3.57
5090 0
5090 0
5090 0
5089 1.39
5089 0
5089 3.73
5089 2.88
5089 4.48
5089 3.57
5089 0
5089 0
5089 0
5152 1.39
5152 0
5152 3.73
5152 2.88
5152 4.48
5152 3.57
5152 0
5152 0
5152 0
5151 1.39
5151 0
5151 3.73
5151 2.88
5151 4.48
5151 3.57
5151 0
5151 0
5151 0
5150 1.39
5150 0
5150 3.73
5150 2.88
5150 4.48
5150 3.57
5150 0
5150 0
5150 0
5149 1.39
5149 0
5149 3.73
5149 2.88
5149 4.48
5149 3.57
5149 0
5149 0
5149 0
5148 1.39
5148 0
5148 3.73
5148 2.88
5148 4.48
5148 3.57
5148 0
5148 0
5148 0
5147 1.39
5147 0
5147 3.73
5147 2.88
5147 4.48
5147 3.57
5147 0
5147 0
5147 0
19516 1.39
19516 0
19516 3.73
19516 2.88
19516 4.48
19516 3.57
19516 0
19516 0
19516 0
