pt_graph scale
11350 1.18119047619048
11350 0
11350 2.7952380952381
11350 2.41333333333333
11350 3.14
11350 2.72142857142857
11350 0.00214285714285714
11350 0
11350 0.0142857142857143
11481 1.18119047619048
11481 0
11481 2.7952380952381
11481 2.41333333333333
11481 3.14
11481 2.72142857142857
11481 0.00214285714285714
11481 0
11481 0.0142857142857143
11613 1.18119047619048
11613 0
11613 2.7952380952381
11613 2.41333333333333
11613 3.14
11613 2.72142857142857
11613 0.00214285714285714
11613 0
11613 0.0142857142857143
11736 1.18119047619048
11736 0
11736 2.7952380952381
11736 2.41333333333333
11736 3.14
11736 2.72142857142857
11736 0.00214285714285714
11736 0
11736 0.0142857142857143
11742 1.18119047619048
11742 0
11742 2.7952380952381
11742 2.41333333333333
11742 3.14
11742 2.72142857142857
11742 0.00214285714285714
11742 0
11742 0.0142857142857143
11863 1.18119047619048
11863 0
11863 2.7952380952381
11863 2.41333333333333
11863 3.14
11863 2.72142857142857
11863 0.00214285714285714
11863 0
11863 0.0142857142857143
11866 1.18119047619048
11866 0
11866 2.7952380952381
11866 2.41333333333333
11866 3.14
11866 2.72142857142857
11866 0.00214285714285714
11866 0
11866 0.0142857142857143
11990 1.18119047619048
11990 0
11990 2.7952380952381
11990 2.41333333333333
11990 3.14
11990 2.72142857142857
11990 0.00214285714285714
11990 0
11990 0.0142857142857143
12236 1.18119047619048
12236 0
12236 2.7952380952381
12236 2.41333333333333
12236 3.14
12236 2.72142857142857
12236 0.00214285714285714
12236 0
12236 0.0142857142857143
12367 1.18119047619048
12367 0
12367 2.7952380952381
12367 2.41333333333333
12367 3.14
12367 2.72142857142857
12367 0.00214285714285714
12367 0
12367 0.0142857142857143
12497 1.18119047619048
12497 0
12497 2.7952380952381
12497 2.41333333333333
12497 3.14
12497 2.72142857142857
12497 0.00214285714285714
12497 0
12497 0.0142857142857143
12498 1.18119047619048
12498 0
12498 2.7952380952381
12498 2.41333333333333
12498 3.14
12498 2.72142857142857
12498 0.00214285714285714
12498 0
12498 0.0142857142857143
12499 1.18119047619048
12499 0
12499 2.7952380952381
12499 2.41333333333333
12499 3.14
12499 2.72142857142857
12499 0.00214285714285714
12499 0
12499 0.0142857142857143
12500 1.18119047619048
12500 0
12500 2.7952380952381
12500 2.41333333333333
12500 3.14
12500 2.72142857142857
12500 0.00214285714285714
12500 0
12500 0.0142857142857143
12501 1.18119047619048
12501 0
12501 2.7952380952381
12501 2.41333333333333
12501 3.14
12501 2.72142857142857
12501 0.00214285714285714
12501 0
12501 0.0142857142857143
12502 1.18119047619048
12502 0
12502 2.7952380952381
12502 2.41333333333333
12502 3.14
12502 2.72142857142857
12502 0.00214285714285714
12502 0
12502 0.0142857142857143
12628 1.18119047619048
12628 0
12628 2.7952380952381
12628 2.41333333333333
12628 3.14
12628 2.72142857142857
12628 0.00214285714285714
12628 0
12628 0.0142857142857143
12629 1.18119047619048
12629 0
12629 2.7952380952381
12629 2.41333333333333
12629 3.14
12629 2.72142857142857
12629 0.00214285714285714
12629 0
12629 0.0142857142857143
12630 1.18119047619048
12630 0
12630 2.7952380952381
12630 2.41333333333333
12630 3.14
12630 2.72142857142857
12630 0.00214285714285714
12630 0
12630 0.0142857142857143
12748 1.18119047619048
12748 0
12748 2.7952380952381
12748 2.41333333333333
12748 3.14
12748 2.72142857142857
12748 0.00214285714285714
12748 0
12748 0.0142857142857143
12753 1.18119047619048
12753 0
12753 2.7952380952381
12753 2.41333333333333
12753 3.14
12753 2.72142857142857
12753 0.00214285714285714
12753 0
12753 0.0142857142857143
12862 1.18119047619048
12862 0
12862 2.7952380952381
12862 2.41333333333333
12862 3.14
12862 2.72142857142857
12862 0.00214285714285714
12862 0
12862 0.0142857142857143
12863 1.18119047619048
12863 0
12863 2.7952380952381
12863 2.41333333333333
12863 3.14
12863 2.72142857142857
12863 0.00214285714285714
12863 0
12863 0.0142857142857143
12864 1.18119047619048
12864 0
12864 2.7952380952381
12864 2.41333333333333
12864 3.14
12864 2.72142857142857
12864 0.00214285714285714
12864 0
12864 0.0142857142857143
12867 1.18119047619048
12867 0
12867 2.7952380952381
12867 2.41333333333333
12867 3.14
12867 2.72142857142857
12867 0.00214285714285714
12867 0
12867 0.0142857142857143
12868 1.18119047619048
12868 0
12868 2.7952380952381
12868 2.41333333333333
12868 3.14
12868 2.72142857142857
12868 0.00214285714285714
12868 0
12868 0.0142857142857143
12983 1.18119047619048
12983 0
12983 2.7952380952381
12983 2.41333333333333
12983 3.14
12983 2.72142857142857
12983 0.00214285714285714
12983 0
12983 0.0142857142857143
12984 1.18119047619048
12984 0
12984 2.7952380952381
12984 2.41333333333333
12984 3.14
12984 2.72142857142857
12984 0.00214285714285714
12984 0
12984 0.0142857142857143
12985 1.18119047619048
12985 0
12985 2.7952380952381
12985 2.41333333333333
12985 3.14
12985 2.72142857142857
12985 0.00214285714285714
12985 0
12985 0.0142857142857143
12986 1.18119047619048
12986 0
12986 2.7952380952381
12986 2.41333333333333
12986 3.14
12986 2.72142857142857
12986 0.00214285714285714
12986 0
12986 0.0142857142857143
12988 1.18119047619048
12988 0
12988 2.7952380952381
12988 2.41333333333333
12988 3.14
12988 2.72142857142857
12988 0.00214285714285714
12988 0
12988 0.0142857142857143
13095 1.18119047619048
13095 0
13095 2.7952380952381
13095 2.41333333333333
13095 3.14
13095 2.72142857142857
13095 0.00214285714285714
13095 0
13095 0.0142857142857143
13098 1.18119047619048
13098 0
13098 2.7952380952381
13098 2.41333333333333
13098 3.14
13098 2.72142857142857
13098 0.00214285714285714
13098 0
13098 0.0142857142857143
13099 1.18119047619048
13099 0
13099 2.7952380952381
13099 2.41333333333333
13099 3.14
13099 2.72142857142857
13099 0.00214285714285714
13099 0
13099 0.0142857142857143
13103 1.18119047619048
13103 0
13103 2.7952380952381
13103 2.41333333333333
13103 3.14
13103 2.72142857142857
13103 0.00214285714285714
13103 0
13103 0.0142857142857143
13106 1.18119047619048
13106 0
13106 2.7952380952381
13106 2.41333333333333
13106 3.14
13106 2.72142857142857
13106 0.00214285714285714
13106 0
13106 0.0142857142857143
13199 1.18119047619048
13199 0
13199 2.7952380952381
13199 2.41333333333333
13199 3.14
13199 2.72142857142857
13199 0.00214285714285714
13199 0
13199 0.0142857142857143
13200 1.18119047619048
13200 0
13200 2.7952380952381
13200 2.41333333333333
13200 3.14
13200 2.72142857142857
13200 0.00214285714285714
13200 0
13200 0.0142857142857143
13202 1.18119047619048
13202 0
13202 2.7952380952381
13202 2.41333333333333
13202 3.14
13202 2.72142857142857
13202 0.00214285714285714
13202 0
13202 0.0142857142857143
13204 1.18119047619048
13204 0
13204 2.7952380952381
13204 2.41333333333333
13204 3.14
13204 2.72142857142857
13204 0.00214285714285714
13204 0
13204 0.0142857142857143
13205 1.18119047619048
13205 0
13205 2.7952380952381
13205 2.41333333333333
13205 3.14
13205 2.72142857142857
13205 0.00214285714285714
13205 0
13205 0.0142857142857143
13206 1.18119047619048
13206 0
13206 2.7952380952381
13206 2.41333333333333
13206 3.14
13206 2.72142857142857
13206 0.00214285714285714
13206 0
13206 0.0142857142857143
13207 1.18119047619048
13207 0
13207 2.7952380952381
13207 2.41333333333333
13207 3.14
13207 2.72142857142857
13207 0.00214285714285714
13207 0
13207 0.0142857142857143
13208 1.18119047619048
13208 0
13208 2.7952380952381
13208 2.41333333333333
13208 3.14
13208 2.72142857142857
13208 0.00214285714285714
13208 0
13208 0.0142857142857143
13209 1.18119047619048
13209 0
13209 2.7952380952381
13209 2.41333333333333
13209 3.14
13209 2.72142857142857
13209 0.00214285714285714
13209 0
13209 0.0142857142857143
13221 1.18119047619048
13221 0
13221 2.7952380952381
13221 2.41333333333333
13221 3.14
13221 2.72142857142857
13221 0.00214285714285714
13221 0
13221 0.0142857142857143
13293 1.18119047619048
13293 0
13293 2.7952380952381
13293 2.41333333333333
13293 3.14
13293 2.72142857142857
13293 0.00214285714285714
13293 0
13293 0.0142857142857143
13295 1.18119047619048
13295 0
13295 2.7952380952381
13295 2.41333333333333
13295 3.14
13295 2.72142857142857
13295 0.00214285714285714
13295 0
13295 0.0142857142857143
13297 1.18119047619048
13297 0
13297 2.7952380952381
13297 2.41333333333333
13297 3.14
13297 2.72142857142857
13297 0.00214285714285714
13297 0
13297 0.0142857142857143
13298 1.18119047619048
13298 0
13298 2.7952380952381
13298 2.41333333333333
13298 3.14
13298 2.72142857142857
13298 0.00214285714285714
13298 0
13298 0.0142857142857143
13299 1.18119047619048
13299 0
13299 2.7952380952381
13299 2.41333333333333
13299 3.14
13299 2.72142857142857
13299 0.00214285714285714
13299 0
13299 0.0142857142857143
13304 1.18119047619048
13304 0
13304 2.7952380952381
13304 2.41333333333333
13304 3.14
13304 2.72142857142857
13304 0.00214285714285714
13304 0
13304 0.0142857142857143
13309 1.18119047619048
13309 0
13309 2.7952380952381
13309 2.41333333333333
13309 3.14
13309 2.72142857142857
13309 0.00214285714285714
13309 0
13309 0.0142857142857143
13378 1.18119047619048
13378 0
13378 2.7952380952381
13378 2.41333333333333
13378 3.14
13378 2.72142857142857
13378 0.00214285714285714
13378 0
13378 0.0142857142857143
13381 1.18119047619048
13381 0
13381 2.7952380952381
13381 2.41333333333333
13381 3.14
13381 2.72142857142857
13381 0.00214285714285714
13381 0
13381 0.0142857142857143
13382 1.18119047619048
13382 0
13382 2.7952380952381
13382 2.41333333333333
13382 3.14
13382 2.72142857142857
13382 0.00214285714285714
13382 0
13382 0.0142857142857143
13383 1.18119047619048
13383 0
13383 2.7952380952381
13383 2.41333333333333
13383 3.14
13383 2.72142857142857
13383 0.00214285714285714
13383 0
13383 0.0142857142857143
13391 1.18119047619048
13391 0
13391 2.7952380952381
13391 2.41333333333333
13391 3.14
13391 2.72142857142857
13391 0.00214285714285714
13391 0
13391 0.0142857142857143
13400 1.18119047619048
13400 0
13400 2.7952380952381
13400 2.41333333333333
13400 3.14
13400 2.72142857142857
13400 0.00214285714285714
13400 0
13400 0.0142857142857143
13462 1.18119047619048
13462 0
13462 2.7952380952381
13462 2.41333333333333
13462 3.14
13462 2.72142857142857
13462 0.00214285714285714
13462 0
13462 0.0142857142857143
13472 1.18119047619048
13472 0
13472 2.7952380952381
13472 2.41333333333333
13472 3.14
13472 2.72142857142857
13472 0.00214285714285714
13472 0
13472 0.0142857142857143
13473 1.18119047619048
13473 0
13473 2.7952380952381
13473 2.41333333333333
13473 3.14
13473 2.72142857142857
13473 0.00214285714285714
13473 0
13473 0.0142857142857143
13476 1.18119047619048
13476 0
13476 2.7952380952381
13476 2.41333333333333
13476 3.14
13476 2.72142857142857
13476 0.00214285714285714
13476 0
13476 0.0142857142857143
13532 1.18119047619048
13532 0
13532 2.7952380952381
13532 2.41333333333333
13532 3.14
13532 2.72142857142857
13532 0.00214285714285714
13532 0
13532 0.0142857142857143
13534 1.18119047619048
13534 0
13534 2.7952380952381
13534 2.41333333333333
13534 3.14
13534 2.72142857142857
13534 0.00214285714285714
13534 0
13534 0.0142857142857143
13538 1.18119047619048
13538 0
13538 2.7952380952381
13538 2.41333333333333
13538 3.14
13538 2.72142857142857
13538 0.00214285714285714
13538 0
13538 0.0142857142857143
13613 1.18119047619048
13613 0
13613 2.7952380952381
13613 2.41333333333333
13613 3.14
13613 2.72142857142857
13613 0.00214285714285714
13613 0
13613 0.0142857142857143
13655 1.18119047619048
13655 0
13655 2.7952380952381
13655 2.41333333333333
13655 3.14
13655 2.72142857142857
13655 0.00214285714285714
13655 0
13655 0.0142857142857143
13669 1.18119047619048
13669 0
13669 2.7952380952381
13669 2.41333333333333
13669 3.14
13669 2.72142857142857
13669 0.00214285714285714
13669 0
13669 0.0142857142857143
13670 1.18119047619048
13670 0
13670 2.7952380952381
13670 2.41333333333333
13670 3.14
13670 2.72142857142857
13670 0.00214285714285714
13670 0
13670 0.0142857142857143
13707 1.18119047619048
13707 0
13707 2.7952380952381
13707 2.41333333333333
13707 3.14
13707 2.72142857142857
13707 0.00214285714285714
13707 0
13707 0.0142857142857143
13709 1.18119047619048
13709 0
13709 2.7952380952381
13709 2.41333333333333
13709 3.14
13709 2.72142857142857
13709 0.00214285714285714
13709 0
13709 0.0142857142857143
13724 1.18119047619048
13724 0
13724 2.7952380952381
13724 2.41333333333333
13724 3.14
13724 2.72142857142857
13724 0.00214285714285714
13724 0
13724 0.0142857142857143
13725 1.18119047619048
13725 0
13725 2.7952380952381
13725 2.41333333333333
13725 3.14
13725 2.72142857142857
13725 0.00214285714285714
13725 0
13725 0.0142857142857143
13764 1.18119047619048
13764 0
13764 2.7952380952381
13764 2.41333333333333
13764 3.14
13764 2.72142857142857
13764 0.00214285714285714
13764 0
13764 0.0142857142857143
13780 1.18119047619048
13780 0
13780 2.7952380952381
13780 2.41333333333333
13780 3.14
13780 2.72142857142857
13780 0.00214285714285714
13780 0
13780 0.0142857142857143
13822 1.18119047619048
13822 0
13822 2.7952380952381
13822 2.41333333333333
13822 3.14
13822 2.72142857142857
13822 0.00214285714285714
13822 0
13822 0.0142857142857143
13823 1.18119047619048
13823 0
13823 2.7952380952381
13823 2.41333333333333
13823 3.14
13823 2.72142857142857
13823 0.00214285714285714
13823 0
13823 0.0142857142857143
13826 1.18119047619048
13826 0
13826 2.7952380952381
13826 2.41333333333333
13826 3.14
13826 2.72142857142857
13826 0.00214285714285714
13826 0
13826 0.0142857142857143
13832 1.18119047619048
13832 0
13832 2.7952380952381
13832 2.41333333333333
13832 3.14
13832 2.72142857142857
13832 0.00214285714285714
13832 0
13832 0.0142857142857143
13833 1.18119047619048
13833 0
13833 2.7952380952381
13833 2.41333333333333
13833 3.14
13833 2.72142857142857
13833 0.00214285714285714
13833 0
13833 0.0142857142857143
13874 1.18119047619048
13874 0
13874 2.7952380952381
13874 2.41333333333333
13874 3.14
13874 2.72142857142857
13874 0.00214285714285714
13874 0
13874 0.0142857142857143
13882 1.18119047619048
13882 0
13882 2.7952380952381
13882 2.41333333333333
13882 3.14
13882 2.72142857142857
13882 0.00214285714285714
13882 0
13882 0.0142857142857143
13889 1.18119047619048
13889 0
13889 2.7952380952381
13889 2.41333333333333
13889 3.14
13889 2.72142857142857
13889 0.00214285714285714
13889 0
13889 0.0142857142857143
13890 1.18119047619048
13890 0
13890 2.7952380952381
13890 2.41333333333333
13890 3.14
13890 2.72142857142857
13890 0.00214285714285714
13890 0
13890 0.0142857142857143
13930 1.18119047619048
13930 0
13930 2.7952380952381
13930 2.41333333333333
13930 3.14
13930 2.72142857142857
13930 0.00214285714285714
13930 0
13930 0.0142857142857143
13945 1.18119047619048
13945 0
13945 2.7952380952381
13945 2.41333333333333
13945 3.14
13945 2.72142857142857
13945 0.00214285714285714
13945 0
13945 0.0142857142857143
13946 1.18119047619048
13946 0
13946 2.7952380952381
13946 2.41333333333333
13946 3.14
13946 2.72142857142857
13946 0.00214285714285714
13946 0
13946 0.0142857142857143
13947 1.18119047619048
13947 0
13947 2.7952380952381
13947 2.41333333333333
13947 3.14
13947 2.72142857142857
13947 0.00214285714285714
13947 0
13947 0.0142857142857143
13986 1.18119047619048
13986 0
13986 2.7952380952381
13986 2.41333333333333
13986 3.14
13986 2.72142857142857
13986 0.00214285714285714
13986 0
13986 0.0142857142857143
13987 1.18119047619048
13987 0
13987 2.7952380952381
13987 2.41333333333333
13987 3.14
13987 2.72142857142857
13987 0.00214285714285714
13987 0
13987 0.0142857142857143
13997 1.18119047619048
13997 0
13997 2.7952380952381
13997 2.41333333333333
13997 3.14
13997 2.72142857142857
13997 0.00214285714285714
13997 0
13997 0.0142857142857143
13998 1.18119047619048
13998 0
13998 2.7952380952381
13998 2.41333333333333
13998 3.14
13998 2.72142857142857
13998 0.00214285714285714
13998 0
13998 0.0142857142857143
13999 1.18119047619048
13999 0
13999 2.7952380952381
13999 2.41333333333333
13999 3.14
13999 2.72142857142857
13999 0.00214285714285714
13999 0
13999 0.0142857142857143
14001 1.18119047619048
14001 0
14001 2.7952380952381
14001 2.41333333333333
14001 3.14
14001 2.72142857142857
14001 0.00214285714285714
14001 0
14001 0.0142857142857143
14002 1.18119047619048
14002 0
14002 2.7952380952381
14002 2.41333333333333
14002 3.14
14002 2.72142857142857
14002 0.00214285714285714
14002 0
14002 0.0142857142857143
14003 1.18119047619048
14003 0
14003 2.7952380952381
14003 2.41333333333333
14003 3.14
14003 2.72142857142857
14003 0.00214285714285714
14003 0
14003 0.0142857142857143
14004 1.18119047619048
14004 0
14004 2.7952380952381
14004 2.41333333333333
14004 3.14
14004 2.72142857142857
14004 0.00214285714285714
14004 0
14004 0.0142857142857143
14042 1.18119047619048
14042 0
14042 2.7952380952381
14042 2.41333333333333
14042 3.14
14042 2.72142857142857
14042 0.00214285714285714
14042 0
14042 0.0142857142857143
14043 1.18119047619048
14043 0
14043 2.7952380952381
14043 2.41333333333333
14043 3.14
14043 2.72142857142857
14043 0.00214285714285714
14043 0
14043 0.0142857142857143
14045 1.18119047619048
14045 0
14045 2.7952380952381
14045 2.41333333333333
14045 3.14
14045 2.72142857142857
14045 0.00214285714285714
14045 0
14045 0.0142857142857143
14055 1.18119047619048
14055 0
14055 2.7952380952381
14055 2.41333333333333
14055 3.14
14055 2.72142857142857
14055 0.00214285714285714
14055 0
14055 0.0142857142857143
14059 1.18119047619048
14059 0
14059 2.7952380952381
14059 2.41333333333333
14059 3.14
14059 2.72142857142857
14059 0.00214285714285714
14059 0
14059 0.0142857142857143
14060 1.18119047619048
14060 0
14060 2.7952380952381
14060 2.41333333333333
14060 3.14
14060 2.72142857142857
14060 0.00214285714285714
14060 0
14060 0.0142857142857143
14088 1.18119047619048
14088 0
14088 2.7952380952381
14088 2.41333333333333
14088 3.14
14088 2.72142857142857
14088 0.00214285714285714
14088 0
14088 0.0142857142857143
14097 1.18119047619048
14097 0
14097 2.7952380952381
14097 2.41333333333333
14097 3.14
14097 2.72142857142857
14097 0.00214285714285714
14097 0
14097 0.0142857142857143
14101 1.18119047619048
14101 0
14101 2.7952380952381
14101 2.41333333333333
14101 3.14
14101 2.72142857142857
14101 0.00214285714285714
14101 0
14101 0.0142857142857143
14109 1.18119047619048
14109 0
14109 2.7952380952381
14109 2.41333333333333
14109 3.14
14109 2.72142857142857
14109 0.00214285714285714
14109 0
14109 0.0142857142857143
14113 1.18119047619048
14113 0
14113 2.7952380952381
14113 2.41333333333333
14113 3.14
14113 2.72142857142857
14113 0.00214285714285714
14113 0
14113 0.0142857142857143
14152 1.18119047619048
14152 0
14152 2.7952380952381
14152 2.41333333333333
14152 3.14
14152 2.72142857142857
14152 0.00214285714285714
14152 0
14152 0.0142857142857143
14161 1.18119047619048
14161 0
14161 2.7952380952381
14161 2.41333333333333
14161 3.14
14161 2.72142857142857
14161 0.00214285714285714
14161 0
14161 0.0142857142857143
14163 1.18119047619048
14163 0
14163 2.7952380952381
14163 2.41333333333333
14163 3.14
14163 2.72142857142857
14163 0.00214285714285714
14163 0
14163 0.0142857142857143
14164 1.18119047619048
14164 0
14164 2.7952380952381
14164 2.41333333333333
14164 3.14
14164 2.72142857142857
14164 0.00214285714285714
14164 0
14164 0.0142857142857143
14166 1.18119047619048
14166 0
14166 2.7952380952381
14166 2.41333333333333
14166 3.14
14166 2.72142857142857
14166 0.00214285714285714
14166 0
14166 0.0142857142857143
14193 1.18119047619048
14193 0
14193 2.7952380952381
14193 2.41333333333333
14193 3.14
14193 2.72142857142857
14193 0.00214285714285714
14193 0
14193 0.0142857142857143
14210 1.18119047619048
14210 0
14210 2.7952380952381
14210 2.41333333333333
14210 3.14
14210 2.72142857142857
14210 0.00214285714285714
14210 0
14210 0.0142857142857143
14211 1.18119047619048
14211 0
14211 2.7952380952381
14211 2.41333333333333
14211 3.14
14211 2.72142857142857
14211 0.00214285714285714
14211 0
14211 0.0142857142857143
14212 1.18119047619048
14212 0
14212 2.7952380952381
14212 2.41333333333333
14212 3.14
14212 2.72142857142857
14212 0.00214285714285714
14212 0
14212 0.0142857142857143
14215 1.18119047619048
14215 0
14215 2.7952380952381
14215 2.41333333333333
14215 3.14
14215 2.72142857142857
14215 0.00214285714285714
14215 0
14215 0.0142857142857143
14240 1.18119047619048
14240 0
14240 2.7952380952381
14240 2.41333333333333
14240 3.14
14240 2.72142857142857
14240 0.00214285714285714
14240 0
14240 0.0142857142857143
14241 1.18119047619048
14241 0
14241 2.7952380952381
14241 2.41333333333333
14241 3.14
14241 2.72142857142857
14241 0.00214285714285714
14241 0
14241 0.0142857142857143
14242 1.18119047619048
14242 0
14242 2.7952380952381
14242 2.41333333333333
14242 3.14
14242 2.72142857142857
14242 0.00214285714285714
14242 0
14242 0.0142857142857143
14244 1.18119047619048
14244 0
14244 2.7952380952381
14244 2.41333333333333
14244 3.14
14244 2.72142857142857
14244 0.00214285714285714
14244 0
14244 0.0142857142857143
14252 1.18119047619048
14252 0
14252 2.7952380952381
14252 2.41333333333333
14252 3.14
14252 2.72142857142857
14252 0.00214285714285714
14252 0
14252 0.0142857142857143
14256 1.18119047619048
14256 0
14256 2.7952380952381
14256 2.41333333333333
14256 3.14
14256 2.72142857142857
14256 0.00214285714285714
14256 0
14256 0.0142857142857143
14257 1.18119047619048
14257 0
14257 2.7952380952381
14257 2.41333333333333
14257 3.14
14257 2.72142857142857
14257 0.00214285714285714
14257 0
14257 0.0142857142857143
14258 1.18119047619048
14258 0
14258 2.7952380952381
14258 2.41333333333333
14258 3.14
14258 2.72142857142857
14258 0.00214285714285714
14258 0
14258 0.0142857142857143
14259 1.18119047619048
14259 0
14259 2.7952380952381
14259 2.41333333333333
14259 3.14
14259 2.72142857142857
14259 0.00214285714285714
14259 0
14259 0.0142857142857143
14260 1.18119047619048
14260 0
14260 2.7952380952381
14260 2.41333333333333
14260 3.14
14260 2.72142857142857
14260 0.00214285714285714
14260 0
14260 0.0142857142857143
14285 1.18119047619048
14285 0
14285 2.7952380952381
14285 2.41333333333333
14285 3.14
14285 2.72142857142857
14285 0.00214285714285714
14285 0
14285 0.0142857142857143
14287 1.18119047619048
14287 0
14287 2.7952380952381
14287 2.41333333333333
14287 3.14
14287 2.72142857142857
14287 0.00214285714285714
14287 0
14287 0.0142857142857143
14288 1.18119047619048
14288 0
14288 2.7952380952381
14288 2.41333333333333
14288 3.14
14288 2.72142857142857
14288 0.00214285714285714
14288 0
14288 0.0142857142857143
14290 1.18119047619048
14290 0
14290 2.7952380952381
14290 2.41333333333333
14290 3.14
14290 2.72142857142857
14290 0.00214285714285714
14290 0
14290 0.0142857142857143
14291 1.18119047619048
14291 0
14291 2.7952380952381
14291 2.41333333333333
14291 3.14
14291 2.72142857142857
14291 0.00214285714285714
14291 0
14291 0.0142857142857143
14299 1.18119047619048
14299 0
14299 2.7952380952381
14299 2.41333333333333
14299 3.14
14299 2.72142857142857
14299 0.00214285714285714
14299 0
14299 0.0142857142857143
14300 1.18119047619048
14300 0
14300 2.7952380952381
14300 2.41333333333333
14300 3.14
14300 2.72142857142857
14300 0.00214285714285714
14300 0
14300 0.0142857142857143
14301 1.18119047619048
14301 0
14301 2.7952380952381
14301 2.41333333333333
14301 3.14
14301 2.72142857142857
14301 0.00214285714285714
14301 0
14301 0.0142857142857143
14303 1.18119047619048
14303 0
14303 2.7952380952381
14303 2.41333333333333
14303 3.14
14303 2.72142857142857
14303 0.00214285714285714
14303 0
14303 0.0142857142857143
14304 1.18119047619048
14304 0
14304 2.7952380952381
14304 2.41333333333333
14304 3.14
14304 2.72142857142857
14304 0.00214285714285714
14304 0
14304 0.0142857142857143
14305 1.18119047619048
14305 0
14305 2.7952380952381
14305 2.41333333333333
14305 3.14
14305 2.72142857142857
14305 0.00214285714285714
14305 0
14305 0.0142857142857143
14306 1.18119047619048
14306 0
14306 2.7952380952381
14306 2.41333333333333
14306 3.14
14306 2.72142857142857
14306 0.00214285714285714
14306 0
14306 0.0142857142857143
14307 1.18119047619048
14307 0
14307 2.7952380952381
14307 2.41333333333333
14307 3.14
14307 2.72142857142857
14307 0.00214285714285714
14307 0
14307 0.0142857142857143
14308 1.18119047619048
14308 0
14308 2.7952380952381
14308 2.41333333333333
14308 3.14
14308 2.72142857142857
14308 0.00214285714285714
14308 0
14308 0.0142857142857143
14331 1.18119047619048
14331 0
14331 2.7952380952381
14331 2.41333333333333
14331 3.14
14331 2.72142857142857
14331 0.00214285714285714
14331 0
14331 0.0142857142857143
14337 1.18119047619048
14337 0
14337 2.7952380952381
14337 2.41333333333333
14337 3.14
14337 2.72142857142857
14337 0.00214285714285714
14337 0
14337 0.0142857142857143
14338 1.18119047619048
14338 0
14338 2.7952380952381
14338 2.41333333333333
14338 3.14
14338 2.72142857142857
14338 0.00214285714285714
14338 0
14338 0.0142857142857143
14343 1.18119047619048
14343 0
14343 2.7952380952381
14343 2.41333333333333
14343 3.14
14343 2.72142857142857
14343 0.00214285714285714
14343 0
14343 0.0142857142857143
14344 1.18119047619048
14344 0
14344 2.7952380952381
14344 2.41333333333333
14344 3.14
14344 2.72142857142857
14344 0.00214285714285714
14344 0
14344 0.0142857142857143
14345 1.18119047619048
14345 0
14345 2.7952380952381
14345 2.41333333333333
14345 3.14
14345 2.72142857142857
14345 0.00214285714285714
14345 0
14345 0.0142857142857143
14346 1.18119047619048
14346 0
14346 2.7952380952381
14346 2.41333333333333
14346 3.14
14346 2.72142857142857
14346 0.00214285714285714
14346 0
14346 0.0142857142857143
14349 1.18119047619048
14349 0
14349 2.7952380952381
14349 2.41333333333333
14349 3.14
14349 2.72142857142857
14349 0.00214285714285714
14349 0
14349 0.0142857142857143
14350 1.18119047619048
14350 0
14350 2.7952380952381
14350 2.41333333333333
14350 3.14
14350 2.72142857142857
14350 0.00214285714285714
14350 0
14350 0.0142857142857143
14351 1.18119047619048
14351 0
14351 2.7952380952381
14351 2.41333333333333
14351 3.14
14351 2.72142857142857
14351 0.00214285714285714
14351 0
14351 0.0142857142857143
14352 1.18119047619048
14352 0
14352 2.7952380952381
14352 2.41333333333333
14352 3.14
14352 2.72142857142857
14352 0.00214285714285714
14352 0
14352 0.0142857142857143
14375 1.18119047619048
14375 0
14375 2.7952380952381
14375 2.41333333333333
14375 3.14
14375 2.72142857142857
14375 0.00214285714285714
14375 0
14375 0.0142857142857143
14380 1.18119047619048
14380 0
14380 2.7952380952381
14380 2.41333333333333
14380 3.14
14380 2.72142857142857
14380 0.00214285714285714
14380 0
14380 0.0142857142857143
14384 1.18119047619048
14384 0
14384 2.7952380952381
14384 2.41333333333333
14384 3.14
14384 2.72142857142857
14384 0.00214285714285714
14384 0
14384 0.0142857142857143
14385 1.18119047619048
14385 0
14385 2.7952380952381
14385 2.41333333333333
14385 3.14
14385 2.72142857142857
14385 0.00214285714285714
14385 0
14385 0.0142857142857143
14386 1.18119047619048
14386 0
14386 2.7952380952381
14386 2.41333333333333
14386 3.14
14386 2.72142857142857
14386 0.00214285714285714
14386 0
14386 0.0142857142857143
14387 1.18119047619048
14387 0
14387 2.7952380952381
14387 2.41333333333333
14387 3.14
14387 2.72142857142857
14387 0.00214285714285714
14387 0
14387 0.0142857142857143
14388 1.18119047619048
14388 0
14388 2.7952380952381
14388 2.41333333333333
14388 3.14
14388 2.72142857142857
14388 0.00214285714285714
14388 0
14388 0.0142857142857143
14390 1.18119047619048
14390 0
14390 2.7952380952381
14390 2.41333333333333
14390 3.14
14390 2.72142857142857
14390 0.00214285714285714
14390 0
14390 0.0142857142857143
14391 1.18119047619048
14391 0
14391 2.7952380952381
14391 2.41333333333333
14391 3.14
14391 2.72142857142857
14391 0.00214285714285714
14391 0
14391 0.0142857142857143
14392 1.18119047619048
14392 0
14392 2.7952380952381
14392 2.41333333333333
14392 3.14
14392 2.72142857142857
14392 0.00214285714285714
14392 0
14392 0.0142857142857143
14394 1.18119047619048
14394 0
14394 2.7952380952381
14394 2.41333333333333
14394 3.14
14394 2.72142857142857
14394 0.00214285714285714
14394 0
14394 0.0142857142857143
14422 1.18119047619048
14422 0
14422 2.7952380952381
14422 2.41333333333333
14422 3.14
14422 2.72142857142857
14422 0.00214285714285714
14422 0
14422 0.0142857142857143
14423 1.18119047619048
14423 0
14423 2.7952380952381
14423 2.41333333333333
14423 3.14
14423 2.72142857142857
14423 0.00214285714285714
14423 0
14423 0.0142857142857143
14424 1.18119047619048
14424 0
14424 2.7952380952381
14424 2.41333333333333
14424 3.14
14424 2.72142857142857
14424 0.00214285714285714
14424 0
14424 0.0142857142857143
14425 1.18119047619048
14425 0
14425 2.7952380952381
14425 2.41333333333333
14425 3.14
14425 2.72142857142857
14425 0.00214285714285714
14425 0
14425 0.0142857142857143
14426 1.18119047619048
14426 0
14426 2.7952380952381
14426 2.41333333333333
14426 3.14
14426 2.72142857142857
14426 0.00214285714285714
14426 0
14426 0.0142857142857143
14427 1.18119047619048
14427 0
14427 2.7952380952381
14427 2.41333333333333
14427 3.14
14427 2.72142857142857
14427 0.00214285714285714
14427 0
14427 0.0142857142857143
14428 1.18119047619048
14428 0
14428 2.7952380952381
14428 2.41333333333333
14428 3.14
14428 2.72142857142857
14428 0.00214285714285714
14428 0
14428 0.0142857142857143
14429 1.18119047619048
14429 0
14429 2.7952380952381
14429 2.41333333333333
14429 3.14
14429 2.72142857142857
14429 0.00214285714285714
14429 0
14429 0.0142857142857143
14432 1.18119047619048
14432 0
14432 2.7952380952381
14432 2.41333333333333
14432 3.14
14432 2.72142857142857
14432 0.00214285714285714
14432 0
14432 0.0142857142857143
14433 1.18119047619048
14433 0
14433 2.7952380952381
14433 2.41333333333333
14433 3.14
14433 2.72142857142857
14433 0.00214285714285714
14433 0
14433 0.0142857142857143
14435 1.18119047619048
14435 0
14435 2.7952380952381
14435 2.41333333333333
14435 3.14
14435 2.72142857142857
14435 0.00214285714285714
14435 0
14435 0.0142857142857143
14462 1.18119047619048
14462 0
14462 2.7952380952381
14462 2.41333333333333
14462 3.14
14462 2.72142857142857
14462 0.00214285714285714
14462 0
14462 0.0142857142857143
14463 1.18119047619048
14463 0
14463 2.7952380952381
14463 2.41333333333333
14463 3.14
14463 2.72142857142857
14463 0.00214285714285714
14463 0
14463 0.0142857142857143
14464 1.18119047619048
14464 0
14464 2.7952380952381
14464 2.41333333333333
14464 3.14
14464 2.72142857142857
14464 0.00214285714285714
14464 0
14464 0.0142857142857143
14466 1.18119047619048
14466 0
14466 2.7952380952381
14466 2.41333333333333
14466 3.14
14466 2.72142857142857
14466 0.00214285714285714
14466 0
14466 0.0142857142857143
14469 1.18119047619048
14469 0
14469 2.7952380952381
14469 2.41333333333333
14469 3.14
14469 2.72142857142857
14469 0.00214285714285714
14469 0
14469 0.0142857142857143
14470 1.18119047619048
14470 0
14470 2.7952380952381
14470 2.41333333333333
14470 3.14
14470 2.72142857142857
14470 0.00214285714285714
14470 0
14470 0.0142857142857143
14499 1.18119047619048
14499 0
14499 2.7952380952381
14499 2.41333333333333
14499 3.14
14499 2.72142857142857
14499 0.00214285714285714
14499 0
14499 0.0142857142857143
14500 1.18119047619048
14500 0
14500 2.7952380952381
14500 2.41333333333333
14500 3.14
14500 2.72142857142857
14500 0.00214285714285714
14500 0
14500 0.0142857142857143
14501 1.18119047619048
14501 0
14501 2.7952380952381
14501 2.41333333333333
14501 3.14
14501 2.72142857142857
14501 0.00214285714285714
14501 0
14501 0.0142857142857143
14502 1.18119047619048
14502 0
14502 2.7952380952381
14502 2.41333333333333
14502 3.14
14502 2.72142857142857
14502 0.00214285714285714
14502 0
14502 0.0142857142857143
14526 1.18119047619048
14526 0
14526 2.7952380952381
14526 2.41333333333333
14526 3.14
14526 2.72142857142857
14526 0.00214285714285714
14526 0
14526 0.0142857142857143
14531 1.18119047619048
14531 0
14531 2.7952380952381
14531 2.41333333333333
14531 3.14
14531 2.72142857142857
14531 0.00214285714285714
14531 0
14531 0.0142857142857143
14533 1.18119047619048
14533 0
14533 2.7952380952381
14533 2.41333333333333
14533 3.14
14533 2.72142857142857
14533 0.00214285714285714
14533 0
14533 0.0142857142857143
14534 1.18119047619048
14534 0
14534 2.7952380952381
14534 2.41333333333333
14534 3.14
14534 2.72142857142857
14534 0.00214285714285714
14534 0
14534 0.0142857142857143
14538 1.18119047619048
14538 0
14538 2.7952380952381
14538 2.41333333333333
14538 3.14
14538 2.72142857142857
14538 0.00214285714285714
14538 0
14538 0.0142857142857143
14561 1.18119047619048
14561 0
14561 2.7952380952381
14561 2.41333333333333
14561 3.14
14561 2.72142857142857
14561 0.00214285714285714
14561 0
14561 0.0142857142857143
14564 1.18119047619048
14564 0
14564 2.7952380952381
14564 2.41333333333333
14564 3.14
14564 2.72142857142857
14564 0.00214285714285714
14564 0
14564 0.0142857142857143
14565 1.18119047619048
14565 0
14565 2.7952380952381
14565 2.41333333333333
14565 3.14
14565 2.72142857142857
14565 0.00214285714285714
14565 0
14565 0.0142857142857143
14568 1.18119047619048
14568 0
14568 2.7952380952381
14568 2.41333333333333
14568 3.14
14568 2.72142857142857
14568 0.00214285714285714
14568 0
14568 0.0142857142857143
14569 1.18119047619048
14569 0
14569 2.7952380952381
14569 2.41333333333333
14569 3.14
14569 2.72142857142857
14569 0.00214285714285714
14569 0
14569 0.0142857142857143
14594 1.18119047619048
14594 0
14594 2.7952380952381
14594 2.41333333333333
14594 3.14
14594 2.72142857142857
14594 0.00214285714285714
14594 0
14594 0.0142857142857143
14596 1.18119047619048
14596 0
14596 2.7952380952381
14596 2.41333333333333
14596 3.14
14596 2.72142857142857
14596 0.00214285714285714
14596 0
14596 0.0142857142857143
14598 1.18119047619048
14598 0
14598 2.7952380952381
14598 2.41333333333333
14598 3.14
14598 2.72142857142857
14598 0.00214285714285714
14598 0
14598 0.0142857142857143
14601 1.18119047619048
14601 0
14601 2.7952380952381
14601 2.41333333333333
14601 3.14
14601 2.72142857142857
14601 0.00214285714285714
14601 0
14601 0.0142857142857143
14602 1.18119047619048
14602 0
14602 2.7952380952381
14602 2.41333333333333
14602 3.14
14602 2.72142857142857
14602 0.00214285714285714
14602 0
14602 0.0142857142857143
14628 1.18119047619048
14628 0
14628 2.7952380952381
14628 2.41333333333333
14628 3.14
14628 2.72142857142857
14628 0.00214285714285714
14628 0
14628 0.0142857142857143
14629 1.18119047619048
14629 0
14629 2.7952380952381
14629 2.41333333333333
14629 3.14
14629 2.72142857142857
14629 0.00214285714285714
14629 0
14629 0.0142857142857143
14631 1.18119047619048
14631 0
14631 2.7952380952381
14631 2.41333333333333
14631 3.14
14631 2.72142857142857
14631 0.00214285714285714
14631 0
14631 0.0142857142857143
14632 1.18119047619048
14632 0
14632 2.7952380952381
14632 2.41333333333333
14632 3.14
14632 2.72142857142857
14632 0.00214285714285714
14632 0
14632 0.0142857142857143
14633 1.18119047619048
14633 0
14633 2.7952380952381
14633 2.41333333333333
14633 3.14
14633 2.72142857142857
14633 0.00214285714285714
14633 0
14633 0.0142857142857143
14634 1.18119047619048
14634 0
14634 2.7952380952381
14634 2.41333333333333
14634 3.14
14634 2.72142857142857
14634 0.00214285714285714
14634 0
14634 0.0142857142857143
14635 1.18119047619048
14635 0
14635 2.7952380952381
14635 2.41333333333333
14635 3.14
14635 2.72142857142857
14635 0.00214285714285714
14635 0
14635 0.0142857142857143
14638 1.18119047619048
14638 0
14638 2.7952380952381
14638 2.41333333333333
14638 3.14
14638 2.72142857142857
14638 0.00214285714285714
14638 0
14638 0.0142857142857143
14662 1.18119047619048
14662 0
14662 2.7952380952381
14662 2.41333333333333
14662 3.14
14662 2.72142857142857
14662 0.00214285714285714
14662 0
14662 0.0142857142857143
14663 1.18119047619048
14663 0
14663 2.7952380952381
14663 2.41333333333333
14663 3.14
14663 2.72142857142857
14663 0.00214285714285714
14663 0
14663 0.0142857142857143
14664 1.18119047619048
14664 0
14664 2.7952380952381
14664 2.41333333333333
14664 3.14
14664 2.72142857142857
14664 0.00214285714285714
14664 0
14664 0.0142857142857143
14665 1.18119047619048
14665 0
14665 2.7952380952381
14665 2.41333333333333
14665 3.14
14665 2.72142857142857
14665 0.00214285714285714
14665 0
14665 0.0142857142857143
14666 1.18119047619048
14666 0
14666 2.7952380952381
14666 2.41333333333333
14666 3.14
14666 2.72142857142857
14666 0.00214285714285714
14666 0
14666 0.0142857142857143
14668 1.18119047619048
14668 0
14668 2.7952380952381
14668 2.41333333333333
14668 3.14
14668 2.72142857142857
14668 0.00214285714285714
14668 0
14668 0.0142857142857143
14670 1.18119047619048
14670 0
14670 2.7952380952381
14670 2.41333333333333
14670 3.14
14670 2.72142857142857
14670 0.00214285714285714
14670 0
14670 0.0142857142857143
14672 1.18119047619048
14672 0
14672 2.7952380952381
14672 2.41333333333333
14672 3.14
14672 2.72142857142857
14672 0.00214285714285714
14672 0
14672 0.0142857142857143
14694 1.18119047619048
14694 0
14694 2.7952380952381
14694 2.41333333333333
14694 3.14
14694 2.72142857142857
14694 0.00214285714285714
14694 0
14694 0.0142857142857143
14695 1.18119047619048
14695 0
14695 2.7952380952381
14695 2.41333333333333
14695 3.14
14695 2.72142857142857
14695 0.00214285714285714
14695 0
14695 0.0142857142857143
14698 1.18119047619048
14698 0
14698 2.7952380952381
14698 2.41333333333333
14698 3.14
14698 2.72142857142857
14698 0.00214285714285714
14698 0
14698 0.0142857142857143
14699 1.18119047619048
14699 0
14699 2.7952380952381
14699 2.41333333333333
14699 3.14
14699 2.72142857142857
14699 0.00214285714285714
14699 0
14699 0.0142857142857143
14700 1.18119047619048
14700 0
14700 2.7952380952381
14700 2.41333333333333
14700 3.14
14700 2.72142857142857
14700 0.00214285714285714
14700 0
14700 0.0142857142857143
14702 1.18119047619048
14702 0
14702 2.7952380952381
14702 2.41333333333333
14702 3.14
14702 2.72142857142857
14702 0.00214285714285714
14702 0
14702 0.0142857142857143
14704 1.18119047619048
14704 0
14704 2.7952380952381
14704 2.41333333333333
14704 3.14
14704 2.72142857142857
14704 0.00214285714285714
14704 0
14704 0.0142857142857143
14730 1.18119047619048
14730 0
14730 2.7952380952381
14730 2.41333333333333
14730 3.14
14730 2.72142857142857
14730 0.00214285714285714
14730 0
14730 0.0142857142857143
14731 1.18119047619048
14731 0
14731 2.7952380952381
14731 2.41333333333333
14731 3.14
14731 2.72142857142857
14731 0.00214285714285714
14731 0
14731 0.0142857142857143
14732 1.18119047619048
14732 0
14732 2.7952380952381
14732 2.41333333333333
14732 3.14
14732 2.72142857142857
14732 0.00214285714285714
14732 0
14732 0.0142857142857143
14734 1.18119047619048
14734 0
14734 2.7952380952381
14734 2.41333333333333
14734 3.14
14734 2.72142857142857
14734 0.00214285714285714
14734 0
14734 0.0142857142857143
14735 1.18119047619048
14735 0
14735 2.7952380952381
14735 2.41333333333333
14735 3.14
14735 2.72142857142857
14735 0.00214285714285714
14735 0
14735 0.0142857142857143
14736 1.18119047619048
14736 0
14736 2.7952380952381
14736 2.41333333333333
14736 3.14
14736 2.72142857142857
14736 0.00214285714285714
14736 0
14736 0.0142857142857143
14760 1.18119047619048
14760 0
14760 2.7952380952381
14760 2.41333333333333
14760 3.14
14760 2.72142857142857
14760 0.00214285714285714
14760 0
14760 0.0142857142857143
14761 1.18119047619048
14761 0
14761 2.7952380952381
14761 2.41333333333333
14761 3.14
14761 2.72142857142857
14761 0.00214285714285714
14761 0
14761 0.0142857142857143
14762 1.18119047619048
14762 0
14762 2.7952380952381
14762 2.41333333333333
14762 3.14
14762 2.72142857142857
14762 0.00214285714285714
14762 0
14762 0.0142857142857143
14764 1.18119047619048
14764 0
14764 2.7952380952381
14764 2.41333333333333
14764 3.14
14764 2.72142857142857
14764 0.00214285714285714
14764 0
14764 0.0142857142857143
14791 1.18119047619048
14791 0
14791 2.7952380952381
14791 2.41333333333333
14791 3.14
14791 2.72142857142857
14791 0.00214285714285714
14791 0
14791 0.0142857142857143
14793 1.18119047619048
14793 0
14793 2.7952380952381
14793 2.41333333333333
14793 3.14
14793 2.72142857142857
14793 0.00214285714285714
14793 0
14793 0.0142857142857143
14794 1.18119047619048
14794 0
14794 2.7952380952381
14794 2.41333333333333
14794 3.14
14794 2.72142857142857
14794 0.00214285714285714
14794 0
14794 0.0142857142857143
14795 1.18119047619048
14795 0
14795 2.7952380952381
14795 2.41333333333333
14795 3.14
14795 2.72142857142857
14795 0.00214285714285714
14795 0
14795 0.0142857142857143
14796 1.18119047619048
14796 0
14796 2.7952380952381
14796 2.41333333333333
14796 3.14
14796 2.72142857142857
14796 0.00214285714285714
14796 0
14796 0.0142857142857143
14797 1.18119047619048
14797 0
14797 2.7952380952381
14797 2.41333333333333
14797 3.14
14797 2.72142857142857
14797 0.00214285714285714
14797 0
14797 0.0142857142857143
14825 1.18119047619048
14825 0
14825 2.7952380952381
14825 2.41333333333333
14825 3.14
14825 2.72142857142857
14825 0.00214285714285714
14825 0
14825 0.0142857142857143
14826 1.18119047619048
14826 0
14826 2.7952380952381
14826 2.41333333333333
14826 3.14
14826 2.72142857142857
14826 0.00214285714285714
14826 0
14826 0.0142857142857143
14827 1.18119047619048
14827 0
14827 2.7952380952381
14827 2.41333333333333
14827 3.14
14827 2.72142857142857
14827 0.00214285714285714
14827 0
14827 0.0142857142857143
14857 1.18119047619048
14857 0
14857 2.7952380952381
14857 2.41333333333333
14857 3.14
14857 2.72142857142857
14857 0.00214285714285714
14857 0
14857 0.0142857142857143
14911 1.18119047619048
14911 0
14911 2.7952380952381
14911 2.41333333333333
14911 3.14
14911 2.72142857142857
14911 0.00214285714285714
14911 0
14911 0.0142857142857143
