pt_graph shape
8974 1
8974 1
8974 1
8974 1
8974 1
8974 1
8974 1
8974 1
8974 1
9092 1
9092 1
9092 1
9092 1
9092 1
9092 1
9092 1
9092 1
9092 1
9175 1
9175 1
9175 1
9175 1
9175 1
9175 1
9175 1
9175 1
9175 1
9306 1
9306 1
9306 1
9306 1
9306 1
9306 1
9306 1
9306 1
9306 1
9363 1
9363 1
9363 1
9363 1
9363 1
9363 1
9363 1
9363 1
9363 1
9364 1
9364 1
9364 1
9364 1
9364 1
9364 1
9364 1
9364 1
9364 1
9417 1
9417 1
9417 1
9417 1
9417 1
9417 1
9417 1
9417 1
9417 1
9418 1
9418 1
9418 1
9418 1
9418 1
9418 1
9418 1
9418 1
9418 1
9420 1
9420 1
9420 1
9420 1
9420 1
9420 1
9420 1
9420 1
9420 1
9476 1
9476 1
9476 1
9476 1
9476 1
9476 1
9476 1
9476 1
9476 1
9477 1
9477 1
9477 1
9477 1
9477 1
9477 1
9477 1
9477 1
9477 1
9478 1
9478 1
9478 1
9478 1
9478 1
9478 1
9478 1
9478 1
9478 1
9479 1
9479 1
9479 1
9479 1
9479 1
9479 1
9479 1
9479 1
9479 1
9480 1
9480 1
9480 1
9480 1
9480 1
9480 1
9480 1
9480 1
9480 1
9535 1
9535 1
9535 1
9535 1
9535 1
9535 1
9535 1
9535 1
9535 1
9536 1
9536 1
9536 1
9536 1
9536 1
9536 1
9536 1
9536 1
9536 1
9539 1
9539 1
9539 1
9539 1
9539 1
9539 1
9539 1
9539 1
9539 1
9540 1
9540 1
9540 1
9540 1
9540 1
9540 1
9540 1
9540 1
9540 1
9541 1
9541 1
9541 1
9541 1
9541 1
9541 1
9541 1
9541 1
9541 1
9542 1
9542 1
9542 1
9542 1
9542 1
9542 1
9542 1
9542 1
9542 1
9543 1
9543 1
9543 1
9543 1
9543 1
9543 1
9543 1
9543 1
9543 1
9608 1
9608 1
9608 1
9608 1
9608 1
9608 1
9608 1
9608 1
9608 1
9609 1
9609 1
9609 1
9609 1
9609 1
9609 1
9609 1
9609 1
9609 1
9610 1
9610 1
9610 1
9610 1
9610 1
9610 1
9610 1
9610 1
9610 1
9611 1
9611 1
9611 1
9611 1
9611 1
9611 1
9611 1
9611 1
9611 1
9612 1
9612 1
9612 1
9612 1
9612 1
9612 1
9612 1
9612 1
9612 1
9613 1
9613 1
9613 1
9613 1
9613 1
9613 1
9613 1
9613 1
9613 1
9680 1
9680 1
9680 1
9680 1
9680 1
9680 1
9680 1
9680 1
9680 1
9684 1
9684 1
9684 1
9684 1
9684 1
9684 1
9684 1
9684 1
9684 1
9685 1
9685 1
9685 1
9685 1
9685 1
9685 1
9685 1
9685 1
9685 1
9686 1
9686 1
9686 1
9686 1
9686 1
9686 1
9686 1
9686 1
9686 1
9687 1
9687 1
9687 1
9687 1
9687 1
9687 1
9687 1
9687 1
9687 1
9688 1
9688 1
9688 1
9688 1
9688 1
9688 1
9688 1
9688 1
9688 1
9689 1
9689 1
9689 1
9689 1
9689 1
9689 1
9689 1
9689 1
9689 1
9690 1
9690 1
9690 1
9690 1
9690 1
9690 1
9690 1
9690 1
9690 1
9757 1
9757 1
9757 1
9757 1
9757 1
9757 1
9757 1
9757 1
9757 1
9758 1
9758 1
9758 1
9758 1
9758 1
9758 1
9758 1
9758 1
9758 1
9759 1
9759 1
9759 1
9759 1
9759 1
9759 1
9759 1
9759 1
9759 1
9760 1
9760 1
9760 1
9760 1
9760 1
9760 1
9760 1
9760 1
9760 1
9762 1
9762 1
9762 1
9762 1
9762 1
9762 1
9762 1
9762 1
9762 1
9764 1
9764 1
9764 1
9764 1
9764 1
9764 1
9764 1
9764 1
9764 1
9765 1
9765 1
9765 1
9765 1
9765 1
9765 1
9765 1
9765 1
9765 1
9766 1
9766 1
9766 1
9766 1
9766 1
9766 1
9766 1
9766 1
9766 1
9767 1
9767 1
9767 1
9767 1
9767 1
9767 1
9767 1
9767 1
9767 1
9768 1
9768 1
9768 1
9768 1
9768 1
9768 1
9768 1
9768 1
9768 1
9839 1
9839 1
9839 1
9839 1
9839 1
9839 1
9839 1
9839 1
9839 1
9840 1
9840 1
9840 1
9840 1
9840 1
9840 1
9840 1
9840 1
9840 1
9843 1
9843 1
9843 1
9843 1
9843 1
9843 1
9843 1
9843 1
9843 1
9844 1
9844 1
9844 1
9844 1
9844 1
9844 1
9844 1
9844 1
9844 1
9848 1
9848 1
9848 1
9848 1
9848 1
9848 1
9848 1
9848 1
9848 1
9849 1
9849 1
9849 1
9849 1
9849 1
9849 1
9849 1
9849 1
9849 1
9921 1
9921 1
9921 1
9921 1
9921 1
9921 1
9921 1
9921 1
9921 1
9922 1
9922 1
9922 1
9922 1
9922 1
9922 1
9922 1
9922 1
9922 1
9924 1
9924 1
9924 1
9924 1
9924 1
9924 1
9924 1
9924 1
9924 1
9926 1
9926 1
9926 1
9926 1
9926 1
9926 1
9926 1
9926 1
9926 1
9929 1
9929 1
9929 1
9929 1
9929 1
9929 1
9929 1
9929 1
9929 1
9930 1
9930 1
9930 1
9930 1
9930 1
9930 1
9930 1
9930 1
9930 1
9931 1
9931 1
9931 1
9931 1
9931 1
9931 1
9931 1
9931 1
9931 1
10002 1
10002 1
10002 1
10002 1
10002 1
10002 1
10002 1
10002 1
10002 1
10006 1
10006 1
10006 1
10006 1
10006 1
10006 1
10006 1
10006 1
10006 1
10007 1
10007 1
10007 1
10007 1
10007 1
10007 1
10007 1
10007 1
10007 1
10010 1
10010 1
10010 1
10010 1
10010 1
10010 1
10010 1
10010 1
10010 1
10011 1
10011 1
10011 1
10011 1
10011 1
10011 1
10011 1
10011 1
10011 1
10013 1
10013 1
10013 1
10013 1
10013 1
10013 1
10013 1
10013 1
10013 1
10084 1
10084 1
10084 1
10084 1
10084 1
10084 1
10084 1
10084 1
10084 1
10086 1
10086 1
10086 1
10086 1
10086 1
10086 1
10086 1
10086 1
10086 1
10087 1
10087 1
10087 1
10087 1
10087 1
10087 1
10087 1
10087 1
10087 1
10091 1
10091 1
10091 1
10091 1
10091 1
10091 1
10091 1
10091 1
10091 1
10092 1
10092 1
10092 1
10092 1
10092 1
10092 1
10092 1
10092 1
10092 1
10093 1
10093 1
10093 1
10093 1
10093 1
10093 1
10093 1
10093 1
10093 1
10094 1
10094 1
10094 1
10094 1
10094 1
10094 1
10094 1
10094 1
10094 1
10095 1
10095 1
10095 1
10095 1
10095 1
10095 1
10095 1
10095 1
10095 1
10096 1
10096 1
10096 1
10096 1
10096 1
10096 1
10096 1
10096 1
10096 1
10170 1
10170 1
10170 1
10170 1
10170 1
10170 1
10170 1
10170 1
10170 1
10173 1
10173 1
10173 1
10173 1
10173 1
10173 1
10173 1
10173 1
10173 1
10174 1
10174 1
10174 1
10174 1
10174 1
10174 1
10174 1
10174 1
10174 1
10175 1
10175 1
10175 1
10175 1
10175 1
10175 1
10175 1
10175 1
10175 1
10176 1
10176 1
10176 1
10176 1
10176 1
10176 1
10176 1
10176 1
10176 1
10177 1
10177 1
10177 1
10177 1
10177 1
10177 1
10177 1
10177 1
10177 1
10234 1
10234 1
10234 1
10234 1
10234 1
10234 1
10234 1
10234 1
10234 1
10253 1
10253 1
10253 1
10253 1
10253 1
10253 1
10253 1
10253 1
10253 1
10254 1
10254 1
10254 1
10254 1
10254 1
10254 1
10254 1
10254 1
10254 1
10255 1
10255 1
10255 1
10255 1
10255 1
10255 1
10255 1
10255 1
10255 1
10256 1
10256 1
10256 1
10256 1
10256 1
10256 1
10256 1
10256 1
10256 1
10259 1
10259 1
10259 1
10259 1
10259 1
10259 1
10259 1
10259 1
10259 1
10260 1
10260 1
10260 1
10260 1
10260 1
10260 1
10260 1
10260 1
10260 1
10261 1
10261 1
10261 1
10261 1
10261 1
10261 1
10261 1
10261 1
10261 1
10313 1
10313 1
10313 1
10313 1
10313 1
10313 1
10313 1
10313 1
10313 1
10319 1
10319 1
10319 1
10319 1
10319 1
10319 1
10319 1
10319 1
10319 1
10337 1
10337 1
10337 1
10337 1
10337 1
10337 1
10337 1
10337 1
10337 1
10338 1
10338 1
10338 1
10338 1
10338 1
10338 1
10338 1
10338 1
10338 1
10340 1
10340 1
10340 1
10340 1
10340 1
10340 1
10340 1
10340 1
10340 1
10341 1
10341 1
10341 1
10341 1
10341 1
10341 1
10341 1
10341 1
10341 1
10342 1
10342 1
10342 1
10342 1
10342 1
10342 1
10342 1
10342 1
10342 1
10401 1
10401 1
10401 1
10401 1
10401 1
10401 1
10401 1
10401 1
10401 1
10404 1
10404 1
10404 1
10404 1
10404 1
10404 1
10404 1
10404 1
10404 1
10422 1
10422 1
10422 1
10422 1
10422 1
10422 1
10422 1
10422 1
10422 1
10423 1
10423 1
10423 1
10423 1
10423 1
10423 1
10423 1
10423 1
10423 1
10427 1
10427 1
10427 1
10427 1
10427 1
10427 1
10427 1
10427 1
10427 1
10428 1
10428 1
10428 1
10428 1
10428 1
10428 1
10428 1
10428 1
10428 1
10429 1
10429 1
10429 1
10429 1
10429 1
10429 1
10429 1
10429 1
10429 1
10430 1
10430 1
10430 1
10430 1
10430 1
10430 1
10430 1
10430 1
10430 1
10497 1
10497 1
10497 1
10497 1
10497 1
10497 1
10497 1
10497 1
10497 1
10520 1
10520 1
10520 1
10520 1
10520 1
10520 1
10520 1
10520 1
10520 1
10521 1
10521 1
10521 1
10521 1
10521 1
10521 1
10521 1
10521 1
10521 1
10523 1
10523 1
10523 1
10523 1
10523 1
10523 1
10523 1
10523 1
10523 1
10524 1
10524 1
10524 1
10524 1
10524 1
10524 1
10524 1
10524 1
10524 1
10525 1
10525 1
10525 1
10525 1
10525 1
10525 1
10525 1
10525 1
10525 1
10526 1
10526 1
10526 1
10526 1
10526 1
10526 1
10526 1
10526 1
10526 1
10599 1
10599 1
10599 1
10599 1
10599 1
10599 1
10599 1
10599 1
10599 1
10619 1
10619 1
10619 1
10619 1
10619 1
10619 1
10619 1
10619 1
10619 1
10621 1
10621 1
10621 1
10621 1
10621 1
10621 1
10621 1
10621 1
10621 1
10624 1
10624 1
10624 1
10624 1
10624 1
10624 1
10624 1
10624 1
10624 1
10625 1
10625 1
10625 1
10625 1
10625 1
10625 1
10625 1
10625 1
10625 1
10626 1
10626 1
10626 1
10626 1
10626 1
10626 1
10626 1
10626 1
10626 1
10717 1
10717 1
10717 1
10717 1
10717 1
10717 1
10717 1
10717 1
10717 1
10719 1
10719 1
10719 1
10719 1
10719 1
10719 1
10719 1
10719 1
10719 1
10720 1
10720 1
10720 1
10720 1
10720 1
10720 1
10720 1
10720 1
10720 1
10722 1
10722 1
10722 1
10722 1
10722 1
10722 1
10722 1
10722 1
10722 1
10723 1
10723 1
10723 1
10723 1
10723 1
10723 1
10723 1
10723 1
10723 1
10724 1
10724 1
10724 1
10724 1
10724 1
10724 1
10724 1
10724 1
10724 1
10725 1
10725 1
10725 1
10725 1
10725 1
10725 1
10725 1
10725 1
10725 1
10820 1
10820 1
10820 1
10820 1
10820 1
10820 1
10820 1
10820 1
10820 1
10824 1
10824 1
10824 1
10824 1
10824 1
10824 1
10824 1
10824 1
10824 1
10825 1
10825 1
10825 1
10825 1
10825 1
10825 1
10825 1
10825 1
10825 1
10826 1
10826 1
10826 1
10826 1
10826 1
10826 1
10826 1
10826 1
10826 1
10923 1
10923 1
10923 1
10923 1
10923 1
10923 1
10923 1
10923 1
10923 1
10925 1
10925 1
10925 1
10925 1
10925 1
10925 1
10925 1
10925 1
10925 1
10926 1
10926 1
10926 1
10926 1
10926 1
10926 1
10926 1
10926 1
10926 1
10927 1
10927 1
10927 1
10927 1
10927 1
10927 1
10927 1
10927 1
10927 1
10928 1
10928 1
10928 1
10928 1
10928 1
10928 1
10928 1
10928 1
10928 1
11010 1
11010 1
11010 1
11010 1
11010 1
11010 1
11010 1
11010 1
11010 1
11040 1
11040 1
11040 1
11040 1
11040 1
11040 1
11040 1
11040 1
11040 1
11031 1
11031 1
11031 1
11031 1
11031 1
11031 1
11031 1
11031 1
11031 1
11032 1
11032 1
11032 1
11032 1
11032 1
11032 1
11032 1
11032 1
11032 1
11033 1
11033 1
11033 1
11033 1
11033 1
11033 1
11033 1
11033 1
11033 1
11034 1
11034 1
11034 1
11034 1
11034 1
11034 1
11034 1
11034 1
11034 1
11035 1
11035 1
11035 1
11035 1
11035 1
11035 1
11035 1
11035 1
11035 1
11036 1
11036 1
11036 1
11036 1
11036 1
11036 1
11036 1
11036 1
11036 1
11037 1
11037 1
11037 1
11037 1
11037 1
11037 1
11037 1
11037 1
11037 1
11115 1
11115 1
11115 1
11115 1
11115 1
11115 1
11115 1
11115 1
11115 1
11154 1
11154 1
11154 1
11154 1
11154 1
11154 1
11154 1
11154 1
11154 1
11155 1
11155 1
11155 1
11155 1
11155 1
11155 1
11155 1
11155 1
11155 1
11152 1
11152 1
11152 1
11152 1
11152 1
11152 1
11152 1
11152 1
11152 1
11153 1
11153 1
11153 1
11153 1
11153 1
11153 1
11153 1
11153 1
11153 1
11149 1
11149 1
11149 1
11149 1
11149 1
11149 1
11149 1
11149 1
11149 1
11150 1
11150 1
11150 1
11150 1
11150 1
11150 1
11150 1
11150 1
11150 1
11151 1
11151 1
11151 1
11151 1
11151 1
11151 1
11151 1
11151 1
11151 1
11140 1
11140 1
11140 1
11140 1
11140 1
11140 1
11140 1
11140 1
11140 1
11145 1
11145 1
11145 1
11145 1
11145 1
11145 1
11145 1
11145 1
11145 1
11146 1
11146 1
11146 1
11146 1
11146 1
11146 1
11146 1
11146 1
11146 1
11147 1
11147 1
11147 1
11147 1
11147 1
11147 1
11147 1
11147 1
11147 1
11143 1
11143 1
11143 1
11143 1
11143 1
11143 1
11143 1
11143 1
11143 1
11144 1
11144 1
11144 1
11144 1
11144 1
11144 1
11144 1
11144 1
11144 1
11236 1
11236 1
11236 1
11236 1
11236 1
11236 1
11236 1
11236 1
11236 1
11241 1
11241 1
11241 1
11241 1
11241 1
11241 1
11241 1
11241 1
11241 1
11276 1
11276 1
11276 1
11276 1
11276 1
11276 1
11276 1
11276 1
11276 1
11277 1
11277 1
11277 1
11277 1
11277 1
11277 1
11277 1
11277 1
11277 1
11274 1
11274 1
11274 1
11274 1
11274 1
11274 1
11274 1
11274 1
11274 1
11275 1
11275 1
11275 1
11275 1
11275 1
11275 1
11275 1
11275 1
11275 1
11271 1
11271 1
11271 1
11271 1
11271 1
11271 1
11271 1
11271 1
11271 1
11272 1
11272 1
11272 1
11272 1
11272 1
11272 1
11272 1
11272 1
11272 1
11273 1
11273 1
11273 1
11273 1
11273 1
11273 1
11273 1
11273 1
11273 1
11268 1
11268 1
11268 1
11268 1
11268 1
11268 1
11268 1
11268 1
11268 1
11269 1
11269 1
11269 1
11269 1
11269 1
11269 1
11269 1
11269 1
11269 1
11270 1
11270 1
11270 1
11270 1
11270 1
11270 1
11270 1
11270 1
11270 1
11262 1
11262 1
11262 1
11262 1
11262 1
11262 1
11262 1
11262 1
11262 1
11265 1
11265 1
11265 1
11265 1
11265 1
11265 1
11265 1
11265 1
11265 1
11266 1
11266 1
11266 1
11266 1
11266 1
11266 1
11266 1
11266 1
11266 1
11267 1
11267 1
11267 1
11267 1
11267 1
11267 1
11267 1
11267 1
11267 1
11401 1
11401 1
11401 1
11401 1
11401 1
11401 1
11401 1
11401 1
11401 1
11402 1
11402 1
11402 1
11402 1
11402 1
11402 1
11402 1
11402 1
11402 1
11399 1
11399 1
11399 1
11399 1
11399 1
11399 1
11399 1
11399 1
11399 1
11400 1
11400 1
11400 1
11400 1
11400 1
11400 1
11400 1
11400 1
11400 1
11398 1
11398 1
11398 1
11398 1
11398 1
11398 1
11398 1
11398 1
11398 1
11394 1
11394 1
11394 1
11394 1
11394 1
11394 1
11394 1
11394 1
11394 1
11395 1
11395 1
11395 1
11395 1
11395 1
11395 1
11395 1
11395 1
11395 1
11396 1
11396 1
11396 1
11396 1
11396 1
11396 1
11396 1
11396 1
11396 1
11373 1
11373 1
11373 1
11373 1
11373 1
11373 1
11373 1
11373 1
11373 1
11391 1
11391 1
11391 1
11391 1
11391 1
11391 1
11391 1
11391 1
11391 1
11392 1
11392 1
11392 1
11392 1
11392 1
11392 1
11392 1
11392 1
11392 1
11393 1
11393 1
11393 1
11393 1
11393 1
11393 1
11393 1
11393 1
11393 1
11390 1
11390 1
11390 1
11390 1
11390 1
11390 1
11390 1
11390 1
11390 1
11383 1
11383 1
11383 1
11383 1
11383 1
11383 1
11383 1
11383 1
11383 1
11385 1
11385 1
11385 1
11385 1
11385 1
11385 1
11385 1
11385 1
11385 1
11386 1
11386 1
11386 1
11386 1
11386 1
11386 1
11386 1
11386 1
11386 1
11388 1
11388 1
11388 1
11388 1
11388 1
11388 1
11388 1
11388 1
11388 1
11389 1
11389 1
11389 1
11389 1
11389 1
11389 1
11389 1
11389 1
11389 1
11480 1
11480 1
11480 1
11480 1
11480 1
11480 1
11480 1
11480 1
11480 1
11534 1
11534 1
11534 1
11534 1
11534 1
11534 1
11534 1
11534 1
11534 1
11532 1
11532 1
11532 1
11532 1
11532 1
11532 1
11532 1
11532 1
11532 1
11533 1
11533 1
11533 1
11533 1
11533 1
11533 1
11533 1
11533 1
11533 1
11530 1
11530 1
11530 1
11530 1
11530 1
11530 1
11530 1
11530 1
11530 1
11531 1
11531 1
11531 1
11531 1
11531 1
11531 1
11531 1
11531 1
11531 1
11528 1
11528 1
11528 1
11528 1
11528 1
11528 1
11528 1
11528 1
11528 1
11529 1
11529 1
11529 1
11529 1
11529 1
11529 1
11529 1
11529 1
11529 1
11525 1
11525 1
11525 1
11525 1
11525 1
11525 1
11525 1
11525 1
11525 1
11527 1
11527 1
11527 1
11527 1
11527 1
11527 1
11527 1
11527 1
11527 1
11499 1
11499 1
11499 1
11499 1
11499 1
11499 1
11499 1
11499 1
11499 1
11501 1
11501 1
11501 1
11501 1
11501 1
11501 1
11501 1
11501 1
11501 1
11523 1
11523 1
11523 1
11523 1
11523 1
11523 1
11523 1
11523 1
11523 1
11524 1
11524 1
11524 1
11524 1
11524 1
11524 1
11524 1
11524 1
11524 1
11502 1
11502 1
11502 1
11502 1
11502 1
11502 1
11502 1
11502 1
11502 1
11505 1
11505 1
11505 1
11505 1
11505 1
11505 1
11505 1
11505 1
11505 1
11520 1
11520 1
11520 1
11520 1
11520 1
11520 1
11520 1
11520 1
11520 1
11521 1
11521 1
11521 1
11521 1
11521 1
11521 1
11521 1
11521 1
11521 1
11510 1
11510 1
11510 1
11510 1
11510 1
11510 1
11510 1
11510 1
11510 1
11511 1
11511 1
11511 1
11511 1
11511 1
11511 1
11511 1
11511 1
11511 1
11512 1
11512 1
11512 1
11512 1
11512 1
11512 1
11512 1
11512 1
11512 1
11513 1
11513 1
11513 1
11513 1
11513 1
11513 1
11513 1
11513 1
11513 1
11514 1
11514 1
11514 1
11514 1
11514 1
11514 1
11514 1
11514 1
11514 1
11515 1
11515 1
11515 1
11515 1
11515 1
11515 1
11515 1
11515 1
11515 1
11615 1
11615 1
11615 1
11615 1
11615 1
11615 1
11615 1
11615 1
11615 1
11661 1
11661 1
11661 1
11661 1
11661 1
11661 1
11661 1
11661 1
11661 1
11659 1
11659 1
11659 1
11659 1
11659 1
11659 1
11659 1
11659 1
11659 1
11660 1
11660 1
11660 1
11660 1
11660 1
11660 1
11660 1
11660 1
11660 1
11657 1
11657 1
11657 1
11657 1
11657 1
11657 1
11657 1
11657 1
11657 1
11658 1
11658 1
11658 1
11658 1
11658 1
11658 1
11658 1
11658 1
11658 1
11655 1
11655 1
11655 1
11655 1
11655 1
11655 1
11655 1
11655 1
11655 1
11656 1
11656 1
11656 1
11656 1
11656 1
11656 1
11656 1
11656 1
11656 1
11624 1
11624 1
11624 1
11624 1
11624 1
11624 1
11624 1
11624 1
11624 1
11625 1
11625 1
11625 1
11625 1
11625 1
11625 1
11625 1
11625 1
11625 1
11626 1
11626 1
11626 1
11626 1
11626 1
11626 1
11626 1
11626 1
11626 1
11652 1
11652 1
11652 1
11652 1
11652 1
11652 1
11652 1
11652 1
11652 1
11653 1
11653 1
11653 1
11653 1
11653 1
11653 1
11653 1
11653 1
11653 1
11654 1
11654 1
11654 1
11654 1
11654 1
11654 1
11654 1
11654 1
11654 1
11628 1
11628 1
11628 1
11628 1
11628 1
11628 1
11628 1
11628 1
11628 1
11629 1
11629 1
11629 1
11629 1
11629 1
11629 1
11629 1
11629 1
11629 1
11651 1
11651 1
11651 1
11651 1
11651 1
11651 1
11651 1
11651 1
11651 1
11631 1
11631 1
11631 1
11631 1
11631 1
11631 1
11631 1
11631 1
11631 1
11632 1
11632 1
11632 1
11632 1
11632 1
11632 1
11632 1
11632 1
11632 1
11634 1
11634 1
11634 1
11634 1
11634 1
11634 1
11634 1
11634 1
11634 1
11635 1
11635 1
11635 1
11635 1
11635 1
11635 1
11635 1
11635 1
11635 1
11643 1
11643 1
11643 1
11643 1
11643 1
11643 1
11643 1
11643 1
11643 1
11644 1
11644 1
11644 1
11644 1
11644 1
11644 1
11644 1
11644 1
11644 1
11645 1
11645 1
11645 1
11645 1
11645 1
11645 1
11645 1
11645 1
11645 1
11646 1
11646 1
11646 1
11646 1
11646 1
11646 1
11646 1
11646 1
11646 1
11647 1
11647 1
11647 1
11647 1
11647 1
11647 1
11647 1
11647 1
11647 1
11638 1
11638 1
11638 1
11638 1
11638 1
11638 1
11638 1
11638 1
11638 1
11639 1
11639 1
11639 1
11639 1
11639 1
11639 1
11639 1
11639 1
11639 1
11640 1
11640 1
11640 1
11640 1
11640 1
11640 1
11640 1
11640 1
11640 1
11641 1
11641 1
11641 1
11641 1
11641 1
11641 1
11641 1
11641 1
11641 1
11642 1
11642 1
11642 1
11642 1
11642 1
11642 1
11642 1
11642 1
11642 1
11793 1
11793 1
11793 1
11793 1
11793 1
11793 1
11793 1
11793 1
11793 1
11791 1
11791 1
11791 1
11791 1
11791 1
11791 1
11791 1
11791 1
11791 1
11792 1
11792 1
11792 1
11792 1
11792 1
11792 1
11792 1
11792 1
11792 1
11789 1
11789 1
11789 1
11789 1
11789 1
11789 1
11789 1
11789 1
11789 1
11790 1
11790 1
11790 1
11790 1
11790 1
11790 1
11790 1
11790 1
11790 1
11788 1
11788 1
11788 1
11788 1
11788 1
11788 1
11788 1
11788 1
11788 1
11752 1
11752 1
11752 1
11752 1
11752 1
11752 1
11752 1
11752 1
11752 1
11786 1
11786 1
11786 1
11786 1
11786 1
11786 1
11786 1
11786 1
11786 1
11754 1
11754 1
11754 1
11754 1
11754 1
11754 1
11754 1
11754 1
11754 1
11755 1
11755 1
11755 1
11755 1
11755 1
11755 1
11755 1
11755 1
11755 1
11782 1
11782 1
11782 1
11782 1
11782 1
11782 1
11782 1
11782 1
11782 1
11784 1
11784 1
11784 1
11784 1
11784 1
11784 1
11784 1
11784 1
11784 1
11757 1
11757 1
11757 1
11757 1
11757 1
11757 1
11757 1
11757 1
11757 1
11758 1
11758 1
11758 1
11758 1
11758 1
11758 1
11758 1
11758 1
11758 1
11759 1
11759 1
11759 1
11759 1
11759 1
11759 1
11759 1
11759 1
11759 1
11778 1
11778 1
11778 1
11778 1
11778 1
11778 1
11778 1
11778 1
11778 1
11779 1
11779 1
11779 1
11779 1
11779 1
11779 1
11779 1
11779 1
11779 1
11762 1
11762 1
11762 1
11762 1
11762 1
11762 1
11762 1
11762 1
11762 1
11765 1
11765 1
11765 1
11765 1
11765 1
11765 1
11765 1
11765 1
11765 1
11767 1
11767 1
11767 1
11767 1
11767 1
11767 1
11767 1
11767 1
11767 1
11768 1
11768 1
11768 1
11768 1
11768 1
11768 1
11768 1
11768 1
11768 1
11769 1
11769 1
11769 1
11769 1
11769 1
11769 1
11769 1
11769 1
11769 1
11770 1
11770 1
11770 1
11770 1
11770 1
11770 1
11770 1
11770 1
11770 1
11771 1
11771 1
11771 1
11771 1
11771 1
11771 1
11771 1
11771 1
11771 1
11772 1
11772 1
11772 1
11772 1
11772 1
11772 1
11772 1
11772 1
11772 1
11773 1
11773 1
11773 1
11773 1
11773 1
11773 1
11773 1
11773 1
11773 1
11774 1
11774 1
11774 1
11774 1
11774 1
11774 1
11774 1
11774 1
11774 1
11775 1
11775 1
11775 1
11775 1
11775 1
11775 1
11775 1
11775 1
11775 1
11776 1
11776 1
11776 1
11776 1
11776 1
11776 1
11776 1
11776 1
11776 1
11923 1
11923 1
11923 1
11923 1
11923 1
11923 1
11923 1
11923 1
11923 1
11924 1
11924 1
11924 1
11924 1
11924 1
11924 1
11924 1
11924 1
11924 1
11921 1
11921 1
11921 1
11921 1
11921 1
11921 1
11921 1
11921 1
11921 1
11922 1
11922 1
11922 1
11922 1
11922 1
11922 1
11922 1
11922 1
11922 1
11919 1
11919 1
11919 1
11919 1
11919 1
11919 1
11919 1
11919 1
11919 1
11920 1
11920 1
11920 1
11920 1
11920 1
11920 1
11920 1
11920 1
11920 1
11917 1
11917 1
11917 1
11917 1
11917 1
11917 1
11917 1
11917 1
11917 1
11918 1
11918 1
11918 1
11918 1
11918 1
11918 1
11918 1
11918 1
11918 1
11916 1
11916 1
11916 1
11916 1
11916 1
11916 1
11916 1
11916 1
11916 1
11886 1
11886 1
11886 1
11886 1
11886 1
11886 1
11886 1
11886 1
11886 1
11912 1
11912 1
11912 1
11912 1
11912 1
11912 1
11912 1
11912 1
11912 1
11914 1
11914 1
11914 1
11914 1
11914 1
11914 1
11914 1
11914 1
11914 1
11889 1
11889 1
11889 1
11889 1
11889 1
11889 1
11889 1
11889 1
11889 1
11890 1
11890 1
11890 1
11890 1
11890 1
11890 1
11890 1
11890 1
11890 1
11891 1
11891 1
11891 1
11891 1
11891 1
11891 1
11891 1
11891 1
11891 1
11909 1
11909 1
11909 1
11909 1
11909 1
11909 1
11909 1
11909 1
11909 1
11910 1
11910 1
11910 1
11910 1
11910 1
11910 1
11910 1
11910 1
11910 1
11895 1
11895 1
11895 1
11895 1
11895 1
11895 1
11895 1
11895 1
11895 1
11896 1
11896 1
11896 1
11896 1
11896 1
11896 1
11896 1
11896 1
11896 1
11898 1
11898 1
11898 1
11898 1
11898 1
11898 1
11898 1
11898 1
11898 1
11899 1
11899 1
11899 1
11899 1
11899 1
11899 1
11899 1
11899 1
11899 1
11900 1
11900 1
11900 1
11900 1
11900 1
11900 1
11900 1
11900 1
11900 1
11901 1
11901 1
11901 1
11901 1
11901 1
11901 1
11901 1
11901 1
11901 1
11902 1
11902 1
11902 1
11902 1
11902 1
11902 1
11902 1
11902 1
11902 1
11903 1
11903 1
11903 1
11903 1
11903 1
11903 1
11903 1
11903 1
11903 1
11904 1
11904 1
11904 1
11904 1
11904 1
11904 1
11904 1
11904 1
11904 1
11905 1
11905 1
11905 1
11905 1
11905 1
11905 1
11905 1
11905 1
11905 1
11906 1
11906 1
11906 1
11906 1
11906 1
11906 1
11906 1
11906 1
11906 1
12049 1
12049 1
12049 1
12049 1
12049 1
12049 1
12049 1
12049 1
12049 1
12047 1
12047 1
12047 1
12047 1
12047 1
12047 1
12047 1
12047 1
12047 1
12048 1
12048 1
12048 1
12048 1
12048 1
12048 1
12048 1
12048 1
12048 1
12045 1
12045 1
12045 1
12045 1
12045 1
12045 1
12045 1
12045 1
12045 1
12046 1
12046 1
12046 1
12046 1
12046 1
12046 1
12046 1
12046 1
12046 1
12043 1
12043 1
12043 1
12043 1
12043 1
12043 1
12043 1
12043 1
12043 1
12044 1
12044 1
12044 1
12044 1
12044 1
12044 1
12044 1
12044 1
12044 1
12041 1
12041 1
12041 1
12041 1
12041 1
12041 1
12041 1
12041 1
12041 1
12042 1
12042 1
12042 1
12042 1
12042 1
12042 1
12042 1
12042 1
12042 1
12009 1
12009 1
12009 1
12009 1
12009 1
12009 1
12009 1
12009 1
12009 1
12038 1
12038 1
12038 1
12038 1
12038 1
12038 1
12038 1
12038 1
12038 1
12040 1
12040 1
12040 1
12040 1
12040 1
12040 1
12040 1
12040 1
12040 1
12011 1
12011 1
12011 1
12011 1
12011 1
12011 1
12011 1
12011 1
12011 1
12012 1
12012 1
12012 1
12012 1
12012 1
12012 1
12012 1
12012 1
12012 1
12013 1
12013 1
12013 1
12013 1
12013 1
12013 1
12013 1
12013 1
12013 1
12035 1
12035 1
12035 1
12035 1
12035 1
12035 1
12035 1
12035 1
12035 1
12031 1
12031 1
12031 1
12031 1
12031 1
12031 1
12031 1
12031 1
12031 1
12032 1
12032 1
12032 1
12032 1
12032 1
12032 1
12032 1
12032 1
12032 1
12033 1
12033 1
12033 1
12033 1
12033 1
12033 1
12033 1
12033 1
12033 1
12019 1
12019 1
12019 1
12019 1
12019 1
12019 1
12019 1
12019 1
12019 1
12020 1
12020 1
12020 1
12020 1
12020 1
12020 1
12020 1
12020 1
12020 1
12022 1
12022 1
12022 1
12022 1
12022 1
12022 1
12022 1
12022 1
12022 1
12023 1
12023 1
12023 1
12023 1
12023 1
12023 1
12023 1
12023 1
12023 1
12024 1
12024 1
12024 1
12024 1
12024 1
12024 1
12024 1
12024 1
12024 1
12026 1
12026 1
12026 1
12026 1
12026 1
12026 1
12026 1
12026 1
12026 1
12027 1
12027 1
12027 1
12027 1
12027 1
12027 1
12027 1
12027 1
12027 1
12173 1
12173 1
12173 1
12173 1
12173 1
12173 1
12173 1
12173 1
12173 1
12171 1
12171 1
12171 1
12171 1
12171 1
12171 1
12171 1
12171 1
12171 1
12169 1
12169 1
12169 1
12169 1
12169 1
12169 1
12169 1
12169 1
12169 1
12170 1
12170 1
12170 1
12170 1
12170 1
12170 1
12170 1
12170 1
12170 1
12167 1
12167 1
12167 1
12167 1
12167 1
12167 1
12167 1
12167 1
12167 1
12168 1
12168 1
12168 1
12168 1
12168 1
12168 1
12168 1
12168 1
12168 1
12165 1
12165 1
12165 1
12165 1
12165 1
12165 1
12165 1
12165 1
12165 1
12166 1
12166 1
12166 1
12166 1
12166 1
12166 1
12166 1
12166 1
12166 1
12128 1
12128 1
12128 1
12128 1
12128 1
12128 1
12128 1
12128 1
12128 1
12163 1
12163 1
12163 1
12163 1
12163 1
12163 1
12163 1
12163 1
12163 1
12164 1
12164 1
12164 1
12164 1
12164 1
12164 1
12164 1
12164 1
12164 1
12131 1
12131 1
12131 1
12131 1
12131 1
12131 1
12131 1
12131 1
12131 1
12132 1
12132 1
12132 1
12132 1
12132 1
12132 1
12132 1
12132 1
12132 1
12160 1
12160 1
12160 1
12160 1
12160 1
12160 1
12160 1
12160 1
12160 1
12161 1
12161 1
12161 1
12161 1
12161 1
12161 1
12161 1
12161 1
12161 1
12162 1
12162 1
12162 1
12162 1
12162 1
12162 1
12162 1
12162 1
12162 1
12135 1
12135 1
12135 1
12135 1
12135 1
12135 1
12135 1
12135 1
12135 1
12136 1
12136 1
12136 1
12136 1
12136 1
12136 1
12136 1
12136 1
12136 1
12157 1
12157 1
12157 1
12157 1
12157 1
12157 1
12157 1
12157 1
12157 1
12137 1
12137 1
12137 1
12137 1
12137 1
12137 1
12137 1
12137 1
12137 1
12139 1
12139 1
12139 1
12139 1
12139 1
12139 1
12139 1
12139 1
12139 1
12140 1
12140 1
12140 1
12140 1
12140 1
12140 1
12140 1
12140 1
12140 1
12141 1
12141 1
12141 1
12141 1
12141 1
12141 1
12141 1
12141 1
12141 1
12142 1
12142 1
12142 1
12142 1
12142 1
12142 1
12142 1
12142 1
12142 1
12151 1
12151 1
12151 1
12151 1
12151 1
12151 1
12151 1
12151 1
12151 1
12152 1
12152 1
12152 1
12152 1
12152 1
12152 1
12152 1
12152 1
12152 1
12153 1
12153 1
12153 1
12153 1
12153 1
12153 1
12153 1
12153 1
12153 1
12154 1
12154 1
12154 1
12154 1
12154 1
12154 1
12154 1
12154 1
12154 1
12143 1
12143 1
12143 1
12143 1
12143 1
12143 1
12143 1
12143 1
12143 1
12144 1
12144 1
12144 1
12144 1
12144 1
12144 1
12144 1
12144 1
12144 1
12145 1
12145 1
12145 1
12145 1
12145 1
12145 1
12145 1
12145 1
12145 1
12146 1
12146 1
12146 1
12146 1
12146 1
12146 1
12146 1
12146 1
12146 1
12147 1
12147 1
12147 1
12147 1
12147 1
12147 1
12147 1
12147 1
12147 1
12148 1
12148 1
12148 1
12148 1
12148 1
12148 1
12148 1
12148 1
12148 1
12149 1
12149 1
12149 1
12149 1
12149 1
12149 1
12149 1
12149 1
12149 1
12150 1
12150 1
12150 1
12150 1
12150 1
12150 1
12150 1
12150 1
12150 1
12297 1
12297 1
12297 1
12297 1
12297 1
12297 1
12297 1
12297 1
12297 1
12239 1
12239 1
12239 1
12239 1
12239 1
12239 1
12239 1
12239 1
12239 1
12244 1
12244 1
12244 1
12244 1
12244 1
12244 1
12244 1
12244 1
12244 1
12296 1
12296 1
12296 1
12296 1
12296 1
12296 1
12296 1
12296 1
12296 1
12295 1
12295 1
12295 1
12295 1
12295 1
12295 1
12295 1
12295 1
12295 1
12293 1
12293 1
12293 1
12293 1
12293 1
12293 1
12293 1
12293 1
12293 1
12294 1
12294 1
12294 1
12294 1
12294 1
12294 1
12294 1
12294 1
12294 1
12291 1
12291 1
12291 1
12291 1
12291 1
12291 1
12291 1
12291 1
12291 1
12292 1
12292 1
12292 1
12292 1
12292 1
12292 1
12292 1
12292 1
12292 1
12289 1
12289 1
12289 1
12289 1
12289 1
12289 1
12289 1
12289 1
12289 1
12290 1
12290 1
12290 1
12290 1
12290 1
12290 1
12290 1
12290 1
12290 1
12254 1
12254 1
12254 1
12254 1
12254 1
12254 1
12254 1
12254 1
12254 1
12287 1
12287 1
12287 1
12287 1
12287 1
12287 1
12287 1
12287 1
12287 1
12288 1
12288 1
12288 1
12288 1
12288 1
12288 1
12288 1
12288 1
12288 1
12256 1
12256 1
12256 1
12256 1
12256 1
12256 1
12256 1
12256 1
12256 1
12257 1
12257 1
12257 1
12257 1
12257 1
12257 1
12257 1
12257 1
12257 1
12284 1
12284 1
12284 1
12284 1
12284 1
12284 1
12284 1
12284 1
12284 1
12259 1
12259 1
12259 1
12259 1
12259 1
12259 1
12259 1
12259 1
12259 1
12260 1
12260 1
12260 1
12260 1
12260 1
12260 1
12260 1
12260 1
12260 1
12280 1
12280 1
12280 1
12280 1
12280 1
12280 1
12280 1
12280 1
12280 1
12282 1
12282 1
12282 1
12282 1
12282 1
12282 1
12282 1
12282 1
12282 1
12262 1
12262 1
12262 1
12262 1
12262 1
12262 1
12262 1
12262 1
12262 1
12264 1
12264 1
12264 1
12264 1
12264 1
12264 1
12264 1
12264 1
12264 1
12265 1
12265 1
12265 1
12265 1
12265 1
12265 1
12265 1
12265 1
12265 1
12266 1
12266 1
12266 1
12266 1
12266 1
12266 1
12266 1
12266 1
12266 1
12267 1
12267 1
12267 1
12267 1
12267 1
12267 1
12267 1
12267 1
12267 1
12268 1
12268 1
12268 1
12268 1
12268 1
12268 1
12268 1
12268 1
12268 1
12269 1
12269 1
12269 1
12269 1
12269 1
12269 1
12269 1
12269 1
12269 1
12270 1
12270 1
12270 1
12270 1
12270 1
12270 1
12270 1
12270 1
12270 1
12271 1
12271 1
12271 1
12271 1
12271 1
12271 1
12271 1
12271 1
12271 1
12272 1
12272 1
12272 1
12272 1
12272 1
12272 1
12272 1
12272 1
12272 1
12273 1
12273 1
12273 1
12273 1
12273 1
12273 1
12273 1
12273 1
12273 1
12274 1
12274 1
12274 1
12274 1
12274 1
12274 1
12274 1
12274 1
12274 1
12275 1
12275 1
12275 1
12275 1
12275 1
12275 1
12275 1
12275 1
12275 1
12279 1
12279 1
12279 1
12279 1
12279 1
12279 1
12279 1
12279 1
12279 1
12433 1
12433 1
12433 1
12433 1
12433 1
12433 1
12433 1
12433 1
12433 1
12367 1
12367 1
12367 1
12367 1
12367 1
12367 1
12367 1
12367 1
12367 1
12374 1
12374 1
12374 1
12374 1
12374 1
12374 1
12374 1
12374 1
12374 1
12427 1
12427 1
12427 1
12427 1
12427 1
12427 1
12427 1
12427 1
12427 1
12425 1
12425 1
12425 1
12425 1
12425 1
12425 1
12425 1
12425 1
12425 1
12426 1
12426 1
12426 1
12426 1
12426 1
12426 1
12426 1
12426 1
12426 1
12423 1
12423 1
12423 1
12423 1
12423 1
12423 1
12423 1
12423 1
12423 1
12424 1
12424 1
12424 1
12424 1
12424 1
12424 1
12424 1
12424 1
12424 1
12421 1
12421 1
12421 1
12421 1
12421 1
12421 1
12421 1
12421 1
12421 1
12422 1
12422 1
12422 1
12422 1
12422 1
12422 1
12422 1
12422 1
12422 1
12419 1
12419 1
12419 1
12419 1
12419 1
12419 1
12419 1
12419 1
12419 1
12420 1
12420 1
12420 1
12420 1
12420 1
12420 1
12420 1
12420 1
12420 1
12384 1
12384 1
12384 1
12384 1
12384 1
12384 1
12384 1
12384 1
12384 1
12385 1
12385 1
12385 1
12385 1
12385 1
12385 1
12385 1
12385 1
12385 1
12386 1
12386 1
12386 1
12386 1
12386 1
12386 1
12386 1
12386 1
12386 1
12418 1
12418 1
12418 1
12418 1
12418 1
12418 1
12418 1
12418 1
12418 1
12414 1
12414 1
12414 1
12414 1
12414 1
12414 1
12414 1
12414 1
12414 1
12415 1
12415 1
12415 1
12415 1
12415 1
12415 1
12415 1
12415 1
12415 1
12416 1
12416 1
12416 1
12416 1
12416 1
12416 1
12416 1
12416 1
12416 1
12392 1
12392 1
12392 1
12392 1
12392 1
12392 1
12392 1
12392 1
12392 1
12409 1
12409 1
12409 1
12409 1
12409 1
12409 1
12409 1
12409 1
12409 1
12410 1
12410 1
12410 1
12410 1
12410 1
12410 1
12410 1
12410 1
12410 1
12411 1
12411 1
12411 1
12411 1
12411 1
12411 1
12411 1
12411 1
12411 1
12412 1
12412 1
12412 1
12412 1
12412 1
12412 1
12412 1
12412 1
12412 1
12413 1
12413 1
12413 1
12413 1
12413 1
12413 1
12413 1
12413 1
12413 1
12394 1
12394 1
12394 1
12394 1
12394 1
12394 1
12394 1
12394 1
12394 1
12395 1
12395 1
12395 1
12395 1
12395 1
12395 1
12395 1
12395 1
12395 1
12396 1
12396 1
12396 1
12396 1
12396 1
12396 1
12396 1
12396 1
12396 1
12397 1
12397 1
12397 1
12397 1
12397 1
12397 1
12397 1
12397 1
12397 1
12398 1
12398 1
12398 1
12398 1
12398 1
12398 1
12398 1
12398 1
12398 1
12399 1
12399 1
12399 1
12399 1
12399 1
12399 1
12399 1
12399 1
12399 1
12400 1
12400 1
12400 1
12400 1
12400 1
12400 1
12400 1
12400 1
12400 1
12403 1
12403 1
12403 1
12403 1
12403 1
12403 1
12403 1
12403 1
12403 1
12404 1
12404 1
12404 1
12404 1
12404 1
12404 1
12404 1
12404 1
12404 1
12405 1
12405 1
12405 1
12405 1
12405 1
12405 1
12405 1
12405 1
12405 1
12406 1
12406 1
12406 1
12406 1
12406 1
12406 1
12406 1
12406 1
12406 1
12408 1
12408 1
12408 1
12408 1
12408 1
12408 1
12408 1
12408 1
12408 1
12499 1
12499 1
12499 1
12499 1
12499 1
12499 1
12499 1
12499 1
12499 1
12500 1
12500 1
12500 1
12500 1
12500 1
12500 1
12500 1
12500 1
12500 1
12501 1
12501 1
12501 1
12501 1
12501 1
12501 1
12501 1
12501 1
12501 1
12502 1
12502 1
12502 1
12502 1
12502 1
12502 1
12502 1
12502 1
12502 1
12559 1
12559 1
12559 1
12559 1
12559 1
12559 1
12559 1
12559 1
12559 1
12558 1
12558 1
12558 1
12558 1
12558 1
12558 1
12558 1
12558 1
12558 1
12556 1
12556 1
12556 1
12556 1
12556 1
12556 1
12556 1
12556 1
12556 1
12557 1
12557 1
12557 1
12557 1
12557 1
12557 1
12557 1
12557 1
12557 1
12554 1
12554 1
12554 1
12554 1
12554 1
12554 1
12554 1
12554 1
12554 1
12555 1
12555 1
12555 1
12555 1
12555 1
12555 1
12555 1
12555 1
12555 1
12552 1
12552 1
12552 1
12552 1
12552 1
12552 1
12552 1
12552 1
12552 1
12553 1
12553 1
12553 1
12553 1
12553 1
12553 1
12553 1
12553 1
12553 1
12550 1
12550 1
12550 1
12550 1
12550 1
12550 1
12550 1
12550 1
12550 1
12551 1
12551 1
12551 1
12551 1
12551 1
12551 1
12551 1
12551 1
12551 1
12518 1
12518 1
12518 1
12518 1
12518 1
12518 1
12518 1
12518 1
12518 1
12547 1
12547 1
12547 1
12547 1
12547 1
12547 1
12547 1
12547 1
12547 1
12548 1
12548 1
12548 1
12548 1
12548 1
12548 1
12548 1
12548 1
12548 1
12549 1
12549 1
12549 1
12549 1
12549 1
12549 1
12549 1
12549 1
12549 1
12520 1
12520 1
12520 1
12520 1
12520 1
12520 1
12520 1
12520 1
12520 1
12544 1
12544 1
12544 1
12544 1
12544 1
12544 1
12544 1
12544 1
12544 1
12545 1
12545 1
12545 1
12545 1
12545 1
12545 1
12545 1
12545 1
12545 1
12546 1
12546 1
12546 1
12546 1
12546 1
12546 1
12546 1
12546 1
12546 1
12522 1
12522 1
12522 1
12522 1
12522 1
12522 1
12522 1
12522 1
12522 1
12523 1
12523 1
12523 1
12523 1
12523 1
12523 1
12523 1
12523 1
12523 1
12524 1
12524 1
12524 1
12524 1
12524 1
12524 1
12524 1
12524 1
12524 1
12525 1
12525 1
12525 1
12525 1
12525 1
12525 1
12525 1
12525 1
12525 1
12526 1
12526 1
12526 1
12526 1
12526 1
12526 1
12526 1
12526 1
12526 1
12540 1
12540 1
12540 1
12540 1
12540 1
12540 1
12540 1
12540 1
12540 1
12541 1
12541 1
12541 1
12541 1
12541 1
12541 1
12541 1
12541 1
12541 1
12542 1
12542 1
12542 1
12542 1
12542 1
12542 1
12542 1
12542 1
12542 1
12543 1
12543 1
12543 1
12543 1
12543 1
12543 1
12543 1
12543 1
12543 1
12527 1
12527 1
12527 1
12527 1
12527 1
12527 1
12527 1
12527 1
12527 1
12528 1
12528 1
12528 1
12528 1
12528 1
12528 1
12528 1
12528 1
12528 1
12529 1
12529 1
12529 1
12529 1
12529 1
12529 1
12529 1
12529 1
12529 1
12530 1
12530 1
12530 1
12530 1
12530 1
12530 1
12530 1
12530 1
12530 1
12531 1
12531 1
12531 1
12531 1
12531 1
12531 1
12531 1
12531 1
12531 1
12532 1
12532 1
12532 1
12532 1
12532 1
12532 1
12532 1
12532 1
12532 1
12533 1
12533 1
12533 1
12533 1
12533 1
12533 1
12533 1
12533 1
12533 1
12534 1
12534 1
12534 1
12534 1
12534 1
12534 1
12534 1
12534 1
12534 1
12535 1
12535 1
12535 1
12535 1
12535 1
12535 1
12535 1
12535 1
12535 1
12536 1
12536 1
12536 1
12536 1
12536 1
12536 1
12536 1
12536 1
12536 1
12537 1
12537 1
12537 1
12537 1
12537 1
12537 1
12537 1
12537 1
12537 1
12538 1
12538 1
12538 1
12538 1
12538 1
12538 1
12538 1
12538 1
12538 1
12539 1
12539 1
12539 1
12539 1
12539 1
12539 1
12539 1
12539 1
12539 1
12689 1
12689 1
12689 1
12689 1
12689 1
12689 1
12689 1
12689 1
12689 1
12688 1
12688 1
12688 1
12688 1
12688 1
12688 1
12688 1
12688 1
12688 1
12687 1
12687 1
12687 1
12687 1
12687 1
12687 1
12687 1
12687 1
12687 1
12684 1
12684 1
12684 1
12684 1
12684 1
12684 1
12684 1
12684 1
12684 1
12683 1
12683 1
12683 1
12683 1
12683 1
12683 1
12683 1
12683 1
12683 1
12628 1
12628 1
12628 1
12628 1
12628 1
12628 1
12628 1
12628 1
12628 1
12635 1
12635 1
12635 1
12635 1
12635 1
12635 1
12635 1
12635 1
12635 1
12681 1
12681 1
12681 1
12681 1
12681 1
12681 1
12681 1
12681 1
12681 1
12682 1
12682 1
12682 1
12682 1
12682 1
12682 1
12682 1
12682 1
12682 1
12680 1
12680 1
12680 1
12680 1
12680 1
12680 1
12680 1
12680 1
12680 1
12678 1
12678 1
12678 1
12678 1
12678 1
12678 1
12678 1
12678 1
12678 1
12679 1
12679 1
12679 1
12679 1
12679 1
12679 1
12679 1
12679 1
12679 1
12676 1
12676 1
12676 1
12676 1
12676 1
12676 1
12676 1
12676 1
12676 1
12677 1
12677 1
12677 1
12677 1
12677 1
12677 1
12677 1
12677 1
12677 1
12643 1
12643 1
12643 1
12643 1
12643 1
12643 1
12643 1
12643 1
12643 1
12674 1
12674 1
12674 1
12674 1
12674 1
12674 1
12674 1
12674 1
12674 1
12675 1
12675 1
12675 1
12675 1
12675 1
12675 1
12675 1
12675 1
12675 1
12644 1
12644 1
12644 1
12644 1
12644 1
12644 1
12644 1
12644 1
12644 1
12645 1
12645 1
12645 1
12645 1
12645 1
12645 1
12645 1
12645 1
12645 1
12672 1
12672 1
12672 1
12672 1
12672 1
12672 1
12672 1
12672 1
12672 1
12673 1
12673 1
12673 1
12673 1
12673 1
12673 1
12673 1
12673 1
12673 1
12647 1
12647 1
12647 1
12647 1
12647 1
12647 1
12647 1
12647 1
12647 1
12669 1
12669 1
12669 1
12669 1
12669 1
12669 1
12669 1
12669 1
12669 1
12670 1
12670 1
12670 1
12670 1
12670 1
12670 1
12670 1
12670 1
12670 1
12671 1
12671 1
12671 1
12671 1
12671 1
12671 1
12671 1
12671 1
12671 1
12650 1
12650 1
12650 1
12650 1
12650 1
12650 1
12650 1
12650 1
12650 1
12651 1
12651 1
12651 1
12651 1
12651 1
12651 1
12651 1
12651 1
12651 1
12652 1
12652 1
12652 1
12652 1
12652 1
12652 1
12652 1
12652 1
12652 1
12662 1
12662 1
12662 1
12662 1
12662 1
12662 1
12662 1
12662 1
12662 1
12663 1
12663 1
12663 1
12663 1
12663 1
12663 1
12663 1
12663 1
12663 1
12664 1
12664 1
12664 1
12664 1
12664 1
12664 1
12664 1
12664 1
12664 1
12665 1
12665 1
12665 1
12665 1
12665 1
12665 1
12665 1
12665 1
12665 1
12666 1
12666 1
12666 1
12666 1
12666 1
12666 1
12666 1
12666 1
12666 1
12667 1
12667 1
12667 1
12667 1
12667 1
12667 1
12667 1
12667 1
12667 1
12654 1
12654 1
12654 1
12654 1
12654 1
12654 1
12654 1
12654 1
12654 1
12655 1
12655 1
12655 1
12655 1
12655 1
12655 1
12655 1
12655 1
12655 1
12656 1
12656 1
12656 1
12656 1
12656 1
12656 1
12656 1
12656 1
12656 1
12657 1
12657 1
12657 1
12657 1
12657 1
12657 1
12657 1
12657 1
12657 1
12658 1
12658 1
12658 1
12658 1
12658 1
12658 1
12658 1
12658 1
12658 1
12659 1
12659 1
12659 1
12659 1
12659 1
12659 1
12659 1
12659 1
12659 1
12660 1
12660 1
12660 1
12660 1
12660 1
12660 1
12660 1
12660 1
12660 1
12661 1
12661 1
12661 1
12661 1
12661 1
12661 1
12661 1
12661 1
12661 1
12808 1
12808 1
12808 1
12808 1
12808 1
12808 1
12808 1
12808 1
12808 1
12805 1
12805 1
12805 1
12805 1
12805 1
12805 1
12805 1
12805 1
12805 1
12804 1
12804 1
12804 1
12804 1
12804 1
12804 1
12804 1
12804 1
12804 1
12799 1
12799 1
12799 1
12799 1
12799 1
12799 1
12799 1
12799 1
12799 1
12800 1
12800 1
12800 1
12800 1
12800 1
12800 1
12800 1
12800 1
12800 1
12798 1
12798 1
12798 1
12798 1
12798 1
12798 1
12798 1
12798 1
12798 1
12796 1
12796 1
12796 1
12796 1
12796 1
12796 1
12796 1
12796 1
12796 1
12797 1
12797 1
12797 1
12797 1
12797 1
12797 1
12797 1
12797 1
12797 1
12794 1
12794 1
12794 1
12794 1
12794 1
12794 1
12794 1
12794 1
12794 1
12795 1
12795 1
12795 1
12795 1
12795 1
12795 1
12795 1
12795 1
12795 1
12758 1
12758 1
12758 1
12758 1
12758 1
12758 1
12758 1
12758 1
12758 1
12792 1
12792 1
12792 1
12792 1
12792 1
12792 1
12792 1
12792 1
12792 1
12793 1
12793 1
12793 1
12793 1
12793 1
12793 1
12793 1
12793 1
12793 1
12761 1
12761 1
12761 1
12761 1
12761 1
12761 1
12761 1
12761 1
12761 1
12790 1
12790 1
12790 1
12790 1
12790 1
12790 1
12790 1
12790 1
12790 1
12791 1
12791 1
12791 1
12791 1
12791 1
12791 1
12791 1
12791 1
12791 1
12763 1
12763 1
12763 1
12763 1
12763 1
12763 1
12763 1
12763 1
12763 1
12764 1
12764 1
12764 1
12764 1
12764 1
12764 1
12764 1
12764 1
12764 1
12788 1
12788 1
12788 1
12788 1
12788 1
12788 1
12788 1
12788 1
12788 1
12789 1
12789 1
12789 1
12789 1
12789 1
12789 1
12789 1
12789 1
12789 1
12765 1
12765 1
12765 1
12765 1
12765 1
12765 1
12765 1
12765 1
12765 1
12766 1
12766 1
12766 1
12766 1
12766 1
12766 1
12766 1
12766 1
12766 1
12787 1
12787 1
12787 1
12787 1
12787 1
12787 1
12787 1
12787 1
12787 1
12767 1
12767 1
12767 1
12767 1
12767 1
12767 1
12767 1
12767 1
12767 1
12768 1
12768 1
12768 1
12768 1
12768 1
12768 1
12768 1
12768 1
12768 1
12769 1
12769 1
12769 1
12769 1
12769 1
12769 1
12769 1
12769 1
12769 1
12784 1
12784 1
12784 1
12784 1
12784 1
12784 1
12784 1
12784 1
12784 1
12930 1
12930 1
12930 1
12930 1
12930 1
12930 1
12930 1
12930 1
12930 1
12929 1
12929 1
12929 1
12929 1
12929 1
12929 1
12929 1
12929 1
12929 1
12919 1
12919 1
12919 1
12919 1
12919 1
12919 1
12919 1
12919 1
12919 1
12918 1
12918 1
12918 1
12918 1
12918 1
12918 1
12918 1
12918 1
12918 1
12917 1
12917 1
12917 1
12917 1
12917 1
12917 1
12917 1
12917 1
12917 1
12916 1
12916 1
12916 1
12916 1
12916 1
12916 1
12916 1
12916 1
12916 1
12914 1
12914 1
12914 1
12914 1
12914 1
12914 1
12914 1
12914 1
12914 1
12912 1
12912 1
12912 1
12912 1
12912 1
12912 1
12912 1
12912 1
12912 1
12913 1
12913 1
12913 1
12913 1
12913 1
12913 1
12913 1
12913 1
12913 1
12910 1
12910 1
12910 1
12910 1
12910 1
12910 1
12910 1
12910 1
12910 1
12911 1
12911 1
12911 1
12911 1
12911 1
12911 1
12911 1
12911 1
12911 1
12908 1
12908 1
12908 1
12908 1
12908 1
12908 1
12908 1
12908 1
12908 1
12909 1
12909 1
12909 1
12909 1
12909 1
12909 1
12909 1
12909 1
12909 1
12880 1
12880 1
12880 1
12880 1
12880 1
12880 1
12880 1
12880 1
12880 1
12881 1
12881 1
12881 1
12881 1
12881 1
12881 1
12881 1
12881 1
12881 1
12906 1
12906 1
12906 1
12906 1
12906 1
12906 1
12906 1
12906 1
12906 1
12907 1
12907 1
12907 1
12907 1
12907 1
12907 1
12907 1
12907 1
12907 1
12882 1
12882 1
12882 1
12882 1
12882 1
12882 1
12882 1
12882 1
12882 1
12883 1
12883 1
12883 1
12883 1
12883 1
12883 1
12883 1
12883 1
12883 1
12884 1
12884 1
12884 1
12884 1
12884 1
12884 1
12884 1
12884 1
12884 1
12905 1
12905 1
12905 1
12905 1
12905 1
12905 1
12905 1
12905 1
12905 1
12887 1
12887 1
12887 1
12887 1
12887 1
12887 1
12887 1
12887 1
12887 1
12888 1
12888 1
12888 1
12888 1
12888 1
12888 1
12888 1
12888 1
12888 1
12889 1
12889 1
12889 1
12889 1
12889 1
12889 1
12889 1
12889 1
12889 1
13047 1
13047 1
13047 1
13047 1
13047 1
13047 1
13047 1
13047 1
13047 1
13046 1
13046 1
13046 1
13046 1
13046 1
13046 1
13046 1
13046 1
13046 1
12991 1
12991 1
12991 1
12991 1
12991 1
12991 1
12991 1
12991 1
12991 1
13030 1
13030 1
13030 1
13030 1
13030 1
13030 1
13030 1
13030 1
13030 1
13029 1
13029 1
13029 1
13029 1
13029 1
13029 1
13029 1
13029 1
13029 1
13027 1
13027 1
13027 1
13027 1
13027 1
13027 1
13027 1
13027 1
13027 1
13028 1
13028 1
13028 1
13028 1
13028 1
13028 1
13028 1
13028 1
13028 1
13025 1
13025 1
13025 1
13025 1
13025 1
13025 1
13025 1
13025 1
13025 1
13026 1
13026 1
13026 1
13026 1
13026 1
13026 1
13026 1
13026 1
13026 1
13001 1
13001 1
13001 1
13001 1
13001 1
13001 1
13001 1
13001 1
13001 1
13023 1
13023 1
13023 1
13023 1
13023 1
13023 1
13023 1
13023 1
13023 1
13024 1
13024 1
13024 1
13024 1
13024 1
13024 1
13024 1
13024 1
13024 1
13003 1
13003 1
13003 1
13003 1
13003 1
13003 1
13003 1
13003 1
13003 1
13022 1
13022 1
13022 1
13022 1
13022 1
13022 1
13022 1
13022 1
13022 1
13005 1
13005 1
13005 1
13005 1
13005 1
13005 1
13005 1
13005 1
13005 1
13006 1
13006 1
13006 1
13006 1
13006 1
13006 1
13006 1
13006 1
13006 1
13007 1
13007 1
13007 1
13007 1
13007 1
13007 1
13007 1
13007 1
13007 1
13008 1
13008 1
13008 1
13008 1
13008 1
13008 1
13008 1
13008 1
13008 1
13010 1
13010 1
13010 1
13010 1
13010 1
13010 1
13010 1
13010 1
13010 1
13142 1
13142 1
13142 1
13142 1
13142 1
13142 1
13142 1
13142 1
13142 1
13138 1
13138 1
13138 1
13138 1
13138 1
13138 1
13138 1
13138 1
13138 1
13111 1
13111 1
13111 1
13111 1
13111 1
13111 1
13111 1
13111 1
13111 1
13117 1
13117 1
13117 1
13117 1
13117 1
13117 1
13117 1
13117 1
13117 1
13118 1
13118 1
13118 1
13118 1
13118 1
13118 1
13118 1
13118 1
13118 1
13119 1
13119 1
13119 1
13119 1
13119 1
13119 1
13119 1
13119 1
13119 1
13121 1
13121 1
13121 1
13121 1
13121 1
13121 1
13121 1
13121 1
13121 1
13123 1
13123 1
13123 1
13123 1
13123 1
13123 1
13123 1
13123 1
13123 1
13256 1
13256 1
13256 1
13256 1
13256 1
13256 1
13256 1
13256 1
13256 1
13255 1
13255 1
13255 1
13255 1
13255 1
13255 1
13255 1
13255 1
13255 1
13251 1
13251 1
13251 1
13251 1
13251 1
13251 1
13251 1
13251 1
13251 1
13246 1
13246 1
13246 1
13246 1
13246 1
13246 1
13246 1
13246 1
13246 1
13243 1
13243 1
13243 1
13243 1
13243 1
13243 1
13243 1
13243 1
13243 1
13242 1
13242 1
13242 1
13242 1
13242 1
13242 1
13242 1
13242 1
13242 1
13240 1
13240 1
13240 1
13240 1
13240 1
13240 1
13240 1
13240 1
13240 1
13210 1
13210 1
13210 1
13210 1
13210 1
13210 1
13210 1
13210 1
13210 1
13239 1
13239 1
13239 1
13239 1
13239 1
13239 1
13239 1
13239 1
13239 1
13219 1
13219 1
13219 1
13219 1
13219 1
13219 1
13219 1
13219 1
13219 1
13221 1
13221 1
13221 1
13221 1
13221 1
13221 1
13221 1
13221 1
13221 1
13223 1
13223 1
13223 1
13223 1
13223 1
13223 1
13223 1
13223 1
13223 1
13226 1
13226 1
13226 1
13226 1
13226 1
13226 1
13226 1
13226 1
13226 1
13341 1
13341 1
13341 1
13341 1
13341 1
13341 1
13341 1
13341 1
13341 1
13337 1
13337 1
13337 1
13337 1
13337 1
13337 1
13337 1
13337 1
13337 1
13304 1
13304 1
13304 1
13304 1
13304 1
13304 1
13304 1
13304 1
13304 1
13334 1
13334 1
13334 1
13334 1
13334 1
13334 1
13334 1
13334 1
13334 1
13308 1
13308 1
13308 1
13308 1
13308 1
13308 1
13308 1
13308 1
13308 1
13323 1
13323 1
13323 1
13323 1
13323 1
13323 1
13323 1
13323 1
13323 1
13324 1
13324 1
13324 1
13324 1
13324 1
13324 1
13324 1
13324 1
13324 1
13425 1
13425 1
13425 1
13425 1
13425 1
13425 1
13425 1
13425 1
13425 1
13423 1
13423 1
13423 1
13423 1
13423 1
13423 1
13423 1
13423 1
13423 1
13422 1
13422 1
13422 1
13422 1
13422 1
13422 1
13422 1
13422 1
13422 1
13421 1
13421 1
13421 1
13421 1
13421 1
13421 1
13421 1
13421 1
13421 1
13420 1
13420 1
13420 1
13420 1
13420 1
13420 1
13420 1
13420 1
13420 1
13417 1
13417 1
13417 1
13417 1
13417 1
13417 1
13417 1
13417 1
13417 1
13418 1
13418 1
13418 1
13418 1
13418 1
13418 1
13418 1
13418 1
13418 1
13390 1
13390 1
13390 1
13390 1
13390 1
13390 1
13390 1
13390 1
13390 1
13395 1
13395 1
13395 1
13395 1
13395 1
13395 1
13395 1
13395 1
13395 1
13401 1
13401 1
13401 1
13401 1
13401 1
13401 1
13401 1
13401 1
13401 1
13402 1
13402 1
13402 1
13402 1
13402 1
13402 1
13402 1
13402 1
13402 1
13407 1
13407 1
13407 1
13407 1
13407 1
13407 1
13407 1
13407 1
13407 1
13408 1
13408 1
13408 1
13408 1
13408 1
13408 1
13408 1
13408 1
13408 1
13409 1
13409 1
13409 1
13409 1
13409 1
13409 1
13409 1
13409 1
13409 1
13498 1
13498 1
13498 1
13498 1
13498 1
13498 1
13498 1
13498 1
13498 1
13496 1
13496 1
13496 1
13496 1
13496 1
13496 1
13496 1
13496 1
13496 1
13495 1
13495 1
13495 1
13495 1
13495 1
13495 1
13495 1
13495 1
13495 1
13477 1
13477 1
13477 1
13477 1
13477 1
13477 1
13477 1
13477 1
13477 1
13484 1
13484 1
13484 1
13484 1
13484 1
13484 1
13484 1
13484 1
13484 1
13485 1
13485 1
13485 1
13485 1
13485 1
13485 1
13485 1
13485 1
13485 1
13486 1
13486 1
13486 1
13486 1
13486 1
13486 1
13486 1
13486 1
13486 1
13490 1
13490 1
13490 1
13490 1
13490 1
13490 1
13490 1
13490 1
13490 1
13541 1
13541 1
13541 1
13541 1
13541 1
13541 1
13541 1
13541 1
13541 1
13544 1
13544 1
13544 1
13544 1
13544 1
13544 1
13544 1
13544 1
13544 1
13556 1
13556 1
13556 1
13556 1
13556 1
13556 1
13556 1
13556 1
13556 1
13557 1
13557 1
13557 1
13557 1
13557 1
13557 1
13557 1
13557 1
13557 1
13559 1
13559 1
13559 1
13559 1
13559 1
13559 1
13559 1
13559 1
13559 1
13616 1
13616 1
13616 1
13616 1
13616 1
13616 1
13616 1
13616 1
13616 1
13618 1
13618 1
13618 1
13618 1
13618 1
13618 1
13618 1
13618 1
13618 1
13619 1
13619 1
13619 1
13619 1
13619 1
13619 1
13619 1
13619 1
13619 1
13671 1
13671 1
13671 1
13671 1
13671 1
13671 1
13671 1
13671 1
13671 1
13672 1
13672 1
13672 1
13672 1
13672 1
13672 1
13672 1
13672 1
13672 1
13674 1
13674 1
13674 1
13674 1
13674 1
13674 1
13674 1
13674 1
13674 1
13675 1
13675 1
13675 1
13675 1
13675 1
13675 1
13675 1
13675 1
13675 1
13676 1
13676 1
13676 1
13676 1
13676 1
13676 1
13676 1
13676 1
13676 1
13709 1
13709 1
13709 1
13709 1
13709 1
13709 1
13709 1
13709 1
13709 1
13723 1
13723 1
13723 1
13723 1
13723 1
13723 1
13723 1
13723 1
13723 1
13724 1
13724 1
13724 1
13724 1
13724 1
13724 1
13724 1
13724 1
13724 1
13725 1
13725 1
13725 1
13725 1
13725 1
13725 1
13725 1
13725 1
13725 1
13726 1
13726 1
13726 1
13726 1
13726 1
13726 1
13726 1
13726 1
13726 1
13728 1
13728 1
13728 1
13728 1
13728 1
13728 1
13728 1
13728 1
13728 1
13729 1
13729 1
13729 1
13729 1
13729 1
13729 1
13729 1
13729 1
13729 1
13730 1
13730 1
13730 1
13730 1
13730 1
13730 1
13730 1
13730 1
13730 1
13731 1
13731 1
13731 1
13731 1
13731 1
13731 1
13731 1
13731 1
13731 1
13767 1
13767 1
13767 1
13767 1
13767 1
13767 1
13767 1
13767 1
13767 1
13774 1
13774 1
13774 1
13774 1
13774 1
13774 1
13774 1
13774 1
13774 1
13779 1
13779 1
13779 1
13779 1
13779 1
13779 1
13779 1
13779 1
13779 1
13780 1
13780 1
13780 1
13780 1
13780 1
13780 1
13780 1
13780 1
13780 1
13781 1
13781 1
13781 1
13781 1
13781 1
13781 1
13781 1
13781 1
13781 1
13783 1
13783 1
13783 1
13783 1
13783 1
13783 1
13783 1
13783 1
13783 1
13784 1
13784 1
13784 1
13784 1
13784 1
13784 1
13784 1
13784 1
13784 1
13785 1
13785 1
13785 1
13785 1
13785 1
13785 1
13785 1
13785 1
13785 1
13822 1
13822 1
13822 1
13822 1
13822 1
13822 1
13822 1
13822 1
13822 1
13832 1
13832 1
13832 1
13832 1
13832 1
13832 1
13832 1
13832 1
13832 1
13835 1
13835 1
13835 1
13835 1
13835 1
13835 1
13835 1
13835 1
13835 1
13836 1
13836 1
13836 1
13836 1
13836 1
13836 1
13836 1
13836 1
13836 1
13838 1
13838 1
13838 1
13838 1
13838 1
13838 1
13838 1
13838 1
13838 1
13885 1
13885 1
13885 1
13885 1
13885 1
13885 1
13885 1
13885 1
13885 1
13892 1
13892 1
13892 1
13892 1
13892 1
13892 1
13892 1
13892 1
13892 1
13893 1
13893 1
13893 1
13893 1
13893 1
13893 1
13893 1
13893 1
13893 1
13934 1
13934 1
13934 1
13934 1
13934 1
13934 1
13934 1
13934 1
13934 1
13943 1
13943 1
13943 1
13943 1
13943 1
13943 1
13943 1
13943 1
13943 1
13948 1
13948 1
13948 1
13948 1
13948 1
13948 1
13948 1
13948 1
13948 1
13949 1
13949 1
13949 1
13949 1
13949 1
13949 1
13949 1
13949 1
13949 1
13951 1
13951 1
13951 1
13951 1
13951 1
13951 1
13951 1
13951 1
13951 1
13952 1
13952 1
13952 1
13952 1
13952 1
13952 1
13952 1
13952 1
13952 1
13994 1
13994 1
13994 1
13994 1
13994 1
13994 1
13994 1
13994 1
13994 1
13997 1
13997 1
13997 1
13997 1
13997 1
13997 1
13997 1
13997 1
13997 1
13999 1
13999 1
13999 1
13999 1
13999 1
13999 1
13999 1
13999 1
13999 1
14001 1
14001 1
14001 1
14001 1
14001 1
14001 1
14001 1
14001 1
14001 1
14002 1
14002 1
14002 1
14002 1
14002 1
14002 1
14002 1
14002 1
14002 1
14005 1
14005 1
14005 1
14005 1
14005 1
14005 1
14005 1
14005 1
14005 1
14006 1
14006 1
14006 1
14006 1
14006 1
14006 1
14006 1
14006 1
14006 1
14007 1
14007 1
14007 1
14007 1
14007 1
14007 1
14007 1
14007 1
14007 1
14009 1
14009 1
14009 1
14009 1
14009 1
14009 1
14009 1
14009 1
14009 1
14052 1
14052 1
14052 1
14052 1
14052 1
14052 1
14052 1
14052 1
14052 1
14053 1
14053 1
14053 1
14053 1
14053 1
14053 1
14053 1
14053 1
14053 1
14059 1
14059 1
14059 1
14059 1
14059 1
14059 1
14059 1
14059 1
14059 1
14062 1
14062 1
14062 1
14062 1
14062 1
14062 1
14062 1
14062 1
14062 1
14064 1
14064 1
14064 1
14064 1
14064 1
14064 1
14064 1
14064 1
14064 1
14109 1
14109 1
14109 1
14109 1
14109 1
14109 1
14109 1
14109 1
14109 1
14112 1
14112 1
14112 1
14112 1
14112 1
14112 1
14112 1
14112 1
14112 1
14114 1
14114 1
14114 1
14114 1
14114 1
14114 1
14114 1
14114 1
14114 1
14154 1
14154 1
14154 1
14154 1
14154 1
14154 1
14154 1
14154 1
14154 1
14160 1
14160 1
14160 1
14160 1
14160 1
14160 1
14160 1
14160 1
14160 1
14162 1
14162 1
14162 1
14162 1
14162 1
14162 1
14162 1
14162 1
14162 1
14164 1
14164 1
14164 1
14164 1
14164 1
14164 1
14164 1
14164 1
14164 1
14166 1
14166 1
14166 1
14166 1
14166 1
14166 1
14166 1
14166 1
14166 1
14169 1
14169 1
14169 1
14169 1
14169 1
14169 1
14169 1
14169 1
14169 1
14209 1
14209 1
14209 1
14209 1
14209 1
14209 1
14209 1
14209 1
14209 1
14210 1
14210 1
14210 1
14210 1
14210 1
14210 1
14210 1
14210 1
14210 1
14217 1
14217 1
14217 1
14217 1
14217 1
14217 1
14217 1
14217 1
14217 1
14255 1
14255 1
14255 1
14255 1
14255 1
14255 1
14255 1
14255 1
14255 1
14258 1
14258 1
14258 1
14258 1
14258 1
14258 1
14258 1
14258 1
14258 1
14260 1
14260 1
14260 1
14260 1
14260 1
14260 1
14260 1
14260 1
14260 1
14264 1
14264 1
14264 1
14264 1
14264 1
14264 1
14264 1
14264 1
14264 1
14299 1
14299 1
14299 1
14299 1
14299 1
14299 1
14299 1
14299 1
14299 1
14301 1
14301 1
14301 1
14301 1
14301 1
14301 1
14301 1
14301 1
14301 1
14303 1
14303 1
14303 1
14303 1
14303 1
14303 1
14303 1
14303 1
14303 1
14306 1
14306 1
14306 1
14306 1
14306 1
14306 1
14306 1
14306 1
14306 1
14308 1
14308 1
14308 1
14308 1
14308 1
14308 1
14308 1
14308 1
14308 1
14309 1
14309 1
14309 1
14309 1
14309 1
14309 1
14309 1
14309 1
14309 1
14311 1
14311 1
14311 1
14311 1
14311 1
14311 1
14311 1
14311 1
14311 1
14345 1
14345 1
14345 1
14345 1
14345 1
14345 1
14345 1
14345 1
14345 1
14349 1
14349 1
14349 1
14349 1
14349 1
14349 1
14349 1
14349 1
14349 1
14350 1
14350 1
14350 1
14350 1
14350 1
14350 1
14350 1
14350 1
14350 1
14351 1
14351 1
14351 1
14351 1
14351 1
14351 1
14351 1
14351 1
14351 1
14353 1
14353 1
14353 1
14353 1
14353 1
14353 1
14353 1
14353 1
14353 1
14385 1
14385 1
14385 1
14385 1
14385 1
14385 1
14385 1
14385 1
14385 1
14386 1
14386 1
14386 1
14386 1
14386 1
14386 1
14386 1
14386 1
14386 1
14387 1
14387 1
14387 1
14387 1
14387 1
14387 1
14387 1
14387 1
14387 1
14391 1
14391 1
14391 1
14391 1
14391 1
14391 1
14391 1
14391 1
14391 1
14392 1
14392 1
14392 1
14392 1
14392 1
14392 1
14392 1
14392 1
14392 1
14394 1
14394 1
14394 1
14394 1
14394 1
14394 1
14394 1
14394 1
14394 1
14395 1
14395 1
14395 1
14395 1
14395 1
14395 1
14395 1
14395 1
14395 1
14396 1
14396 1
14396 1
14396 1
14396 1
14396 1
14396 1
14396 1
14396 1
14426 1
14426 1
14426 1
14426 1
14426 1
14426 1
14426 1
14426 1
14426 1
14427 1
14427 1
14427 1
14427 1
14427 1
14427 1
14427 1
14427 1
14427 1
14429 1
14429 1
14429 1
14429 1
14429 1
14429 1
14429 1
14429 1
14429 1
14431 1
14431 1
14431 1
14431 1
14431 1
14431 1
14431 1
14431 1
14431 1
14432 1
14432 1
14432 1
14432 1
14432 1
14432 1
14432 1
14432 1
14432 1
14433 1
14433 1
14433 1
14433 1
14433 1
14433 1
14433 1
14433 1
14433 1
14435 1
14435 1
14435 1
14435 1
14435 1
14435 1
14435 1
14435 1
14435 1
14437 1
14437 1
14437 1
14437 1
14437 1
14437 1
14437 1
14437 1
14437 1
14464 1
14464 1
14464 1
14464 1
14464 1
14464 1
14464 1
14464 1
14464 1
14465 1
14465 1
14465 1
14465 1
14465 1
14465 1
14465 1
14465 1
14465 1
14469 1
14469 1
14469 1
14469 1
14469 1
14469 1
14469 1
14469 1
14469 1
14470 1
14470 1
14470 1
14470 1
14470 1
14470 1
14470 1
14470 1
14470 1
14472 1
14472 1
14472 1
14472 1
14472 1
14472 1
14472 1
14472 1
14472 1
14473 1
14473 1
14473 1
14473 1
14473 1
14473 1
14473 1
14473 1
14473 1
14475 1
14475 1
14475 1
14475 1
14475 1
14475 1
14475 1
14475 1
14475 1
14501 1
14501 1
14501 1
14501 1
14501 1
14501 1
14501 1
14501 1
14501 1
14507 1
14507 1
14507 1
14507 1
14507 1
14507 1
14507 1
14507 1
14507 1
14508 1
14508 1
14508 1
14508 1
14508 1
14508 1
14508 1
14508 1
14508 1
14509 1
14509 1
14509 1
14509 1
14509 1
14509 1
14509 1
14509 1
14509 1
14533 1
14533 1
14533 1
14533 1
14533 1
14533 1
14533 1
14533 1
14533 1
14534 1
14534 1
14534 1
14534 1
14534 1
14534 1
14534 1
14534 1
14534 1
14535 1
14535 1
14535 1
14535 1
14535 1
14535 1
14535 1
14535 1
14535 1
14537 1
14537 1
14537 1
14537 1
14537 1
14537 1
14537 1
14537 1
14537 1
14540 1
14540 1
14540 1
14540 1
14540 1
14540 1
14540 1
14540 1
14540 1
14569 1
14569 1
14569 1
14569 1
14569 1
14569 1
14569 1
14569 1
14569 1
14570 1
14570 1
14570 1
14570 1
14570 1
14570 1
14570 1
14570 1
14570 1
14571 1
14571 1
14571 1
14571 1
14571 1
14571 1
14571 1
14571 1
14571 1
14572 1
14572 1
14572 1
14572 1
14572 1
14572 1
14572 1
14572 1
14572 1
14573 1
14573 1
14573 1
14573 1
14573 1
14573 1
14573 1
14573 1
14573 1
14598 1
14598 1
14598 1
14598 1
14598 1
14598 1
14598 1
14598 1
14598 1
14602 1
14602 1
14602 1
14602 1
14602 1
14602 1
14602 1
14602 1
14602 1
14603 1
14603 1
14603 1
14603 1
14603 1
14603 1
14603 1
14603 1
14603 1
14604 1
14604 1
14604 1
14604 1
14604 1
14604 1
14604 1
14604 1
14604 1
14605 1
14605 1
14605 1
14605 1
14605 1
14605 1
14605 1
14605 1
14605 1
14606 1
14606 1
14606 1
14606 1
14606 1
14606 1
14606 1
14606 1
14606 1
14607 1
14607 1
14607 1
14607 1
14607 1
14607 1
14607 1
14607 1
14607 1
14640 1
14640 1
14640 1
14640 1
14640 1
14640 1
14640 1
14640 1
14640 1
14641 1
14641 1
14641 1
14641 1
14641 1
14641 1
14641 1
14641 1
14641 1
14670 1
14670 1
14670 1
14670 1
14670 1
14670 1
14670 1
14670 1
14670 1
14673 1
14673 1
14673 1
14673 1
14673 1
14673 1
14673 1
14673 1
14673 1
14674 1
14674 1
14674 1
14674 1
14674 1
14674 1
14674 1
14674 1
14674 1
14705 1
14705 1
14705 1
14705 1
14705 1
14705 1
14705 1
14705 1
14705 1
14707 1
14707 1
14707 1
14707 1
14707 1
14707 1
14707 1
14707 1
14707 1
14739 1
14739 1
14739 1
14739 1
14739 1
14739 1
14739 1
14739 1
14739 1
14769 1
14769 1
14769 1
14769 1
14769 1
14769 1
14769 1
14769 1
14769 1
14770 1
14770 1
14770 1
14770 1
14770 1
14770 1
14770 1
14770 1
14770 1
14802 1
14802 1
14802 1
14802 1
14802 1
14802 1
14802 1
14802 1
14802 1
