pt_graph cpue_kghour
13714 1.09
13714 3.9
13714 5.65
13714 2.56
13714 2.62
13714 2.8
13714 0
13714 1.51
13714 0
13770 1.09
13770 3.9
13770 5.65
13770 2.56
13770 2.62
13770 2.8
13770 0
13770 1.51
13770 0
13825 1.09
13825 3.9
13825 5.65
13825 2.56
13825 2.62
13825 2.8
13825 0
13825 1.51
13825 0
13883 1.09
13883 3.9
13883 5.65
13883 2.56
13883 2.62
13883 2.8
13883 0
13883 1.51
13883 0
13884 1.09
13884 3.9
13884 5.65
13884 2.56
13884 2.62
13884 2.8
13884 0
13884 1.51
13884 0
13939 1.09
13939 3.9
13939 5.65
13939 2.56
13939 2.62
13939 2.8
13939 0
13939 1.51
13939 0
13941 1.09
13941 3.9
13941 5.65
13941 2.56
13941 2.62
13941 2.8
13941 0
13941 1.51
13941 0
13998 1.09
13998 3.9
13998 5.65
13998 2.56
13998 2.62
13998 2.8
13998 0
13998 1.51
13998 0
14000 1.09
14000 3.9
14000 5.65
14000 2.56
14000 2.62
14000 2.8
14000 0
14000 1.51
14000 0
14039 1.09
14039 3.9
14039 5.65
14039 2.56
14039 2.62
14039 2.8
14039 0
14039 1.51
14039 0
14044 1.09
14044 3.9
14044 5.65
14044 2.56
14044 2.62
14044 2.8
14044 0
14044 1.51
14044 0
14045 1.09
14045 3.9
14045 5.65
14045 2.56
14045 2.62
14045 2.8
14045 0
14045 1.51
14045 0
14046 1.09
14046 3.9
14046 5.65
14046 2.56
14046 2.62
14046 2.8
14046 0
14046 1.51
14046 0
14047 1.09
14047 3.9
14047 5.65
14047 2.56
14047 2.62
14047 2.8
14047 0
14047 1.51
14047 0
14048 1.09
14048 3.9
14048 5.65
14048 2.56
14048 2.62
14048 2.8
14048 0
14048 1.51
14048 0
14055 1.09
14055 3.9
14055 5.65
14055 2.56
14055 2.62
14055 2.8
14055 0
14055 1.51
14055 0
14057 1.09
14057 3.9
14057 5.65
14057 2.56
14057 2.62
14057 2.8
14057 0
14057 1.51
14057 0
14089 1.09
14089 3.9
14089 5.65
14089 2.56
14089 2.62
14089 2.8
14089 0
14089 1.51
14089 0
14092 1.09
14092 3.9
14092 5.65
14092 2.56
14092 2.62
14092 2.8
14092 0
14092 1.51
14092 0
14096 1.09
14096 3.9
14096 5.65
14096 2.56
14096 2.62
14096 2.8
14096 0
14096 1.51
14096 0
14100 1.09
14100 3.9
14100 5.65
14100 2.56
14100 2.62
14100 2.8
14100 0
14100 1.51
14100 0
14101 1.09
14101 3.9
14101 5.65
14101 2.56
14101 2.62
14101 2.8
14101 0
14101 1.51
14101 0
14103 1.09
14103 3.9
14103 5.65
14103 2.56
14103 2.62
14103 2.8
14103 0
14103 1.51
14103 0
14104 1.09
14104 3.9
14104 5.65
14104 2.56
14104 2.62
14104 2.8
14104 0
14104 1.51
14104 0
14105 1.09
14105 3.9
14105 5.65
14105 2.56
14105 2.62
14105 2.8
14105 0
14105 1.51
14105 0
14106 1.09
14106 3.9
14106 5.65
14106 2.56
14106 2.62
14106 2.8
14106 0
14106 1.51
14106 0
14111 1.09
14111 3.9
14111 5.65
14111 2.56
14111 2.62
14111 2.8
14111 0
14111 1.51
14111 0
14148 1.09
14148 3.9
14148 5.65
14148 2.56
14148 2.62
14148 2.8
14148 0
14148 1.51
14148 0
14149 1.09
14149 3.9
14149 5.65
14149 2.56
14149 2.62
14149 2.8
14149 0
14149 1.51
14149 0
14154 1.09
14154 3.9
14154 5.65
14154 2.56
14154 2.62
14154 2.8
14154 0
14154 1.51
14154 0
14157 1.09
14157 3.9
14157 5.65
14157 2.56
14157 2.62
14157 2.8
14157 0
14157 1.51
14157 0
14158 1.09
14158 3.9
14158 5.65
14158 2.56
14158 2.62
14158 2.8
14158 0
14158 1.51
14158 0
14165 1.09
14165 3.9
14165 5.65
14165 2.56
14165 2.62
14165 2.8
14165 0
14165 1.51
14165 0
14166 1.09
14166 3.9
14166 5.65
14166 2.56
14166 2.62
14166 2.8
14166 0
14166 1.51
14166 0
14194 1.09
14194 3.9
14194 5.65
14194 2.56
14194 2.62
14194 2.8
14194 0
14194 1.51
14194 0
14200 1.09
14200 3.9
14200 5.65
14200 2.56
14200 2.62
14200 2.8
14200 0
14200 1.51
14200 0
14204 1.09
14204 3.9
14204 5.65
14204 2.56
14204 2.62
14204 2.8
14204 0
14204 1.51
14204 0
14207 1.09
14207 3.9
14207 5.65
14207 2.56
14207 2.62
14207 2.8
14207 0
14207 1.51
14207 0
14213 1.09
14213 3.9
14213 5.65
14213 2.56
14213 2.62
14213 2.8
14213 0
14213 1.51
14213 0
14214 1.09
14214 3.9
14214 5.65
14214 2.56
14214 2.62
14214 2.8
14214 0
14214 1.51
14214 0
14215 1.09
14215 3.9
14215 5.65
14215 2.56
14215 2.62
14215 2.8
14215 0
14215 1.51
14215 0
14216 1.09
14216 3.9
14216 5.65
14216 2.56
14216 2.62
14216 2.8
14216 0
14216 1.51
14216 0
14250 1.09
14250 3.9
14250 5.65
14250 2.56
14250 2.62
14250 2.8
14250 0
14250 1.51
14250 0
14251 1.09
14251 3.9
14251 5.65
14251 2.56
14251 2.62
14251 2.8
14251 0
14251 1.51
14251 0
14261 1.09
14261 3.9
14261 5.65
14261 2.56
14261 2.62
14261 2.8
14261 0
14261 1.51
14261 0
14262 1.09
14262 3.9
14262 5.65
14262 2.56
14262 2.62
14262 2.8
14262 0
14262 1.51
14262 0
14288 1.09
14288 3.9
14288 5.65
14288 2.56
14288 2.62
14288 2.8
14288 0
14288 1.51
14288 0
14289 1.09
14289 3.9
14289 5.65
14289 2.56
14289 2.62
14289 2.8
14289 0
14289 1.51
14289 0
14308 1.09
14308 3.9
14308 5.65
14308 2.56
14308 2.62
14308 2.8
14308 0
14308 1.51
14308 0
14309 1.09
14309 3.9
14309 5.65
14309 2.56
14309 2.62
14309 2.8
14309 0
14309 1.51
14309 0
14310 1.09
14310 3.9
14310 5.65
14310 2.56
14310 2.62
14310 2.8
14310 0
14310 1.51
14310 0
14352 1.09
14352 3.9
14352 5.65
14352 2.56
14352 2.62
14352 2.8
14352 0
14352 1.51
14352 0
14353 1.09
14353 3.9
14353 5.65
14353 2.56
14353 2.62
14353 2.8
14353 0
14353 1.51
14353 0
14376 1.09
14376 3.9
14376 5.65
14376 2.56
14376 2.62
14376 2.8
14376 0
14376 1.51
14376 0
14395 1.09
14395 3.9
14395 5.65
14395 2.56
14395 2.62
14395 2.8
14395 0
14395 1.51
14395 0
14396 1.09
14396 3.9
14396 5.65
14396 2.56
14396 2.62
14396 2.8
14396 0
14396 1.51
14396 0
14437 1.09
14437 3.9
14437 5.65
14437 2.56
14437 2.62
14437 2.8
14437 0
14437 1.51
14437 0
14467 1.09
14467 3.9
14467 5.65
14467 2.56
14467 2.62
14467 2.8
14467 0
14467 1.51
14467 0
14468 1.09
14468 3.9
14468 5.65
14468 2.56
14468 2.62
14468 2.8
14468 0
14468 1.51
14468 0
14471 1.09
14471 3.9
14471 5.65
14471 2.56
14471 2.62
14471 2.8
14471 0
14471 1.51
14471 0
14504 1.09
14504 3.9
14504 5.65
14504 2.56
14504 2.62
14504 2.8
14504 0
14504 1.51
14504 0
14505 1.09
14505 3.9
14505 5.65
14505 2.56
14505 2.62
14505 2.8
14505 0
14505 1.51
14505 0
14535 1.09
14535 3.9
14535 5.65
14535 2.56
14535 2.62
14535 2.8
14535 0
14535 1.51
14535 0
14536 1.09
14536 3.9
14536 5.65
14536 2.56
14536 2.62
14536 2.8
14536 0
14536 1.51
14536 0
14565 1.09
14565 3.9
14565 5.65
14565 2.56
14565 2.62
14565 2.8
14565 0
14565 1.51
14565 0
14566 1.09
14566 3.9
14566 5.65
14566 2.56
14566 2.62
14566 2.8
14566 0
14566 1.51
14566 0
14567 1.09
14567 3.9
14567 5.65
14567 2.56
14567 2.62
14567 2.8
14567 0
14567 1.51
14567 0
14600 1.09
14600 3.9
14600 5.65
14600 2.56
14600 2.62
14600 2.8
14600 0
14600 1.51
14600 0
14601 1.09
14601 3.9
14601 5.65
14601 2.56
14601 2.62
14601 2.8
14601 0
14601 1.51
14601 0
14602 1.09
14602 3.9
14602 5.65
14602 2.56
14602 2.62
14602 2.8
14602 0
14602 1.51
14602 0
14791 1.09
14791 3.9
14791 5.65
14791 2.56
14791 2.62
14791 2.8
14791 0
14791 1.51
14791 0
14823 1.09
14823 3.9
14823 5.65
14823 2.56
14823 2.62
14823 2.8
14823 0
14823 1.51
14823 0
14853 1.09
14853 3.9
14853 5.65
14853 2.56
14853 2.62
14853 2.8
14853 0
14853 1.51
14853 0
14882 1.09
14882 3.9
14882 5.65
14882 2.56
14882 2.62
14882 2.8
14882 0
14882 1.51
14882 0
14910 1.09
14910 3.9
14910 5.65
14910 2.56
14910 2.62
14910 2.8
14910 0
14910 1.51
14910 0
14911 1.09
14911 3.9
14911 5.65
14911 2.56
14911 2.62
14911 2.8
14911 0
14911 1.51
14911 0
14939 1.09
14939 3.9
14939 5.65
14939 2.56
14939 2.62
14939 2.8
14939 0
14939 1.51
14939 0
14964 1.09
14964 3.9
14964 5.65
14964 2.56
14964 2.62
14964 2.8
14964 0
14964 1.51
14964 0
14985 1.09
14985 3.9
14985 5.65
14985 2.56
14985 2.62
14985 2.8
14985 0
14985 1.51
14985 0
14987 1.09
14987 3.9
14987 5.65
14987 2.56
14987 2.62
14987 2.8
14987 0
14987 1.51
14987 0
15012 1.09
15012 3.9
15012 5.65
15012 2.56
15012 2.62
15012 2.8
15012 0
15012 1.51
15012 0
15013 1.09
15013 3.9
15013 5.65
15013 2.56
15013 2.62
15013 2.8
15013 0
15013 1.51
15013 0
15035 1.09
15035 3.9
15035 5.65
15035 2.56
15035 2.62
15035 2.8
15035 0
15035 1.51
15035 0
15060 1.09
15060 3.9
15060 5.65
15060 2.56
15060 2.62
15060 2.8
15060 0
15060 1.51
15060 0
15087 1.09
15087 3.9
15087 5.65
15087 2.56
15087 2.62
15087 2.8
15087 0
15087 1.51
15087 0
15089 1.09
15089 3.9
15089 5.65
15089 2.56
15089 2.62
15089 2.8
15089 0
15089 1.51
15089 0
15093 1.09
15093 3.9
15093 5.65
15093 2.56
15093 2.62
15093 2.8
15093 0
15093 1.51
15093 0
15094 1.09
15094 3.9
15094 5.65
15094 2.56
15094 2.62
15094 2.8
15094 0
15094 1.51
15094 0
15095 1.09
15095 3.9
15095 5.65
15095 2.56
15095 2.62
15095 2.8
15095 0
15095 1.51
15095 0
15130 1.09
15130 3.9
15130 5.65
15130 2.56
15130 2.62
15130 2.8
15130 0
15130 1.51
15130 0
15131 1.09
15131 3.9
15131 5.65
15131 2.56
15131 2.62
15131 2.8
15131 0
15131 1.51
15131 0
15132 1.09
15132 3.9
15132 5.65
15132 2.56
15132 2.62
15132 2.8
15132 0
15132 1.51
15132 0
15165 1.09
15165 3.9
15165 5.65
15165 2.56
15165 2.62
15165 2.8
15165 0
15165 1.51
15165 0
15168 1.09
15168 3.9
15168 5.65
15168 2.56
15168 2.62
15168 2.8
15168 0
15168 1.51
15168 0
15172 1.09
15172 3.9
15172 5.65
15172 2.56
15172 2.62
15172 2.8
15172 0
15172 1.51
15172 0
15173 1.09
15173 3.9
15173 5.65
15173 2.56
15173 2.62
15173 2.8
15173 0
15173 1.51
15173 0
15209 1.09
15209 3.9
15209 5.65
15209 2.56
15209 2.62
15209 2.8
15209 0
15209 1.51
15209 0
15210 1.09
15210 3.9
15210 5.65
15210 2.56
15210 2.62
15210 2.8
15210 0
15210 1.51
15210 0
15211 1.09
15211 3.9
15211 5.65
15211 2.56
15211 2.62
15211 2.8
15211 0
15211 1.51
15211 0
15215 1.09
15215 3.9
15215 5.65
15215 2.56
15215 2.62
15215 2.8
15215 0
15215 1.51
15215 0
15217 1.09
15217 3.9
15217 5.65
15217 2.56
15217 2.62
15217 2.8
15217 0
15217 1.51
15217 0
15218 1.09
15218 3.9
15218 5.65
15218 2.56
15218 2.62
15218 2.8
15218 0
15218 1.51
15218 0
15262 1.09
15262 3.9
15262 5.65
15262 2.56
15262 2.62
15262 2.8
15262 0
15262 1.51
15262 0
15263 1.09
15263 3.9
15263 5.65
15263 2.56
15263 2.62
15263 2.8
15263 0
15263 1.51
15263 0
15264 1.09
15264 3.9
15264 5.65
15264 2.56
15264 2.62
15264 2.8
15264 0
15264 1.51
15264 0
15304 1.09
15304 3.9
15304 5.65
15304 2.56
15304 2.62
15304 2.8
15304 0
15304 1.51
15304 0
15305 1.09
15305 3.9
15305 5.65
15305 2.56
15305 2.62
15305 2.8
15305 0
15305 1.51
15305 0
15310 1.09
15310 3.9
15310 5.65
15310 2.56
15310 2.62
15310 2.8
15310 0
15310 1.51
15310 0
15311 1.09
15311 3.9
15311 5.65
15311 2.56
15311 2.62
15311 2.8
15311 0
15311 1.51
15311 0
15312 1.09
15312 3.9
15312 5.65
15312 2.56
15312 2.62
15312 2.8
15312 0
15312 1.51
15312 0
15315 1.09
15315 3.9
15315 5.65
15315 2.56
15315 2.62
15315 2.8
15315 0
15315 1.51
15315 0
15358 1.09
15358 3.9
15358 5.65
15358 2.56
15358 2.62
15358 2.8
15358 0
15358 1.51
15358 0
15364 1.09
15364 3.9
15364 5.65
15364 2.56
15364 2.62
15364 2.8
15364 0
15364 1.51
15364 0
15366 1.09
15366 3.9
15366 5.65
15366 2.56
15366 2.62
15366 2.8
15366 0
15366 1.51
15366 0
15367 1.09
15367 3.9
15367 5.65
15367 2.56
15367 2.62
15367 2.8
15367 0
15367 1.51
15367 0
15368 1.09
15368 3.9
15368 5.65
15368 2.56
15368 2.62
15368 2.8
15368 0
15368 1.51
15368 0
15418 1.09
15418 3.9
15418 5.65
15418 2.56
15418 2.62
15418 2.8
15418 0
15418 1.51
15418 0
15426 1.09
15426 3.9
15426 5.65
15426 2.56
15426 2.62
15426 2.8
15426 0
15426 1.51
15426 0
15427 1.09
15427 3.9
15427 5.65
15427 2.56
15427 2.62
15427 2.8
15427 0
15427 1.51
15427 0
15479 1.09
15479 3.9
15479 5.65
15479 2.56
15479 2.62
15479 2.8
15479 0
15479 1.51
15479 0
15488 1.09
15488 3.9
15488 5.65
15488 2.56
15488 2.62
15488 2.8
15488 0
15488 1.51
15488 0
15489 1.09
15489 3.9
15489 5.65
15489 2.56
15489 2.62
15489 2.8
15489 0
15489 1.51
15489 0
15490 1.09
15490 3.9
15490 5.65
15490 2.56
15490 2.62
15490 2.8
15490 0
15490 1.51
15490 0
15491 1.09
15491 3.9
15491 5.65
15491 2.56
15491 2.62
15491 2.8
15491 0
15491 1.51
15491 0
15495 1.09
15495 3.9
15495 5.65
15495 2.56
15495 2.62
15495 2.8
15495 0
15495 1.51
15495 0
15552 1.09
15552 3.9
15552 5.65
15552 2.56
15552 2.62
15552 2.8
15552 0
15552 1.51
15552 0
15553 1.09
15553 3.9
15553 5.65
15553 2.56
15553 2.62
15553 2.8
15553 0
15553 1.51
15553 0
15554 1.09
15554 3.9
15554 5.65
15554 2.56
15554 2.62
15554 2.8
15554 0
15554 1.51
15554 0
15555 1.09
15555 3.9
15555 5.65
15555 2.56
15555 2.62
15555 2.8
15555 0
15555 1.51
15555 0
15610 1.09
15610 3.9
15610 5.65
15610 2.56
15610 2.62
15610 2.8
15610 0
15610 1.51
15610 0
15617 1.09
15617 3.9
15617 5.65
15617 2.56
15617 2.62
15617 2.8
15617 0
15617 1.51
15617 0
15618 1.09
15618 3.9
15618 5.65
15618 2.56
15618 2.62
15618 2.8
15618 0
15618 1.51
15618 0
15620 1.09
15620 3.9
15620 5.65
15620 2.56
15620 2.62
15620 2.8
15620 0
15620 1.51
15620 0
15682 1.09
15682 3.9
15682 5.65
15682 2.56
15682 2.62
15682 2.8
15682 0
15682 1.51
15682 0
15683 1.09
15683 3.9
15683 5.65
15683 2.56
15683 2.62
15683 2.8
15683 0
15683 1.51
15683 0
15684 1.09
15684 3.9
15684 5.65
15684 2.56
15684 2.62
15684 2.8
15684 0
15684 1.51
15684 0
15752 1.09
15752 3.9
15752 5.65
15752 2.56
15752 2.62
15752 2.8
15752 0
15752 1.51
15752 0
15804 1.09
15804 3.9
15804 5.65
15804 2.56
15804 2.62
15804 2.8
15804 0
15804 1.51
15804 0
15806 1.09
15806 3.9
15806 5.65
15806 2.56
15806 2.62
15806 2.8
15806 0
15806 1.51
15806 0
15808 1.09
15808 3.9
15808 5.65
15808 2.56
15808 2.62
15808 2.8
15808 0
15808 1.51
15808 0
15810 1.09
15810 3.9
15810 5.65
15810 2.56
15810 2.62
15810 2.8
15810 0
15810 1.51
15810 0
15816 1.09
15816 3.9
15816 5.65
15816 2.56
15816 2.62
15816 2.8
15816 0
15816 1.51
15816 0
15820 1.09
15820 3.9
15820 5.65
15820 2.56
15820 2.62
15820 2.8
15820 0
15820 1.51
15820 0
15874 1.09
15874 3.9
15874 5.65
15874 2.56
15874 2.62
15874 2.8
15874 0
15874 1.51
15874 0
15881 1.09
15881 3.9
15881 5.65
15881 2.56
15881 2.62
15881 2.8
15881 0
15881 1.51
15881 0
15882 1.09
15882 3.9
15882 5.65
15882 2.56
15882 2.62
15882 2.8
15882 0
15882 1.51
15882 0
15884 1.09
15884 3.9
15884 5.65
15884 2.56
15884 2.62
15884 2.8
15884 0
15884 1.51
15884 0
15929 1.09
15929 3.9
15929 5.65
15929 2.56
15929 2.62
15929 2.8
15929 0
15929 1.51
15929 0
15945 1.09
15945 3.9
15945 5.65
15945 2.56
15945 2.62
15945 2.8
15945 0
15945 1.51
15945 0
15946 1.09
15946 3.9
15946 5.65
15946 2.56
15946 2.62
15946 2.8
15946 0
15946 1.51
15946 0
15947 1.09
15947 3.9
15947 5.65
15947 2.56
15947 2.62
15947 2.8
15947 0
15947 1.51
15947 0
15949 1.09
15949 3.9
15949 5.65
15949 2.56
15949 2.62
15949 2.8
15949 0
15949 1.51
15949 0
15991 1.09
15991 3.9
15991 5.65
15991 2.56
15991 2.62
15991 2.8
15991 0
15991 1.51
15991 0
15998 1.09
15998 3.9
15998 5.65
15998 2.56
15998 2.62
15998 2.8
15998 0
15998 1.51
15998 0
16004 1.09
16004 3.9
16004 5.65
16004 2.56
16004 2.62
16004 2.8
16004 0
16004 1.51
16004 0
16005 1.09
16005 3.9
16005 5.65
16005 2.56
16005 2.62
16005 2.8
16005 0
16005 1.51
16005 0
16050 1.09
16050 3.9
16050 5.65
16050 2.56
16050 2.62
16050 2.8
16050 0
16050 1.51
16050 0
16054 1.09
16054 3.9
16054 5.65
16054 2.56
16054 2.62
16054 2.8
16054 0
16054 1.51
16054 0
16056 1.09
16056 3.9
16056 5.65
16056 2.56
16056 2.62
16056 2.8
16056 0
16056 1.51
16056 0
16100 1.09
16100 3.9
16100 5.65
16100 2.56
16100 2.62
16100 2.8
16100 0
16100 1.51
16100 0
16101 1.09
16101 3.9
16101 5.65
16101 2.56
16101 2.62
16101 2.8
16101 0
16101 1.51
16101 0
16102 1.09
16102 3.9
16102 5.65
16102 2.56
16102 2.62
16102 2.8
16102 0
16102 1.51
16102 0
16103 1.09
16103 3.9
16103 5.65
16103 2.56
16103 2.62
16103 2.8
16103 0
16103 1.51
16103 0
16147 1.09
16147 3.9
16147 5.65
16147 2.56
16147 2.62
16147 2.8
16147 0
16147 1.51
16147 0
16149 1.09
16149 3.9
16149 5.65
16149 2.56
16149 2.62
16149 2.8
16149 0
16149 1.51
16149 0
16151 1.09
16151 3.9
16151 5.65
16151 2.56
16151 2.62
16151 2.8
16151 0
16151 1.51
16151 0
16199 1.09
16199 3.9
16199 5.65
16199 2.56
16199 2.62
16199 2.8
16199 0
16199 1.51
16199 0
16246 1.09
16246 3.9
16246 5.65
16246 2.56
16246 2.62
16246 2.8
16246 0
16246 1.51
16246 0
16291 1.09
16291 3.9
16291 5.65
16291 2.56
16291 2.62
16291 2.8
16291 0
16291 1.51
16291 0
16293 1.09
16293 3.9
16293 5.65
16293 2.56
16293 2.62
16293 2.8
16293 0
16293 1.51
16293 0
16324 1.09
16324 3.9
16324 5.65
16324 2.56
16324 2.62
16324 2.8
16324 0
16324 1.51
16324 0
16338 1.09
16338 3.9
16338 5.65
16338 2.56
16338 2.62
16338 2.8
16338 0
16338 1.51
16338 0
16369 1.09
16369 3.9
16369 5.65
16369 2.56
16369 2.62
16369 2.8
16369 0
16369 1.51
16369 0
16379 1.09
16379 3.9
16379 5.65
16379 2.56
16379 2.62
16379 2.8
16379 0
16379 1.51
16379 0
16381 1.09
16381 3.9
16381 5.65
16381 2.56
16381 2.62
16381 2.8
16381 0
16381 1.51
16381 0
16382 1.09
16382 3.9
16382 5.65
16382 2.56
16382 2.62
16382 2.8
16382 0
16382 1.51
16382 0
16405 1.09
16405 3.9
16405 5.65
16405 2.56
16405 2.62
16405 2.8
16405 0
16405 1.51
16405 0
16412 1.09
16412 3.9
16412 5.65
16412 2.56
16412 2.62
16412 2.8
16412 0
16412 1.51
16412 0
16421 1.09
16421 3.9
16421 5.65
16421 2.56
16421 2.62
16421 2.8
16421 0
16421 1.51
16421 0
16424 1.09
16424 3.9
16424 5.65
16424 2.56
16424 2.62
16424 2.8
16424 0
16424 1.51
16424 0
16447 1.09
16447 3.9
16447 5.65
16447 2.56
16447 2.62
16447 2.8
16447 0
16447 1.51
16447 0
16456 1.09
16456 3.9
16456 5.65
16456 2.56
16456 2.62
16456 2.8
16456 0
16456 1.51
16456 0
16464 1.09
16464 3.9
16464 5.65
16464 2.56
16464 2.62
16464 2.8
16464 0
16464 1.51
16464 0
16466 1.09
16466 3.9
16466 5.65
16466 2.56
16466 2.62
16466 2.8
16466 0
16466 1.51
16466 0
16468 1.09
16468 3.9
16468 5.65
16468 2.56
16468 2.62
16468 2.8
16468 0
16468 1.51
16468 0
16492 1.09
16492 3.9
16492 5.65
16492 2.56
16492 2.62
16492 2.8
16492 0
16492 1.51
16492 0
16500 1.09
16500 3.9
16500 5.65
16500 2.56
16500 2.62
16500 2.8
16500 0
16500 1.51
16500 0
16502 1.09
16502 3.9
16502 5.65
16502 2.56
16502 2.62
16502 2.8
16502 0
16502 1.51
16502 0
16509 1.09
16509 3.9
16509 5.65
16509 2.56
16509 2.62
16509 2.8
16509 0
16509 1.51
16509 0
16512 1.09
16512 3.9
16512 5.65
16512 2.56
16512 2.62
16512 2.8
16512 0
16512 1.51
16512 0
16545 1.09
16545 3.9
16545 5.65
16545 2.56
16545 2.62
16545 2.8
16545 0
16545 1.51
16545 0
16546 1.09
16546 3.9
16546 5.65
16546 2.56
16546 2.62
16546 2.8
16546 0
16546 1.51
16546 0
16547 1.09
16547 3.9
16547 5.65
16547 2.56
16547 2.62
16547 2.8
16547 0
16547 1.51
16547 0
16553 1.09
16553 3.9
16553 5.65
16553 2.56
16553 2.62
16553 2.8
16553 0
16553 1.51
16553 0
16554 1.09
16554 3.9
16554 5.65
16554 2.56
16554 2.62
16554 2.8
16554 0
16554 1.51
16554 0
16580 1.09
16580 3.9
16580 5.65
16580 2.56
16580 2.62
16580 2.8
16580 0
16580 1.51
16580 0
16581 1.09
16581 3.9
16581 5.65
16581 2.56
16581 2.62
16581 2.8
16581 0
16581 1.51
16581 0
16587 1.09
16587 3.9
16587 5.65
16587 2.56
16587 2.62
16587 2.8
16587 0
16587 1.51
16587 0
16589 1.09
16589 3.9
16589 5.65
16589 2.56
16589 2.62
16589 2.8
16589 0
16589 1.51
16589 0
16590 1.09
16590 3.9
16590 5.65
16590 2.56
16590 2.62
16590 2.8
16590 0
16590 1.51
16590 0
16591 1.09
16591 3.9
16591 5.65
16591 2.56
16591 2.62
16591 2.8
16591 0
16591 1.51
16591 0
16592 1.09
16592 3.9
16592 5.65
16592 2.56
16592 2.62
16592 2.8
16592 0
16592 1.51
16592 0
16593 1.09
16593 3.9
16593 5.65
16593 2.56
16593 2.62
16593 2.8
16593 0
16593 1.51
16593 0
16595 1.09
16595 3.9
16595 5.65
16595 2.56
16595 2.62
16595 2.8
16595 0
16595 1.51
16595 0
16597 1.09
16597 3.9
16597 5.65
16597 2.56
16597 2.62
16597 2.8
16597 0
16597 1.51
16597 0
16629 1.09
16629 3.9
16629 5.65
16629 2.56
16629 2.62
16629 2.8
16629 0
16629 1.51
16629 0
16631 1.09
16631 3.9
16631 5.65
16631 2.56
16631 2.62
16631 2.8
16631 0
16631 1.51
16631 0
16633 1.09
16633 3.9
16633 5.65
16633 2.56
16633 2.62
16633 2.8
16633 0
16633 1.51
16633 0
16634 1.09
16634 3.9
16634 5.65
16634 2.56
16634 2.62
16634 2.8
16634 0
16634 1.51
16634 0
16635 1.09
16635 3.9
16635 5.65
16635 2.56
16635 2.62
16635 2.8
16635 0
16635 1.51
16635 0
16636 1.09
16636 3.9
16636 5.65
16636 2.56
16636 2.62
16636 2.8
16636 0
16636 1.51
16636 0
16637 1.09
16637 3.9
16637 5.65
16637 2.56
16637 2.62
16637 2.8
16637 0
16637 1.51
16637 0
16639 1.09
16639 3.9
16639 5.65
16639 2.56
16639 2.62
16639 2.8
16639 0
16639 1.51
16639 0
16640 1.09
16640 3.9
16640 5.65
16640 2.56
16640 2.62
16640 2.8
16640 0
16640 1.51
16640 0
16641 1.09
16641 3.9
16641 5.65
16641 2.56
16641 2.62
16641 2.8
16641 0
16641 1.51
16641 0
16642 1.09
16642 3.9
16642 5.65
16642 2.56
16642 2.62
16642 2.8
16642 0
16642 1.51
16642 0
16668 1.09
16668 3.9
16668 5.65
16668 2.56
16668 2.62
16668 2.8
16668 0
16668 1.51
16668 0
16676 1.09
16676 3.9
16676 5.65
16676 2.56
16676 2.62
16676 2.8
16676 0
16676 1.51
16676 0
16677 1.09
16677 3.9
16677 5.65
16677 2.56
16677 2.62
16677 2.8
16677 0
16677 1.51
16677 0
16678 1.09
16678 3.9
16678 5.65
16678 2.56
16678 2.62
16678 2.8
16678 0
16678 1.51
16678 0
16679 1.09
16679 3.9
16679 5.65
16679 2.56
16679 2.62
16679 2.8
16679 0
16679 1.51
16679 0
16680 1.09
16680 3.9
16680 5.65
16680 2.56
16680 2.62
16680 2.8
16680 0
16680 1.51
16680 0
16683 1.09
16683 3.9
16683 5.65
16683 2.56
16683 2.62
16683 2.8
16683 0
16683 1.51
16683 0
16684 1.09
16684 3.9
16684 5.65
16684 2.56
16684 2.62
16684 2.8
16684 0
16684 1.51
16684 0
16685 1.09
16685 3.9
16685 5.65
16685 2.56
16685 2.62
16685 2.8
16685 0
16685 1.51
16685 0
16686 1.09
16686 3.9
16686 5.65
16686 2.56
16686 2.62
16686 2.8
16686 0
16686 1.51
16686 0
16713 1.09
16713 3.9
16713 5.65
16713 2.56
16713 2.62
16713 2.8
16713 0
16713 1.51
16713 0
16714 1.09
16714 3.9
16714 5.65
16714 2.56
16714 2.62
16714 2.8
16714 0
16714 1.51
16714 0
16720 1.09
16720 3.9
16720 5.65
16720 2.56
16720 2.62
16720 2.8
16720 0
16720 1.51
16720 0
16721 1.09
16721 3.9
16721 5.65
16721 2.56
16721 2.62
16721 2.8
16721 0
16721 1.51
16721 0
16725 1.09
16725 3.9
16725 5.65
16725 2.56
16725 2.62
16725 2.8
16725 0
16725 1.51
16725 0
16728 1.09
16728 3.9
16728 5.65
16728 2.56
16728 2.62
16728 2.8
16728 0
16728 1.51
16728 0
16729 1.09
16729 3.9
16729 5.65
16729 2.56
16729 2.62
16729 2.8
16729 0
16729 1.51
16729 0
16731 1.09
16731 3.9
16731 5.65
16731 2.56
16731 2.62
16731 2.8
16731 0
16731 1.51
16731 0
16759 1.09
16759 3.9
16759 5.65
16759 2.56
16759 2.62
16759 2.8
16759 0
16759 1.51
16759 0
16766 1.09
16766 3.9
16766 5.65
16766 2.56
16766 2.62
16766 2.8
16766 0
16766 1.51
16766 0
16769 1.09
16769 3.9
16769 5.65
16769 2.56
16769 2.62
16769 2.8
16769 0
16769 1.51
16769 0
16770 1.09
16770 3.9
16770 5.65
16770 2.56
16770 2.62
16770 2.8
16770 0
16770 1.51
16770 0
16774 1.09
16774 3.9
16774 5.65
16774 2.56
16774 2.62
16774 2.8
16774 0
16774 1.51
16774 0
16775 1.09
16775 3.9
16775 5.65
16775 2.56
16775 2.62
16775 2.8
16775 0
16775 1.51
16775 0
16806 1.09
16806 3.9
16806 5.65
16806 2.56
16806 2.62
16806 2.8
16806 0
16806 1.51
16806 0
16807 1.09
16807 3.9
16807 5.65
16807 2.56
16807 2.62
16807 2.8
16807 0
16807 1.51
16807 0
16816 1.09
16816 3.9
16816 5.65
16816 2.56
16816 2.62
16816 2.8
16816 0
16816 1.51
16816 0
16817 1.09
16817 3.9
16817 5.65
16817 2.56
16817 2.62
16817 2.8
16817 0
16817 1.51
16817 0
16819 1.09
16819 3.9
16819 5.65
16819 2.56
16819 2.62
16819 2.8
16819 0
16819 1.51
16819 0
16820 1.09
16820 3.9
16820 5.65
16820 2.56
16820 2.62
16820 2.8
16820 0
16820 1.51
16820 0
16822 1.09
16822 3.9
16822 5.65
16822 2.56
16822 2.62
16822 2.8
16822 0
16822 1.51
16822 0
16823 1.09
16823 3.9
16823 5.65
16823 2.56
16823 2.62
16823 2.8
16823 0
16823 1.51
16823 0
16824 1.09
16824 3.9
16824 5.65
16824 2.56
16824 2.62
16824 2.8
16824 0
16824 1.51
16824 0
16861 1.09
16861 3.9
16861 5.65
16861 2.56
16861 2.62
16861 2.8
16861 0
16861 1.51
16861 0
16862 1.09
16862 3.9
16862 5.65
16862 2.56
16862 2.62
16862 2.8
16862 0
16862 1.51
16862 0
16863 1.09
16863 3.9
16863 5.65
16863 2.56
16863 2.62
16863 2.8
16863 0
16863 1.51
16863 0
16864 1.09
16864 3.9
16864 5.65
16864 2.56
16864 2.62
16864 2.8
16864 0
16864 1.51
16864 0
16866 1.09
16866 3.9
16866 5.65
16866 2.56
16866 2.62
16866 2.8
16866 0
16866 1.51
16866 0
16867 1.09
16867 3.9
16867 5.65
16867 2.56
16867 2.62
16867 2.8
16867 0
16867 1.51
16867 0
16868 1.09
16868 3.9
16868 5.65
16868 2.56
16868 2.62
16868 2.8
16868 0
16868 1.51
16868 0
16870 1.09
16870 3.9
16870 5.65
16870 2.56
16870 2.62
16870 2.8
16870 0
16870 1.51
16870 0
16904 1.09
16904 3.9
16904 5.65
16904 2.56
16904 2.62
16904 2.8
16904 0
16904 1.51
16904 0
16909 1.09
16909 3.9
16909 5.65
16909 2.56
16909 2.62
16909 2.8
16909 0
16909 1.51
16909 0
16911 1.09
16911 3.9
16911 5.65
16911 2.56
16911 2.62
16911 2.8
16911 0
16911 1.51
16911 0
16912 1.09
16912 3.9
16912 5.65
16912 2.56
16912 2.62
16912 2.8
16912 0
16912 1.51
16912 0
16913 1.09
16913 3.9
16913 5.65
16913 2.56
16913 2.62
16913 2.8
16913 0
16913 1.51
16913 0
16914 1.09
16914 3.9
16914 5.65
16914 2.56
16914 2.62
16914 2.8
16914 0
16914 1.51
16914 0
16916 1.09
16916 3.9
16916 5.65
16916 2.56
16916 2.62
16916 2.8
16916 0
16916 1.51
16916 0
16917 1.09
16917 3.9
16917 5.65
16917 2.56
16917 2.62
16917 2.8
16917 0
16917 1.51
16917 0
16918 1.09
16918 3.9
16918 5.65
16918 2.56
16918 2.62
16918 2.8
16918 0
16918 1.51
16918 0
16919 1.09
16919 3.9
16919 5.65
16919 2.56
16919 2.62
16919 2.8
16919 0
16919 1.51
16919 0
16920 1.09
16920 3.9
16920 5.65
16920 2.56
16920 2.62
16920 2.8
16920 0
16920 1.51
16920 0
16949 1.09
16949 3.9
16949 5.65
16949 2.56
16949 2.62
16949 2.8
16949 0
16949 1.51
16949 0
16953 1.09
16953 3.9
16953 5.65
16953 2.56
16953 2.62
16953 2.8
16953 0
16953 1.51
16953 0
16954 1.09
16954 3.9
16954 5.65
16954 2.56
16954 2.62
16954 2.8
16954 0
16954 1.51
16954 0
16955 1.09
16955 3.9
16955 5.65
16955 2.56
16955 2.62
16955 2.8
16955 0
16955 1.51
16955 0
16956 1.09
16956 3.9
16956 5.65
16956 2.56
16956 2.62
16956 2.8
16956 0
16956 1.51
16956 0
16957 1.09
16957 3.9
16957 5.65
16957 2.56
16957 2.62
16957 2.8
16957 0
16957 1.51
16957 0
16958 1.09
16958 3.9
16958 5.65
16958 2.56
16958 2.62
16958 2.8
16958 0
16958 1.51
16958 0
16962 1.09
16962 3.9
16962 5.65
16962 2.56
16962 2.62
16962 2.8
16962 0
16962 1.51
16962 0
16963 1.09
16963 3.9
16963 5.65
16963 2.56
16963 2.62
16963 2.8
16963 0
16963 1.51
16963 0
16964 1.09
16964 3.9
16964 5.65
16964 2.56
16964 2.62
16964 2.8
16964 0
16964 1.51
16964 0
16992 1.09
16992 3.9
16992 5.65
16992 2.56
16992 2.62
16992 2.8
16992 0
16992 1.51
16992 0
16996 1.09
16996 3.9
16996 5.65
16996 2.56
16996 2.62
16996 2.8
16996 0
16996 1.51
16996 0
16997 1.09
16997 3.9
16997 5.65
16997 2.56
16997 2.62
16997 2.8
16997 0
16997 1.51
16997 0
16998 1.09
16998 3.9
16998 5.65
16998 2.56
16998 2.62
16998 2.8
16998 0
16998 1.51
16998 0
17000 1.09
17000 3.9
17000 5.65
17000 2.56
17000 2.62
17000 2.8
17000 0
17000 1.51
17000 0
17005 1.09
17005 3.9
17005 5.65
17005 2.56
17005 2.62
17005 2.8
17005 0
17005 1.51
17005 0
17006 1.09
17006 3.9
17006 5.65
17006 2.56
17006 2.62
17006 2.8
17006 0
17006 1.51
17006 0
17007 1.09
17007 3.9
17007 5.65
17007 2.56
17007 2.62
17007 2.8
17007 0
17007 1.51
17007 0
17033 1.09
17033 3.9
17033 5.65
17033 2.56
17033 2.62
17033 2.8
17033 0
17033 1.51
17033 0
17034 1.09
17034 3.9
17034 5.65
17034 2.56
17034 2.62
17034 2.8
17034 0
17034 1.51
17034 0
17036 1.09
17036 3.9
17036 5.65
17036 2.56
17036 2.62
17036 2.8
17036 0
17036 1.51
17036 0
17037 1.09
17037 3.9
17037 5.65
17037 2.56
17037 2.62
17037 2.8
17037 0
17037 1.51
17037 0
17039 1.09
17039 3.9
17039 5.65
17039 2.56
17039 2.62
17039 2.8
17039 0
17039 1.51
17039 0
17040 1.09
17040 3.9
17040 5.65
17040 2.56
17040 2.62
17040 2.8
17040 0
17040 1.51
17040 0
17044 1.09
17044 3.9
17044 5.65
17044 2.56
17044 2.62
17044 2.8
17044 0
17044 1.51
17044 0
17046 1.09
17046 3.9
17046 5.65
17046 2.56
17046 2.62
17046 2.8
17046 0
17046 1.51
17046 0
17047 1.09
17047 3.9
17047 5.65
17047 2.56
17047 2.62
17047 2.8
17047 0
17047 1.51
17047 0
17048 1.09
17048 3.9
17048 5.65
17048 2.56
17048 2.62
17048 2.8
17048 0
17048 1.51
17048 0
17075 1.09
17075 3.9
17075 5.65
17075 2.56
17075 2.62
17075 2.8
17075 0
17075 1.51
17075 0
17076 1.09
17076 3.9
17076 5.65
17076 2.56
17076 2.62
17076 2.8
17076 0
17076 1.51
17076 0
17078 1.09
17078 3.9
17078 5.65
17078 2.56
17078 2.62
17078 2.8
17078 0
17078 1.51
17078 0
17079 1.09
17079 3.9
17079 5.65
17079 2.56
17079 2.62
17079 2.8
17079 0
17079 1.51
17079 0
17080 1.09
17080 3.9
17080 5.65
17080 2.56
17080 2.62
17080 2.8
17080 0
17080 1.51
17080 0
17082 1.09
17082 3.9
17082 5.65
17082 2.56
17082 2.62
17082 2.8
17082 0
17082 1.51
17082 0
17087 1.09
17087 3.9
17087 5.65
17087 2.56
17087 2.62
17087 2.8
17087 0
17087 1.51
17087 0
17088 1.09
17088 3.9
17088 5.65
17088 2.56
17088 2.62
17088 2.8
17088 0
17088 1.51
17088 0
17089 1.09
17089 3.9
17089 5.65
17089 2.56
17089 2.62
17089 2.8
17089 0
17089 1.51
17089 0
17090 1.09
17090 3.9
17090 5.65
17090 2.56
17090 2.62
17090 2.8
17090 0
17090 1.51
17090 0
17116 1.09
17116 3.9
17116 5.65
17116 2.56
17116 2.62
17116 2.8
17116 0
17116 1.51
17116 0
17117 1.09
17117 3.9
17117 5.65
17117 2.56
17117 2.62
17117 2.8
17117 0
17117 1.51
17117 0
17118 1.09
17118 3.9
17118 5.65
17118 2.56
17118 2.62
17118 2.8
17118 0
17118 1.51
17118 0
17119 1.09
17119 3.9
17119 5.65
17119 2.56
17119 2.62
17119 2.8
17119 0
17119 1.51
17119 0
17129 1.09
17129 3.9
17129 5.65
17129 2.56
17129 2.62
17129 2.8
17129 0
17129 1.51
17129 0
17130 1.09
17130 3.9
17130 5.65
17130 2.56
17130 2.62
17130 2.8
17130 0
17130 1.51
17130 0
17131 1.09
17131 3.9
17131 5.65
17131 2.56
17131 2.62
17131 2.8
17131 0
17131 1.51
17131 0
17159 1.09
17159 3.9
17159 5.65
17159 2.56
17159 2.62
17159 2.8
17159 0
17159 1.51
17159 0
17161 1.09
17161 3.9
17161 5.65
17161 2.56
17161 2.62
17161 2.8
17161 0
17161 1.51
17161 0
17163 1.09
17163 3.9
17163 5.65
17163 2.56
17163 2.62
17163 2.8
17163 0
17163 1.51
17163 0
17170 1.09
17170 3.9
17170 5.65
17170 2.56
17170 2.62
17170 2.8
17170 0
17170 1.51
17170 0
17171 1.09
17171 3.9
17171 5.65
17171 2.56
17171 2.62
17171 2.8
17171 0
17171 1.51
17171 0
17172 1.09
17172 3.9
17172 5.65
17172 2.56
17172 2.62
17172 2.8
17172 0
17172 1.51
17172 0
17173 1.09
17173 3.9
17173 5.65
17173 2.56
17173 2.62
17173 2.8
17173 0
17173 1.51
17173 0
17174 1.09
17174 3.9
17174 5.65
17174 2.56
17174 2.62
17174 2.8
17174 0
17174 1.51
17174 0
17200 1.09
17200 3.9
17200 5.65
17200 2.56
17200 2.62
17200 2.8
17200 0
17200 1.51
17200 0
17202 1.09
17202 3.9
17202 5.65
17202 2.56
17202 2.62
17202 2.8
17202 0
17202 1.51
17202 0
17203 1.09
17203 3.9
17203 5.65
17203 2.56
17203 2.62
17203 2.8
17203 0
17203 1.51
17203 0
17204 1.09
17204 3.9
17204 5.65
17204 2.56
17204 2.62
17204 2.8
17204 0
17204 1.51
17204 0
17213 1.09
17213 3.9
17213 5.65
17213 2.56
17213 2.62
17213 2.8
17213 0
17213 1.51
17213 0
17214 1.09
17214 3.9
17214 5.65
17214 2.56
17214 2.62
17214 2.8
17214 0
17214 1.51
17214 0
17215 1.09
17215 3.9
17215 5.65
17215 2.56
17215 2.62
17215 2.8
17215 0
17215 1.51
17215 0
17216 1.09
17216 3.9
17216 5.65
17216 2.56
17216 2.62
17216 2.8
17216 0
17216 1.51
17216 0
17238 1.09
17238 3.9
17238 5.65
17238 2.56
17238 2.62
17238 2.8
17238 0
17238 1.51
17238 0
17240 1.09
17240 3.9
17240 5.65
17240 2.56
17240 2.62
17240 2.8
17240 0
17240 1.51
17240 0
17241 1.09
17241 3.9
17241 5.65
17241 2.56
17241 2.62
17241 2.8
17241 0
17241 1.51
17241 0
17242 1.09
17242 3.9
17242 5.65
17242 2.56
17242 2.62
17242 2.8
17242 0
17242 1.51
17242 0
17252 1.09
17252 3.9
17252 5.65
17252 2.56
17252 2.62
17252 2.8
17252 0
17252 1.51
17252 0
17253 1.09
17253 3.9
17253 5.65
17253 2.56
17253 2.62
17253 2.8
17253 0
17253 1.51
17253 0
17254 1.09
17254 3.9
17254 5.65
17254 2.56
17254 2.62
17254 2.8
17254 0
17254 1.51
17254 0
17277 1.09
17277 3.9
17277 5.65
17277 2.56
17277 2.62
17277 2.8
17277 0
17277 1.51
17277 0
17290 1.09
17290 3.9
17290 5.65
17290 2.56
17290 2.62
17290 2.8
17290 0
17290 1.51
17290 0
17291 1.09
17291 3.9
17291 5.65
17291 2.56
17291 2.62
17291 2.8
17291 0
17291 1.51
17291 0
17316 1.09
17316 3.9
17316 5.65
17316 2.56
17316 2.62
17316 2.8
17316 0
17316 1.51
17316 0
17351 1.09
17351 3.9
17351 5.65
17351 2.56
17351 2.62
17351 2.8
17351 0
17351 1.51
17351 0
17385 1.09
17385 3.9
17385 5.65
17385 2.56
17385 2.62
17385 2.8
17385 0
17385 1.51
17385 0
17449 1.09
17449 3.9
17449 5.65
17449 2.56
17449 2.62
17449 2.8
17449 0
17449 1.51
17449 0
17494 1.09
17494 3.9
17494 5.65
17494 2.56
17494 2.62
17494 2.8
17494 0
17494 1.51
17494 0
17521 1.09
17521 3.9
17521 5.65
17521 2.56
17521 2.62
17521 2.8
17521 0
17521 1.51
17521 0
17538 1.09
17538 3.9
17538 5.65
17538 2.56
17538 2.62
17538 2.8
17538 0
17538 1.51
17538 0
17561 1.09
17561 3.9
17561 5.65
17561 2.56
17561 2.62
17561 2.8
17561 0
17561 1.51
17561 0
17601 1.09
17601 3.9
17601 5.65
17601 2.56
17601 2.62
17601 2.8
17601 0
17601 1.51
17601 0
17655 1.09
17655 3.9
17655 5.65
17655 2.56
17655 2.62
17655 2.8
17655 0
17655 1.51
17655 0
17692 1.09
17692 3.9
17692 5.65
17692 2.56
17692 2.62
17692 2.8
17692 0
17692 1.51
17692 0
17786 1.09
17786 3.9
17786 5.65
17786 2.56
17786 2.62
17786 2.8
17786 0
17786 1.51
17786 0
17972 1.09
17972 3.9
17972 5.65
17972 2.56
17972 2.62
17972 2.8
17972 0
17972 1.51
17972 0
18299 1.09
18299 3.9
18299 5.65
18299 2.56
18299 2.62
18299 2.8
18299 0
18299 1.51
18299 0
18662 1.09
18662 3.9
18662 5.65
18662 2.56
18662 2.62
18662 2.8
18662 0
18662 1.51
18662 0
18692 1.09
18692 3.9
18692 5.65
18692 2.56
18692 2.62
18692 2.8
18692 0
18692 1.51
18692 0
18693 1.09
18693 3.9
18693 5.65
18693 2.56
18693 2.62
18693 2.8
18693 0
18693 1.51
18693 0
18696 1.09
18696 3.9
18696 5.65
18696 2.56
18696 2.62
18696 2.8
18696 0
18696 1.51
18696 0
18733 1.09
18733 3.9
18733 5.65
18733 2.56
18733 2.62
18733 2.8
18733 0
18733 1.51
18733 0
18734 1.09
18734 3.9
18734 5.65
18734 2.56
18734 2.62
18734 2.8
18734 0
18734 1.51
18734 0
18776 1.09
18776 3.9
18776 5.65
18776 2.56
18776 2.62
18776 2.8
18776 0
18776 1.51
18776 0
18777 1.09
18777 3.9
18777 5.65
18777 2.56
18777 2.62
18777 2.8
18777 0
18777 1.51
18777 0
18780 1.09
18780 3.9
18780 5.65
18780 2.56
18780 2.62
18780 2.8
18780 0
18780 1.51
18780 0
18782 1.09
18782 3.9
18782 5.65
18782 2.56
18782 2.62
18782 2.8
18782 0
18782 1.51
18782 0
18783 1.09
18783 3.9
18783 5.65
18783 2.56
18783 2.62
18783 2.8
18783 0
18783 1.51
18783 0
18785 1.09
18785 3.9
18785 5.65
18785 2.56
18785 2.62
18785 2.8
18785 0
18785 1.51
18785 0
18787 1.09
18787 3.9
18787 5.65
18787 2.56
18787 2.62
18787 2.8
18787 0
18787 1.51
18787 0
18819 1.09
18819 3.9
18819 5.65
18819 2.56
18819 2.62
18819 2.8
18819 0
18819 1.51
18819 0
18820 1.09
18820 3.9
18820 5.65
18820 2.56
18820 2.62
18820 2.8
18820 0
18820 1.51
18820 0
18821 1.09
18821 3.9
18821 5.65
18821 2.56
18821 2.62
18821 2.8
18821 0
18821 1.51
18821 0
18824 1.09
18824 3.9
18824 5.65
18824 2.56
18824 2.62
18824 2.8
18824 0
18824 1.51
18824 0
18828 1.09
18828 3.9
18828 5.65
18828 2.56
18828 2.62
18828 2.8
18828 0
18828 1.51
18828 0
18829 1.09
18829 3.9
18829 5.65
18829 2.56
18829 2.62
18829 2.8
18829 0
18829 1.51
18829 0
18830 1.09
18830 3.9
18830 5.65
18830 2.56
18830 2.62
18830 2.8
18830 0
18830 1.51
18830 0
18831 1.09
18831 3.9
18831 5.65
18831 2.56
18831 2.62
18831 2.8
18831 0
18831 1.51
18831 0
18832 1.09
18832 3.9
18832 5.65
18832 2.56
18832 2.62
18832 2.8
18832 0
18832 1.51
18832 0
18834 1.09
18834 3.9
18834 5.65
18834 2.56
18834 2.62
18834 2.8
18834 0
18834 1.51
18834 0
18835 1.09
18835 3.9
18835 5.65
18835 2.56
18835 2.62
18835 2.8
18835 0
18835 1.51
18835 0
18837 1.09
18837 3.9
18837 5.65
18837 2.56
18837 2.62
18837 2.8
18837 0
18837 1.51
18837 0
18860 1.09
18860 3.9
18860 5.65
18860 2.56
18860 2.62
18860 2.8
18860 0
18860 1.51
18860 0
18861 1.09
18861 3.9
18861 5.65
18861 2.56
18861 2.62
18861 2.8
18861 0
18861 1.51
18861 0
18862 1.09
18862 3.9
18862 5.65
18862 2.56
18862 2.62
18862 2.8
18862 0
18862 1.51
18862 0
18863 1.09
18863 3.9
18863 5.65
18863 2.56
18863 2.62
18863 2.8
18863 0
18863 1.51
18863 0
18870 1.09
18870 3.9
18870 5.65
18870 2.56
18870 2.62
18870 2.8
18870 0
18870 1.51
18870 0
18872 1.09
18872 3.9
18872 5.65
18872 2.56
18872 2.62
18872 2.8
18872 0
18872 1.51
18872 0
18874 1.09
18874 3.9
18874 5.65
18874 2.56
18874 2.62
18874 2.8
18874 0
18874 1.51
18874 0
18877 1.09
18877 3.9
18877 5.65
18877 2.56
18877 2.62
18877 2.8
18877 0
18877 1.51
18877 0
18878 1.09
18878 3.9
18878 5.65
18878 2.56
18878 2.62
18878 2.8
18878 0
18878 1.51
18878 0
18906 1.09
18906 3.9
18906 5.65
18906 2.56
18906 2.62
18906 2.8
18906 0
18906 1.51
18906 0
18910 1.09
18910 3.9
18910 5.65
18910 2.56
18910 2.62
18910 2.8
18910 0
18910 1.51
18910 0
18911 1.09
18911 3.9
18911 5.65
18911 2.56
18911 2.62
18911 2.8
18911 0
18911 1.51
18911 0
18912 1.09
18912 3.9
18912 5.65
18912 2.56
18912 2.62
18912 2.8
18912 0
18912 1.51
18912 0
18920 1.09
18920 3.9
18920 5.65
18920 2.56
18920 2.62
18920 2.8
18920 0
18920 1.51
18920 0
18922 1.09
18922 3.9
18922 5.65
18922 2.56
18922 2.62
18922 2.8
18922 0
18922 1.51
18922 0
18923 1.09
18923 3.9
18923 5.65
18923 2.56
18923 2.62
18923 2.8
18923 0
18923 1.51
18923 0
18924 1.09
18924 3.9
18924 5.65
18924 2.56
18924 2.62
18924 2.8
18924 0
18924 1.51
18924 0
18943 1.09
18943 3.9
18943 5.65
18943 2.56
18943 2.62
18943 2.8
18943 0
18943 1.51
18943 0
18952 1.09
18952 3.9
18952 5.65
18952 2.56
18952 2.62
18952 2.8
18952 0
18952 1.51
18952 0
18953 1.09
18953 3.9
18953 5.65
18953 2.56
18953 2.62
18953 2.8
18953 0
18953 1.51
18953 0
18957 1.09
18957 3.9
18957 5.65
18957 2.56
18957 2.62
18957 2.8
18957 0
18957 1.51
18957 0
18961 1.09
18961 3.9
18961 5.65
18961 2.56
18961 2.62
18961 2.8
18961 0
18961 1.51
18961 0
18962 1.09
18962 3.9
18962 5.65
18962 2.56
18962 2.62
18962 2.8
18962 0
18962 1.51
18962 0
18964 1.09
18964 3.9
18964 5.65
18964 2.56
18964 2.62
18964 2.8
18964 0
18964 1.51
18964 0
19030 1.09
19030 3.9
19030 5.65
19030 2.56
19030 2.62
19030 2.8
19030 0
19030 1.51
19030 0
19039 1.09
19039 3.9
19039 5.65
19039 2.56
19039 2.62
19039 2.8
19039 0
19039 1.51
19039 0
19060 1.09
19060 3.9
19060 5.65
19060 2.56
19060 2.62
19060 2.8
19060 0
19060 1.51
19060 0
19095 1.09
19095 3.9
19095 5.65
19095 2.56
19095 2.62
19095 2.8
19095 0
19095 1.51
19095 0
19096 1.09
19096 3.9
19096 5.65
19096 2.56
19096 2.62
19096 2.8
19096 0
19096 1.51
19096 0
19097 1.09
19097 3.9
19097 5.65
19097 2.56
19097 2.62
19097 2.8
19097 0
19097 1.51
19097 0
19098 1.09
19098 3.9
19098 5.65
19098 2.56
19098 2.62
19098 2.8
19098 0
19098 1.51
19098 0
19130 1.09
19130 3.9
19130 5.65
19130 2.56
19130 2.62
19130 2.8
19130 0
19130 1.51
19130 0
19131 1.09
19131 3.9
19131 5.65
19131 2.56
19131 2.62
19131 2.8
19131 0
19131 1.51
19131 0
19132 1.09
19132 3.9
19132 5.65
19132 2.56
19132 2.62
19132 2.8
19132 0
19132 1.51
19132 0
19133 1.09
19133 3.9
19133 5.65
19133 2.56
19133 2.62
19133 2.8
19133 0
19133 1.51
19133 0
19135 1.09
19135 3.9
19135 5.65
19135 2.56
19135 2.62
19135 2.8
19135 0
19135 1.51
19135 0
19141 1.09
19141 3.9
19141 5.65
19141 2.56
19141 2.62
19141 2.8
19141 0
19141 1.51
19141 0
19165 1.09
19165 3.9
19165 5.65
19165 2.56
19165 2.62
19165 2.8
19165 0
19165 1.51
19165 0
19167 1.09
19167 3.9
19167 5.65
19167 2.56
19167 2.62
19167 2.8
19167 0
19167 1.51
19167 0
19176 1.09
19176 3.9
19176 5.65
19176 2.56
19176 2.62
19176 2.8
19176 0
19176 1.51
19176 0
19200 1.09
19200 3.9
19200 5.65
19200 2.56
19200 2.62
19200 2.8
19200 0
19200 1.51
19200 0
