pt_graph scale
8224 1.18119047619048
8224 0
8224 2.7952380952381
8224 2.41333333333333
8224 3.14
8224 2.72142857142857
8224 0.00214285714285714
8224 0
8224 0.0142857142857143
8238 1.18119047619048
8238 0
8238 2.7952380952381
8238 2.41333333333333
8238 3.14
8238 2.72142857142857
8238 0.00214285714285714
8238 0
8238 0.0142857142857143
8242 1.18119047619048
8242 0
8242 2.7952380952381
8242 2.41333333333333
8242 3.14
8242 2.72142857142857
8242 0.00214285714285714
8242 0
8242 0.0142857142857143
8281 1.18119047619048
8281 0
8281 2.7952380952381
8281 2.41333333333333
8281 3.14
8281 2.72142857142857
8281 0.00214285714285714
8281 0
8281 0.0142857142857143
8282 1.18119047619048
8282 0
8282 2.7952380952381
8282 2.41333333333333
8282 3.14
8282 2.72142857142857
8282 0.00214285714285714
8282 0
8282 0.0142857142857143
8283 1.18119047619048
8283 0
8283 2.7952380952381
8283 2.41333333333333
8283 3.14
8283 2.72142857142857
8283 0.00214285714285714
8283 0
8283 0.0142857142857143
8300 1.18119047619048
8300 0
8300 2.7952380952381
8300 2.41333333333333
8300 3.14
8300 2.72142857142857
8300 0.00214285714285714
8300 0
8300 0.0142857142857143
8302 1.18119047619048
8302 0
8302 2.7952380952381
8302 2.41333333333333
8302 3.14
8302 2.72142857142857
8302 0.00214285714285714
8302 0
8302 0.0142857142857143
8303 1.18119047619048
8303 0
8303 2.7952380952381
8303 2.41333333333333
8303 3.14
8303 2.72142857142857
8303 0.00214285714285714
8303 0
8303 0.0142857142857143
8335 1.18119047619048
8335 0
8335 2.7952380952381
8335 2.41333333333333
8335 3.14
8335 2.72142857142857
8335 0.00214285714285714
8335 0
8335 0.0142857142857143
8336 1.18119047619048
8336 0
8336 2.7952380952381
8336 2.41333333333333
8336 3.14
8336 2.72142857142857
8336 0.00214285714285714
8336 0
8336 0.0142857142857143
8337 1.18119047619048
8337 0
8337 2.7952380952381
8337 2.41333333333333
8337 3.14
8337 2.72142857142857
8337 0.00214285714285714
8337 0
8337 0.0142857142857143
8339 1.18119047619048
8339 0
8339 2.7952380952381
8339 2.41333333333333
8339 3.14
8339 2.72142857142857
8339 0.00214285714285714
8339 0
8339 0.0142857142857143
8340 1.18119047619048
8340 0
8340 2.7952380952381
8340 2.41333333333333
8340 3.14
8340 2.72142857142857
8340 0.00214285714285714
8340 0
8340 0.0142857142857143
8341 1.18119047619048
8341 0
8341 2.7952380952381
8341 2.41333333333333
8341 3.14
8341 2.72142857142857
8341 0.00214285714285714
8341 0
8341 0.0142857142857143
8359 1.18119047619048
8359 0
8359 2.7952380952381
8359 2.41333333333333
8359 3.14
8359 2.72142857142857
8359 0.00214285714285714
8359 0
8359 0.0142857142857143
8390 1.18119047619048
8390 0
8390 2.7952380952381
8390 2.41333333333333
8390 3.14
8390 2.72142857142857
8390 0.00214285714285714
8390 0
8390 0.0142857142857143
8391 1.18119047619048
8391 0
8391 2.7952380952381
8391 2.41333333333333
8391 3.14
8391 2.72142857142857
8391 0.00214285714285714
8391 0
8391 0.0142857142857143
8392 1.18119047619048
8392 0
8392 2.7952380952381
8392 2.41333333333333
8392 3.14
8392 2.72142857142857
8392 0.00214285714285714
8392 0
8392 0.0142857142857143
8393 1.18119047619048
8393 0
8393 2.7952380952381
8393 2.41333333333333
8393 3.14
8393 2.72142857142857
8393 0.00214285714285714
8393 0
8393 0.0142857142857143
8397 1.18119047619048
8397 0
8397 2.7952380952381
8397 2.41333333333333
8397 3.14
8397 2.72142857142857
8397 0.00214285714285714
8397 0
8397 0.0142857142857143
8398 1.18119047619048
8398 0
8398 2.7952380952381
8398 2.41333333333333
8398 3.14
8398 2.72142857142857
8398 0.00214285714285714
8398 0
8398 0.0142857142857143
8443 1.18119047619048
8443 0
8443 2.7952380952381
8443 2.41333333333333
8443 3.14
8443 2.72142857142857
8443 0.00214285714285714
8443 0
8443 0.0142857142857143
8444 1.18119047619048
8444 0
8444 2.7952380952381
8444 2.41333333333333
8444 3.14
8444 2.72142857142857
8444 0.00214285714285714
8444 0
8444 0.0142857142857143
8445 1.18119047619048
8445 0
8445 2.7952380952381
8445 2.41333333333333
8445 3.14
8445 2.72142857142857
8445 0.00214285714285714
8445 0
8445 0.0142857142857143
8446 1.18119047619048
8446 0
8446 2.7952380952381
8446 2.41333333333333
8446 3.14
8446 2.72142857142857
8446 0.00214285714285714
8446 0
8446 0.0142857142857143
8447 1.18119047619048
8447 0
8447 2.7952380952381
8447 2.41333333333333
8447 3.14
8447 2.72142857142857
8447 0.00214285714285714
8447 0
8447 0.0142857142857143
8448 1.18119047619048
8448 0
8448 2.7952380952381
8448 2.41333333333333
8448 3.14
8448 2.72142857142857
8448 0.00214285714285714
8448 0
8448 0.0142857142857143
8449 1.18119047619048
8449 0
8449 2.7952380952381
8449 2.41333333333333
8449 3.14
8449 2.72142857142857
8449 0.00214285714285714
8449 0
8449 0.0142857142857143
8468 1.18119047619048
8468 0
8468 2.7952380952381
8468 2.41333333333333
8468 3.14
8468 2.72142857142857
8468 0.00214285714285714
8468 0
8468 0.0142857142857143
8495 1.18119047619048
8495 0
8495 2.7952380952381
8495 2.41333333333333
8495 3.14
8495 2.72142857142857
8495 0.00214285714285714
8495 0
8495 0.0142857142857143
8496 1.18119047619048
8496 0
8496 2.7952380952381
8496 2.41333333333333
8496 3.14
8496 2.72142857142857
8496 0.00214285714285714
8496 0
8496 0.0142857142857143
8497 1.18119047619048
8497 0
8497 2.7952380952381
8497 2.41333333333333
8497 3.14
8497 2.72142857142857
8497 0.00214285714285714
8497 0
8497 0.0142857142857143
8498 1.18119047619048
8498 0
8498 2.7952380952381
8498 2.41333333333333
8498 3.14
8498 2.72142857142857
8498 0.00214285714285714
8498 0
8498 0.0142857142857143
8499 1.18119047619048
8499 0
8499 2.7952380952381
8499 2.41333333333333
8499 3.14
8499 2.72142857142857
8499 0.00214285714285714
8499 0
8499 0.0142857142857143
8500 1.18119047619048
8500 0
8500 2.7952380952381
8500 2.41333333333333
8500 3.14
8500 2.72142857142857
8500 0.00214285714285714
8500 0
8500 0.0142857142857143
8501 1.18119047619048
8501 0
8501 2.7952380952381
8501 2.41333333333333
8501 3.14
8501 2.72142857142857
8501 0.00214285714285714
8501 0
8501 0.0142857142857143
8502 1.18119047619048
8502 0
8502 2.7952380952381
8502 2.41333333333333
8502 3.14
8502 2.72142857142857
8502 0.00214285714285714
8502 0
8502 0.0142857142857143
8503 1.18119047619048
8503 0
8503 2.7952380952381
8503 2.41333333333333
8503 3.14
8503 2.72142857142857
8503 0.00214285714285714
8503 0
8503 0.0142857142857143
8550 1.18119047619048
8550 0
8550 2.7952380952381
8550 2.41333333333333
8550 3.14
8550 2.72142857142857
8550 0.00214285714285714
8550 0
8550 0.0142857142857143
8551 1.18119047619048
8551 0
8551 2.7952380952381
8551 2.41333333333333
8551 3.14
8551 2.72142857142857
8551 0.00214285714285714
8551 0
8551 0.0142857142857143
8552 1.18119047619048
8552 0
8552 2.7952380952381
8552 2.41333333333333
8552 3.14
8552 2.72142857142857
8552 0.00214285714285714
8552 0
8552 0.0142857142857143
8553 1.18119047619048
8553 0
8553 2.7952380952381
8553 2.41333333333333
8553 3.14
8553 2.72142857142857
8553 0.00214285714285714
8553 0
8553 0.0142857142857143
8554 1.18119047619048
8554 0
8554 2.7952380952381
8554 2.41333333333333
8554 3.14
8554 2.72142857142857
8554 0.00214285714285714
8554 0
8554 0.0142857142857143
8600 1.18119047619048
8600 0
8600 2.7952380952381
8600 2.41333333333333
8600 3.14
8600 2.72142857142857
8600 0.00214285714285714
8600 0
8600 0.0142857142857143
8601 1.18119047619048
8601 0
8601 2.7952380952381
8601 2.41333333333333
8601 3.14
8601 2.72142857142857
8601 0.00214285714285714
8601 0
8601 0.0142857142857143
8602 1.18119047619048
8602 0
8602 2.7952380952381
8602 2.41333333333333
8602 3.14
8602 2.72142857142857
8602 0.00214285714285714
8602 0
8602 0.0142857142857143
8603 1.18119047619048
8603 0
8603 2.7952380952381
8603 2.41333333333333
8603 3.14
8603 2.72142857142857
8603 0.00214285714285714
8603 0
8603 0.0142857142857143
8649 1.18119047619048
8649 0
8649 2.7952380952381
8649 2.41333333333333
8649 3.14
8649 2.72142857142857
8649 0.00214285714285714
8649 0
8649 0.0142857142857143
8650 1.18119047619048
8650 0
8650 2.7952380952381
8650 2.41333333333333
8650 3.14
8650 2.72142857142857
8650 0.00214285714285714
8650 0
8650 0.0142857142857143
8670 1.18119047619048
8670 0
8670 2.7952380952381
8670 2.41333333333333
8670 3.14
8670 2.72142857142857
8670 0.00214285714285714
8670 0
8670 0.0142857142857143
8695 1.18119047619048
8695 0
8695 2.7952380952381
8695 2.41333333333333
8695 3.14
8695 2.72142857142857
8695 0.00214285714285714
8695 0
8695 0.0142857142857143
8706 1.18119047619048
8706 0
8706 2.7952380952381
8706 2.41333333333333
8706 3.14
8706 2.72142857142857
8706 0.00214285714285714
8706 0
8706 0.0142857142857143
8707 1.18119047619048
8707 0
8707 2.7952380952381
8707 2.41333333333333
8707 3.14
8707 2.72142857142857
8707 0.00214285714285714
8707 0
8707 0.0142857142857143
8712 1.18119047619048
8712 0
8712 2.7952380952381
8712 2.41333333333333
8712 3.14
8712 2.72142857142857
8712 0.00214285714285714
8712 0
8712 0.0142857142857143
8713 1.18119047619048
8713 0
8713 2.7952380952381
8713 2.41333333333333
8713 3.14
8713 2.72142857142857
8713 0.00214285714285714
8713 0
8713 0.0142857142857143
8740 1.18119047619048
8740 0
8740 2.7952380952381
8740 2.41333333333333
8740 3.14
8740 2.72142857142857
8740 0.00214285714285714
8740 0
8740 0.0142857142857143
8749 1.18119047619048
8749 0
8749 2.7952380952381
8749 2.41333333333333
8749 3.14
8749 2.72142857142857
8749 0.00214285714285714
8749 0
8749 0.0142857142857143
8756 1.18119047619048
8756 0
8756 2.7952380952381
8756 2.41333333333333
8756 3.14
8756 2.72142857142857
8756 0.00214285714285714
8756 0
8756 0.0142857142857143
8757 1.18119047619048
8757 0
8757 2.7952380952381
8757 2.41333333333333
8757 3.14
8757 2.72142857142857
8757 0.00214285714285714
8757 0
8757 0.0142857142857143
8758 1.18119047619048
8758 0
8758 2.7952380952381
8758 2.41333333333333
8758 3.14
8758 2.72142857142857
8758 0.00214285714285714
8758 0
8758 0.0142857142857143
8801 1.18119047619048
8801 0
8801 2.7952380952381
8801 2.41333333333333
8801 3.14
8801 2.72142857142857
8801 0.00214285714285714
8801 0
8801 0.0142857142857143
8802 1.18119047619048
8802 0
8802 2.7952380952381
8802 2.41333333333333
8802 3.14
8802 2.72142857142857
8802 0.00214285714285714
8802 0
8802 0.0142857142857143
8830 1.18119047619048
8830 0
8830 2.7952380952381
8830 2.41333333333333
8830 3.14
8830 2.72142857142857
8830 0.00214285714285714
8830 0
8830 0.0142857142857143
8845 1.18119047619048
8845 0
8845 2.7952380952381
8845 2.41333333333333
8845 3.14
8845 2.72142857142857
8845 0.00214285714285714
8845 0
8845 0.0142857142857143
8848 1.18119047619048
8848 0
8848 2.7952380952381
8848 2.41333333333333
8848 3.14
8848 2.72142857142857
8848 0.00214285714285714
8848 0
8848 0.0142857142857143
8873 1.18119047619048
8873 0
8873 2.7952380952381
8873 2.41333333333333
8873 3.14
8873 2.72142857142857
8873 0.00214285714285714
8873 0
8873 0.0142857142857143
8888 1.18119047619048
8888 0
8888 2.7952380952381
8888 2.41333333333333
8888 3.14
8888 2.72142857142857
8888 0.00214285714285714
8888 0
8888 0.0142857142857143
8890 1.18119047619048
8890 0
8890 2.7952380952381
8890 2.41333333333333
8890 3.14
8890 2.72142857142857
8890 0.00214285714285714
8890 0
8890 0.0142857142857143
8891 1.18119047619048
8891 0
8891 2.7952380952381
8891 2.41333333333333
8891 3.14
8891 2.72142857142857
8891 0.00214285714285714
8891 0
8891 0.0142857142857143
8893 1.18119047619048
8893 0
8893 2.7952380952381
8893 2.41333333333333
8893 3.14
8893 2.72142857142857
8893 0.00214285714285714
8893 0
8893 0.0142857142857143
8916 1.18119047619048
8916 0
8916 2.7952380952381
8916 2.41333333333333
8916 3.14
8916 2.72142857142857
8916 0.00214285714285714
8916 0
8916 0.0142857142857143
8932 1.18119047619048
8932 0
8932 2.7952380952381
8932 2.41333333333333
8932 3.14
8932 2.72142857142857
8932 0.00214285714285714
8932 0
8932 0.0142857142857143
8934 1.18119047619048
8934 0
8934 2.7952380952381
8934 2.41333333333333
8934 3.14
8934 2.72142857142857
8934 0.00214285714285714
8934 0
8934 0.0142857142857143
8971 1.18119047619048
8971 0
8971 2.7952380952381
8971 2.41333333333333
8971 3.14
8971 2.72142857142857
8971 0.00214285714285714
8971 0
8971 0.0142857142857143
8972 1.18119047619048
8972 0
8972 2.7952380952381
8972 2.41333333333333
8972 3.14
8972 2.72142857142857
8972 0.00214285714285714
8972 0
8972 0.0142857142857143
8973 1.18119047619048
8973 0
8973 2.7952380952381
8973 2.41333333333333
8973 3.14
8973 2.72142857142857
8973 0.00214285714285714
8973 0
8973 0.0142857142857143
8974 1.18119047619048
8974 0
8974 2.7952380952381
8974 2.41333333333333
8974 3.14
8974 2.72142857142857
8974 0.00214285714285714
8974 0
8974 0.0142857142857143
8997 1.18119047619048
8997 0
8997 2.7952380952381
8997 2.41333333333333
8997 3.14
8997 2.72142857142857
8997 0.00214285714285714
8997 0
8997 0.0142857142857143
9003 1.18119047619048
9003 0
9003 2.7952380952381
9003 2.41333333333333
9003 3.14
9003 2.72142857142857
9003 0.00214285714285714
9003 0
9003 0.0142857142857143
9012 1.18119047619048
9012 0
9012 2.7952380952381
9012 2.41333333333333
9012 3.14
9012 2.72142857142857
9012 0.00214285714285714
9012 0
9012 0.0142857142857143
9036 1.18119047619048
9036 0
9036 2.7952380952381
9036 2.41333333333333
9036 3.14
9036 2.72142857142857
9036 0.00214285714285714
9036 0
9036 0.0142857142857143
9037 1.18119047619048
9037 0
9037 2.7952380952381
9037 2.41333333333333
9037 3.14
9037 2.72142857142857
9037 0.00214285714285714
9037 0
9037 0.0142857142857143
9038 1.18119047619048
9038 0
9038 2.7952380952381
9038 2.41333333333333
9038 3.14
9038 2.72142857142857
9038 0.00214285714285714
9038 0
9038 0.0142857142857143
9039 1.18119047619048
9039 0
9039 2.7952380952381
9039 2.41333333333333
9039 3.14
9039 2.72142857142857
9039 0.00214285714285714
9039 0
9039 0.0142857142857143
9051 1.18119047619048
9051 0
9051 2.7952380952381
9051 2.41333333333333
9051 3.14
9051 2.72142857142857
9051 0.00214285714285714
9051 0
9051 0.0142857142857143
9081 1.18119047619048
9081 0
9081 2.7952380952381
9081 2.41333333333333
9081 3.14
9081 2.72142857142857
9081 0.00214285714285714
9081 0
9081 0.0142857142857143
9083 1.18119047619048
9083 0
9083 2.7952380952381
9083 2.41333333333333
9083 3.14
9083 2.72142857142857
9083 0.00214285714285714
9083 0
9083 0.0142857142857143
9120 1.18119047619048
9120 0
9120 2.7952380952381
9120 2.41333333333333
9120 3.14
9120 2.72142857142857
9120 0.00214285714285714
9120 0
9120 0.0142857142857143
9290 1.18119047619048
9290 0
9290 2.7952380952381
9290 2.41333333333333
9290 3.14
9290 2.72142857142857
9290 0.00214285714285714
9290 0
9290 0.0142857142857143
9294 1.18119047619048
9294 0
9294 2.7952380952381
9294 2.41333333333333
9294 3.14
9294 2.72142857142857
9294 0.00214285714285714
9294 0
9294 0.0142857142857143
9295 1.18119047619048
9295 0
9295 2.7952380952381
9295 2.41333333333333
9295 3.14
9295 2.72142857142857
9295 0.00214285714285714
9295 0
9295 0.0142857142857143
9350 1.18119047619048
9350 0
9350 2.7952380952381
9350 2.41333333333333
9350 3.14
9350 2.72142857142857
9350 0.00214285714285714
9350 0
9350 0.0142857142857143
9363 1.18119047619048
9363 0
9363 2.7952380952381
9363 2.41333333333333
9363 3.14
9363 2.72142857142857
9363 0.00214285714285714
9363 0
9363 0.0142857142857143
9364 1.18119047619048
9364 0
9364 2.7952380952381
9364 2.41333333333333
9364 3.14
9364 2.72142857142857
9364 0.00214285714285714
9364 0
9364 0.0142857142857143
9400 1.18119047619048
9400 0
9400 2.7952380952381
9400 2.41333333333333
9400 3.14
9400 2.72142857142857
9400 0.00214285714285714
9400 0
9400 0.0142857142857143
9418 1.18119047619048
9418 0
9418 2.7952380952381
9418 2.41333333333333
9418 3.14
9418 2.72142857142857
9418 0.00214285714285714
9418 0
9418 0.0142857142857143
9420 1.18119047619048
9420 0
9420 2.7952380952381
9420 2.41333333333333
9420 3.14
9420 2.72142857142857
9420 0.00214285714285714
9420 0
9420 0.0142857142857143
9475 1.18119047619048
9475 0
9475 2.7952380952381
9475 2.41333333333333
9475 3.14
9475 2.72142857142857
9475 0.00214285714285714
9475 0
9475 0.0142857142857143
9476 1.18119047619048
9476 0
9476 2.7952380952381
9476 2.41333333333333
9476 3.14
9476 2.72142857142857
9476 0.00214285714285714
9476 0
9476 0.0142857142857143
9477 1.18119047619048
9477 0
9477 2.7952380952381
9477 2.41333333333333
9477 3.14
9477 2.72142857142857
9477 0.00214285714285714
9477 0
9477 0.0142857142857143
9478 1.18119047619048
9478 0
9478 2.7952380952381
9478 2.41333333333333
9478 3.14
9478 2.72142857142857
9478 0.00214285714285714
9478 0
9478 0.0142857142857143
9479 1.18119047619048
9479 0
9479 2.7952380952381
9479 2.41333333333333
9479 3.14
9479 2.72142857142857
9479 0.00214285714285714
9479 0
9479 0.0142857142857143
9480 1.18119047619048
9480 0
9480 2.7952380952381
9480 2.41333333333333
9480 3.14
9480 2.72142857142857
9480 0.00214285714285714
9480 0
9480 0.0142857142857143
9532 1.18119047619048
9532 0
9532 2.7952380952381
9532 2.41333333333333
9532 3.14
9532 2.72142857142857
9532 0.00214285714285714
9532 0
9532 0.0142857142857143
9541 1.18119047619048
9541 0
9541 2.7952380952381
9541 2.41333333333333
9541 3.14
9541 2.72142857142857
9541 0.00214285714285714
9541 0
9541 0.0142857142857143
9542 1.18119047619048
9542 0
9542 2.7952380952381
9542 2.41333333333333
9542 3.14
9542 2.72142857142857
9542 0.00214285714285714
9542 0
9542 0.0142857142857143
9543 1.18119047619048
9543 0
9543 2.7952380952381
9543 2.41333333333333
9543 3.14
9543 2.72142857142857
9543 0.00214285714285714
9543 0
9543 0.0142857142857143
9601 1.18119047619048
9601 0
9601 2.7952380952381
9601 2.41333333333333
9601 3.14
9601 2.72142857142857
9601 0.00214285714285714
9601 0
9601 0.0142857142857143
9602 1.18119047619048
9602 0
9602 2.7952380952381
9602 2.41333333333333
9602 3.14
9602 2.72142857142857
9602 0.00214285714285714
9602 0
9602 0.0142857142857143
9609 1.18119047619048
9609 0
9609 2.7952380952381
9609 2.41333333333333
9609 3.14
9609 2.72142857142857
9609 0.00214285714285714
9609 0
9609 0.0142857142857143
9612 1.18119047619048
9612 0
9612 2.7952380952381
9612 2.41333333333333
9612 3.14
9612 2.72142857142857
9612 0.00214285714285714
9612 0
9612 0.0142857142857143
9681 1.18119047619048
9681 0
9681 2.7952380952381
9681 2.41333333333333
9681 3.14
9681 2.72142857142857
9681 0.00214285714285714
9681 0
9681 0.0142857142857143
9687 1.18119047619048
9687 0
9687 2.7952380952381
9687 2.41333333333333
9687 3.14
9687 2.72142857142857
9687 0.00214285714285714
9687 0
9687 0.0142857142857143
9689 1.18119047619048
9689 0
9689 2.7952380952381
9689 2.41333333333333
9689 3.14
9689 2.72142857142857
9689 0.00214285714285714
9689 0
9689 0.0142857142857143
9690 1.18119047619048
9690 0
9690 2.7952380952381
9690 2.41333333333333
9690 3.14
9690 2.72142857142857
9690 0.00214285714285714
9690 0
9690 0.0142857142857143
9758 1.18119047619048
9758 0
9758 2.7952380952381
9758 2.41333333333333
9758 3.14
9758 2.72142857142857
9758 0.00214285714285714
9758 0
9758 0.0142857142857143
9767 1.18119047619048
9767 0
9767 2.7952380952381
9767 2.41333333333333
9767 3.14
9767 2.72142857142857
9767 0.00214285714285714
9767 0
9767 0.0142857142857143
9843 1.18119047619048
9843 0
9843 2.7952380952381
9843 2.41333333333333
9843 3.14
9843 2.72142857142857
9843 0.00214285714285714
9843 0
9843 0.0142857142857143
9848 1.18119047619048
9848 0
9848 2.7952380952381
9848 2.41333333333333
9848 3.14
9848 2.72142857142857
9848 0.00214285714285714
9848 0
9848 0.0142857142857143
9925 1.18119047619048
9925 0
9925 2.7952380952381
9925 2.41333333333333
9925 3.14
9925 2.72142857142857
9925 0.00214285714285714
9925 0
9925 0.0142857142857143
9926 1.18119047619048
9926 0
9926 2.7952380952381
9926 2.41333333333333
9926 3.14
9926 2.72142857142857
9926 0.00214285714285714
9926 0
9926 0.0142857142857143
9927 1.18119047619048
9927 0
9927 2.7952380952381
9927 2.41333333333333
9927 3.14
9927 2.72142857142857
9927 0.00214285714285714
9927 0
9927 0.0142857142857143
9928 1.18119047619048
9928 0
9928 2.7952380952381
9928 2.41333333333333
9928 3.14
9928 2.72142857142857
9928 0.00214285714285714
9928 0
9928 0.0142857142857143
9929 1.18119047619048
9929 0
9929 2.7952380952381
9929 2.41333333333333
9929 3.14
9929 2.72142857142857
9929 0.00214285714285714
9929 0
9929 0.0142857142857143
9930 1.18119047619048
9930 0
9930 2.7952380952381
9930 2.41333333333333
9930 3.14
9930 2.72142857142857
9930 0.00214285714285714
9930 0
9930 0.0142857142857143
9990 1.18119047619048
9990 0
9990 2.7952380952381
9990 2.41333333333333
9990 3.14
9990 2.72142857142857
9990 0.00214285714285714
9990 0
9990 0.0142857142857143
10008 1.18119047619048
10008 0
10008 2.7952380952381
10008 2.41333333333333
10008 3.14
10008 2.72142857142857
10008 0.00214285714285714
10008 0
10008 0.0142857142857143
10009 1.18119047619048
10009 0
10009 2.7952380952381
10009 2.41333333333333
10009 3.14
10009 2.72142857142857
10009 0.00214285714285714
10009 0
10009 0.0142857142857143
10010 1.18119047619048
10010 0
10010 2.7952380952381
10010 2.41333333333333
10010 3.14
10010 2.72142857142857
10010 0.00214285714285714
10010 0
10010 0.0142857142857143
10011 1.18119047619048
10011 0
10011 2.7952380952381
10011 2.41333333333333
10011 3.14
10011 2.72142857142857
10011 0.00214285714285714
10011 0
10011 0.0142857142857143
10013 1.18119047619048
10013 0
10013 2.7952380952381
10013 2.41333333333333
10013 3.14
10013 2.72142857142857
10013 0.00214285714285714
10013 0
10013 0.0142857142857143
10091 1.18119047619048
10091 0
10091 2.7952380952381
10091 2.41333333333333
10091 3.14
10091 2.72142857142857
10091 0.00214285714285714
10091 0
10091 0.0142857142857143
10092 1.18119047619048
10092 0
10092 2.7952380952381
10092 2.41333333333333
10092 3.14
10092 2.72142857142857
10092 0.00214285714285714
10092 0
10092 0.0142857142857143
10093 1.18119047619048
10093 0
10093 2.7952380952381
10093 2.41333333333333
10093 3.14
10093 2.72142857142857
10093 0.00214285714285714
10093 0
10093 0.0142857142857143
10095 1.18119047619048
10095 0
10095 2.7952380952381
10095 2.41333333333333
10095 3.14
10095 2.72142857142857
10095 0.00214285714285714
10095 0
10095 0.0142857142857143
10096 1.18119047619048
10096 0
10096 2.7952380952381
10096 2.41333333333333
10096 3.14
10096 2.72142857142857
10096 0.00214285714285714
10096 0
10096 0.0142857142857143
10171 1.18119047619048
10171 0
10171 2.7952380952381
10171 2.41333333333333
10171 3.14
10171 2.72142857142857
10171 0.00214285714285714
10171 0
10171 0.0142857142857143
10173 1.18119047619048
10173 0
10173 2.7952380952381
10173 2.41333333333333
10173 3.14
10173 2.72142857142857
10173 0.00214285714285714
10173 0
10173 0.0142857142857143
10174 1.18119047619048
10174 0
10174 2.7952380952381
10174 2.41333333333333
10174 3.14
10174 2.72142857142857
10174 0.00214285714285714
10174 0
10174 0.0142857142857143
10176 1.18119047619048
10176 0
10176 2.7952380952381
10176 2.41333333333333
10176 3.14
10176 2.72142857142857
10176 0.00214285714285714
10176 0
10176 0.0142857142857143
10177 1.18119047619048
10177 0
10177 2.7952380952381
10177 2.41333333333333
10177 3.14
10177 2.72142857142857
10177 0.00214285714285714
10177 0
10177 0.0142857142857143
10256 1.18119047619048
10256 0
10256 2.7952380952381
10256 2.41333333333333
10256 3.14
10256 2.72142857142857
10256 0.00214285714285714
10256 0
10256 0.0142857142857143
10258 1.18119047619048
10258 0
10258 2.7952380952381
10258 2.41333333333333
10258 3.14
10258 2.72142857142857
10258 0.00214285714285714
10258 0
10258 0.0142857142857143
10320 1.18119047619048
10320 0
10320 2.7952380952381
10320 2.41333333333333
10320 3.14
10320 2.72142857142857
10320 0.00214285714285714
10320 0
10320 0.0142857142857143
10337 1.18119047619048
10337 0
10337 2.7952380952381
10337 2.41333333333333
10337 3.14
10337 2.72142857142857
10337 0.00214285714285714
10337 0
10337 0.0142857142857143
10339 1.18119047619048
10339 0
10339 2.7952380952381
10339 2.41333333333333
10339 3.14
10339 2.72142857142857
10339 0.00214285714285714
10339 0
10339 0.0142857142857143
10340 1.18119047619048
10340 0
10340 2.7952380952381
10340 2.41333333333333
10340 3.14
10340 2.72142857142857
10340 0.00214285714285714
10340 0
10340 0.0142857142857143
10341 1.18119047619048
10341 0
10341 2.7952380952381
10341 2.41333333333333
10341 3.14
10341 2.72142857142857
10341 0.00214285714285714
10341 0
10341 0.0142857142857143
10342 1.18119047619048
10342 0
10342 2.7952380952381
10342 2.41333333333333
10342 3.14
10342 2.72142857142857
10342 0.00214285714285714
10342 0
10342 0.0142857142857143
10343 1.18119047619048
10343 0
10343 2.7952380952381
10343 2.41333333333333
10343 3.14
10343 2.72142857142857
10343 0.00214285714285714
10343 0
10343 0.0142857142857143
10404 1.18119047619048
10404 0
10404 2.7952380952381
10404 2.41333333333333
10404 3.14
10404 2.72142857142857
10404 0.00214285714285714
10404 0
10404 0.0142857142857143
10423 1.18119047619048
10423 0
10423 2.7952380952381
10423 2.41333333333333
10423 3.14
10423 2.72142857142857
10423 0.00214285714285714
10423 0
10423 0.0142857142857143
10425 1.18119047619048
10425 0
10425 2.7952380952381
10425 2.41333333333333
10425 3.14
10425 2.72142857142857
10425 0.00214285714285714
10425 0
10425 0.0142857142857143
10430 1.18119047619048
10430 0
10430 2.7952380952381
10430 2.41333333333333
10430 3.14
10430 2.72142857142857
10430 0.00214285714285714
10430 0
10430 0.0142857142857143
10520 1.18119047619048
10520 0
10520 2.7952380952381
10520 2.41333333333333
10520 3.14
10520 2.72142857142857
10520 0.00214285714285714
10520 0
10520 0.0142857142857143
10521 1.18119047619048
10521 0
10521 2.7952380952381
10521 2.41333333333333
10521 3.14
10521 2.72142857142857
10521 0.00214285714285714
10521 0
10521 0.0142857142857143
10524 1.18119047619048
10524 0
10524 2.7952380952381
10524 2.41333333333333
10524 3.14
10524 2.72142857142857
10524 0.00214285714285714
10524 0
10524 0.0142857142857143
10525 1.18119047619048
10525 0
10525 2.7952380952381
10525 2.41333333333333
10525 3.14
10525 2.72142857142857
10525 0.00214285714285714
10525 0
10525 0.0142857142857143
10526 1.18119047619048
10526 0
10526 2.7952380952381
10526 2.41333333333333
10526 3.14
10526 2.72142857142857
10526 0.00214285714285714
10526 0
10526 0.0142857142857143
10619 1.18119047619048
10619 0
10619 2.7952380952381
10619 2.41333333333333
10619 3.14
10619 2.72142857142857
10619 0.00214285714285714
10619 0
10619 0.0142857142857143
10620 1.18119047619048
10620 0
10620 2.7952380952381
10620 2.41333333333333
10620 3.14
10620 2.72142857142857
10620 0.00214285714285714
10620 0
10620 0.0142857142857143
10623 1.18119047619048
10623 0
10623 2.7952380952381
10623 2.41333333333333
10623 3.14
10623 2.72142857142857
10623 0.00214285714285714
10623 0
10623 0.0142857142857143
10624 1.18119047619048
10624 0
10624 2.7952380952381
10624 2.41333333333333
10624 3.14
10624 2.72142857142857
10624 0.00214285714285714
10624 0
10624 0.0142857142857143
10625 1.18119047619048
10625 0
10625 2.7952380952381
10625 2.41333333333333
10625 3.14
10625 2.72142857142857
10625 0.00214285714285714
10625 0
10625 0.0142857142857143
10626 1.18119047619048
10626 0
10626 2.7952380952381
10626 2.41333333333333
10626 3.14
10626 2.72142857142857
10626 0.00214285714285714
10626 0
10626 0.0142857142857143
10700 1.18119047619048
10700 0
10700 2.7952380952381
10700 2.41333333333333
10700 3.14
10700 2.72142857142857
10700 0.00214285714285714
10700 0
10700 0.0142857142857143
10718 1.18119047619048
10718 0
10718 2.7952380952381
10718 2.41333333333333
10718 3.14
10718 2.72142857142857
10718 0.00214285714285714
10718 0
10718 0.0142857142857143
10719 1.18119047619048
10719 0
10719 2.7952380952381
10719 2.41333333333333
10719 3.14
10719 2.72142857142857
10719 0.00214285714285714
10719 0
10719 0.0142857142857143
10720 1.18119047619048
10720 0
10720 2.7952380952381
10720 2.41333333333333
10720 3.14
10720 2.72142857142857
10720 0.00214285714285714
10720 0
10720 0.0142857142857143
10722 1.18119047619048
10722 0
10722 2.7952380952381
10722 2.41333333333333
10722 3.14
10722 2.72142857142857
10722 0.00214285714285714
10722 0
10722 0.0142857142857143
10723 1.18119047619048
10723 0
10723 2.7952380952381
10723 2.41333333333333
10723 3.14
10723 2.72142857142857
10723 0.00214285714285714
10723 0
10723 0.0142857142857143
10724 1.18119047619048
10724 0
10724 2.7952380952381
10724 2.41333333333333
10724 3.14
10724 2.72142857142857
10724 0.00214285714285714
10724 0
10724 0.0142857142857143
10725 1.18119047619048
10725 0
10725 2.7952380952381
10725 2.41333333333333
10725 3.14
10725 2.72142857142857
10725 0.00214285714285714
10725 0
10725 0.0142857142857143
10819 1.18119047619048
10819 0
10819 2.7952380952381
10819 2.41333333333333
10819 3.14
10819 2.72142857142857
10819 0.00214285714285714
10819 0
10819 0.0142857142857143
10820 1.18119047619048
10820 0
10820 2.7952380952381
10820 2.41333333333333
10820 3.14
10820 2.72142857142857
10820 0.00214285714285714
10820 0
10820 0.0142857142857143
10822 1.18119047619048
10822 0
10822 2.7952380952381
10822 2.41333333333333
10822 3.14
10822 2.72142857142857
10822 0.00214285714285714
10822 0
10822 0.0142857142857143
10824 1.18119047619048
10824 0
10824 2.7952380952381
10824 2.41333333333333
10824 3.14
10824 2.72142857142857
10824 0.00214285714285714
10824 0
10824 0.0142857142857143
10825 1.18119047619048
10825 0
10825 2.7952380952381
10825 2.41333333333333
10825 3.14
10825 2.72142857142857
10825 0.00214285714285714
10825 0
10825 0.0142857142857143
10826 1.18119047619048
10826 0
10826 2.7952380952381
10826 2.41333333333333
10826 3.14
10826 2.72142857142857
10826 0.00214285714285714
10826 0
10826 0.0142857142857143
10920 1.18119047619048
10920 0
10920 2.7952380952381
10920 2.41333333333333
10920 3.14
10920 2.72142857142857
10920 0.00214285714285714
10920 0
10920 0.0142857142857143
10923 1.18119047619048
10923 0
10923 2.7952380952381
10923 2.41333333333333
10923 3.14
10923 2.72142857142857
10923 0.00214285714285714
10923 0
10923 0.0142857142857143
10925 1.18119047619048
10925 0
10925 2.7952380952381
10925 2.41333333333333
10925 3.14
10925 2.72142857142857
10925 0.00214285714285714
10925 0
10925 0.0142857142857143
10926 1.18119047619048
10926 0
10926 2.7952380952381
10926 2.41333333333333
10926 3.14
10926 2.72142857142857
10926 0.00214285714285714
10926 0
10926 0.0142857142857143
10927 1.18119047619048
10927 0
10927 2.7952380952381
10927 2.41333333333333
10927 3.14
10927 2.72142857142857
10927 0.00214285714285714
10927 0
10927 0.0142857142857143
10928 1.18119047619048
10928 0
10928 2.7952380952381
10928 2.41333333333333
10928 3.14
10928 2.72142857142857
10928 0.00214285714285714
10928 0
10928 0.0142857142857143
11030 1.18119047619048
11030 0
11030 2.7952380952381
11030 2.41333333333333
11030 3.14
11030 2.72142857142857
11030 0.00214285714285714
11030 0
11030 0.0142857142857143
11031 1.18119047619048
11031 0
11031 2.7952380952381
11031 2.41333333333333
11031 3.14
11031 2.72142857142857
11031 0.00214285714285714
11031 0
11031 0.0142857142857143
11032 1.18119047619048
11032 0
11032 2.7952380952381
11032 2.41333333333333
11032 3.14
11032 2.72142857142857
11032 0.00214285714285714
11032 0
11032 0.0142857142857143
11033 1.18119047619048
11033 0
11033 2.7952380952381
11033 2.41333333333333
11033 3.14
11033 2.72142857142857
11033 0.00214285714285714
11033 0
11033 0.0142857142857143
11034 1.18119047619048
11034 0
11034 2.7952380952381
11034 2.41333333333333
11034 3.14
11034 2.72142857142857
11034 0.00214285714285714
11034 0
11034 0.0142857142857143
11035 1.18119047619048
11035 0
11035 2.7952380952381
11035 2.41333333333333
11035 3.14
11035 2.72142857142857
11035 0.00214285714285714
11035 0
11035 0.0142857142857143
11036 1.18119047619048
11036 0
11036 2.7952380952381
11036 2.41333333333333
11036 3.14
11036 2.72142857142857
11036 0.00214285714285714
11036 0
11036 0.0142857142857143
11037 1.18119047619048
11037 0
11037 2.7952380952381
11037 2.41333333333333
11037 3.14
11037 2.72142857142857
11037 0.00214285714285714
11037 0
11037 0.0142857142857143
11141 1.18119047619048
11141 0
11141 2.7952380952381
11141 2.41333333333333
11141 3.14
11141 2.72142857142857
11141 0.00214285714285714
11141 0
11141 0.0142857142857143
11145 1.18119047619048
11145 0
11145 2.7952380952381
11145 2.41333333333333
11145 3.14
11145 2.72142857142857
11145 0.00214285714285714
11145 0
11145 0.0142857142857143
11146 1.18119047619048
11146 0
11146 2.7952380952381
11146 2.41333333333333
11146 3.14
11146 2.72142857142857
11146 0.00214285714285714
11146 0
11146 0.0142857142857143
11147 1.18119047619048
11147 0
11147 2.7952380952381
11147 2.41333333333333
11147 3.14
11147 2.72142857142857
11147 0.00214285714285714
11147 0
11147 0.0142857142857143
11143 1.18119047619048
11143 0
11143 2.7952380952381
11143 2.41333333333333
11143 3.14
11143 2.72142857142857
11143 0.00214285714285714
11143 0
11143 0.0142857142857143
11144 1.18119047619048
11144 0
11144 2.7952380952381
11144 2.41333333333333
11144 3.14
11144 2.72142857142857
11144 0.00214285714285714
11144 0
11144 0.0142857142857143
11261 1.18119047619048
11261 0
11261 2.7952380952381
11261 2.41333333333333
11261 3.14
11261 2.72142857142857
11261 0.00214285714285714
11261 0
11261 0.0142857142857143
11262 1.18119047619048
11262 0
11262 2.7952380952381
11262 2.41333333333333
11262 3.14
11262 2.72142857142857
11262 0.00214285714285714
11262 0
11262 0.0142857142857143
11264 1.18119047619048
11264 0
11264 2.7952380952381
11264 2.41333333333333
11264 3.14
11264 2.72142857142857
11264 0.00214285714285714
11264 0
11264 0.0142857142857143
11265 1.18119047619048
11265 0
11265 2.7952380952381
11265 2.41333333333333
11265 3.14
11265 2.72142857142857
11265 0.00214285714285714
11265 0
11265 0.0142857142857143
11266 1.18119047619048
11266 0
11266 2.7952380952381
11266 2.41333333333333
11266 3.14
11266 2.72142857142857
11266 0.00214285714285714
11266 0
11266 0.0142857142857143
11267 1.18119047619048
11267 0
11267 2.7952380952381
11267 2.41333333333333
11267 3.14
11267 2.72142857142857
11267 0.00214285714285714
11267 0
11267 0.0142857142857143
11385 1.18119047619048
11385 0
11385 2.7952380952381
11385 2.41333333333333
11385 3.14
11385 2.72142857142857
11385 0.00214285714285714
11385 0
11385 0.0142857142857143
11386 1.18119047619048
11386 0
11386 2.7952380952381
11386 2.41333333333333
11386 3.14
11386 2.72142857142857
11386 0.00214285714285714
11386 0
11386 0.0142857142857143
11387 1.18119047619048
11387 0
11387 2.7952380952381
11387 2.41333333333333
11387 3.14
11387 2.72142857142857
11387 0.00214285714285714
11387 0
11387 0.0142857142857143
11388 1.18119047619048
11388 0
11388 2.7952380952381
11388 2.41333333333333
11388 3.14
11388 2.72142857142857
11388 0.00214285714285714
11388 0
11388 0.0142857142857143
11389 1.18119047619048
11389 0
11389 2.7952380952381
11389 2.41333333333333
11389 3.14
11389 2.72142857142857
11389 0.00214285714285714
11389 0
11389 0.0142857142857143
11488 1.18119047619048
11488 0
11488 2.7952380952381
11488 2.41333333333333
11488 3.14
11488 2.72142857142857
11488 0.00214285714285714
11488 0
11488 0.0142857142857143
11504 1.18119047619048
11504 0
11504 2.7952380952381
11504 2.41333333333333
11504 3.14
11504 2.72142857142857
11504 0.00214285714285714
11504 0
11504 0.0142857142857143
11508 1.18119047619048
11508 0
11508 2.7952380952381
11508 2.41333333333333
11508 3.14
11508 2.72142857142857
11508 0.00214285714285714
11508 0
11508 0.0142857142857143
11509 1.18119047619048
11509 0
11509 2.7952380952381
11509 2.41333333333333
11509 3.14
11509 2.72142857142857
11509 0.00214285714285714
11509 0
11509 0.0142857142857143
11511 1.18119047619048
11511 0
11511 2.7952380952381
11511 2.41333333333333
11511 3.14
11511 2.72142857142857
11511 0.00214285714285714
11511 0
11511 0.0142857142857143
11512 1.18119047619048
11512 0
11512 2.7952380952381
11512 2.41333333333333
11512 3.14
11512 2.72142857142857
11512 0.00214285714285714
11512 0
11512 0.0142857142857143
11513 1.18119047619048
11513 0
11513 2.7952380952381
11513 2.41333333333333
11513 3.14
11513 2.72142857142857
11513 0.00214285714285714
11513 0
11513 0.0142857142857143
11514 1.18119047619048
11514 0
11514 2.7952380952381
11514 2.41333333333333
11514 3.14
11514 2.72142857142857
11514 0.00214285714285714
11514 0
11514 0.0142857142857143
11515 1.18119047619048
11515 0
11515 2.7952380952381
11515 2.41333333333333
11515 3.14
11515 2.72142857142857
11515 0.00214285714285714
11515 0
11515 0.0142857142857143
11628 1.18119047619048
11628 0
11628 2.7952380952381
11628 2.41333333333333
11628 3.14
11628 2.72142857142857
11628 0.00214285714285714
11628 0
11628 0.0142857142857143
11630 1.18119047619048
11630 0
11630 2.7952380952381
11630 2.41333333333333
11630 3.14
11630 2.72142857142857
11630 0.00214285714285714
11630 0
11630 0.0142857142857143
11633 1.18119047619048
11633 0
11633 2.7952380952381
11633 2.41333333333333
11633 3.14
11633 2.72142857142857
11633 0.00214285714285714
11633 0
11633 0.0142857142857143
11634 1.18119047619048
11634 0
11634 2.7952380952381
11634 2.41333333333333
11634 3.14
11634 2.72142857142857
11634 0.00214285714285714
11634 0
11634 0.0142857142857143
11635 1.18119047619048
11635 0
11635 2.7952380952381
11635 2.41333333333333
11635 3.14
11635 2.72142857142857
11635 0.00214285714285714
11635 0
11635 0.0142857142857143
11636 1.18119047619048
11636 0
11636 2.7952380952381
11636 2.41333333333333
11636 3.14
11636 2.72142857142857
11636 0.00214285714285714
11636 0
11636 0.0142857142857143
11643 1.18119047619048
11643 0
11643 2.7952380952381
11643 2.41333333333333
11643 3.14
11643 2.72142857142857
11643 0.00214285714285714
11643 0
11643 0.0142857142857143
11637 1.18119047619048
11637 0
11637 2.7952380952381
11637 2.41333333333333
11637 3.14
11637 2.72142857142857
11637 0.00214285714285714
11637 0
11637 0.0142857142857143
11638 1.18119047619048
11638 0
11638 2.7952380952381
11638 2.41333333333333
11638 3.14
11638 2.72142857142857
11638 0.00214285714285714
11638 0
11638 0.0142857142857143
11640 1.18119047619048
11640 0
11640 2.7952380952381
11640 2.41333333333333
11640 3.14
11640 2.72142857142857
11640 0.00214285714285714
11640 0
11640 0.0142857142857143
11641 1.18119047619048
11641 0
11641 2.7952380952381
11641 2.41333333333333
11641 3.14
11641 2.72142857142857
11641 0.00214285714285714
11641 0
11641 0.0142857142857143
11642 1.18119047619048
11642 0
11642 2.7952380952381
11642 2.41333333333333
11642 3.14
11642 2.72142857142857
11642 0.00214285714285714
11642 0
11642 0.0142857142857143
11758 1.18119047619048
11758 0
11758 2.7952380952381
11758 2.41333333333333
11758 3.14
11758 2.72142857142857
11758 0.00214285714285714
11758 0
11758 0.0142857142857143
11761 1.18119047619048
11761 0
11761 2.7952380952381
11761 2.41333333333333
11761 3.14
11761 2.72142857142857
11761 0.00214285714285714
11761 0
11761 0.0142857142857143
11762 1.18119047619048
11762 0
11762 2.7952380952381
11762 2.41333333333333
11762 3.14
11762 2.72142857142857
11762 0.00214285714285714
11762 0
11762 0.0142857142857143
11764 1.18119047619048
11764 0
11764 2.7952380952381
11764 2.41333333333333
11764 3.14
11764 2.72142857142857
11764 0.00214285714285714
11764 0
11764 0.0142857142857143
11765 1.18119047619048
11765 0
11765 2.7952380952381
11765 2.41333333333333
11765 3.14
11765 2.72142857142857
11765 0.00214285714285714
11765 0
11765 0.0142857142857143
11766 1.18119047619048
11766 0
11766 2.7952380952381
11766 2.41333333333333
11766 3.14
11766 2.72142857142857
11766 0.00214285714285714
11766 0
11766 0.0142857142857143
11767 1.18119047619048
11767 0
11767 2.7952380952381
11767 2.41333333333333
11767 3.14
11767 2.72142857142857
11767 0.00214285714285714
11767 0
11767 0.0142857142857143
11768 1.18119047619048
11768 0
11768 2.7952380952381
11768 2.41333333333333
11768 3.14
11768 2.72142857142857
11768 0.00214285714285714
11768 0
11768 0.0142857142857143
11769 1.18119047619048
11769 0
11769 2.7952380952381
11769 2.41333333333333
11769 3.14
11769 2.72142857142857
11769 0.00214285714285714
11769 0
11769 0.0142857142857143
11770 1.18119047619048
11770 0
11770 2.7952380952381
11770 2.41333333333333
11770 3.14
11770 2.72142857142857
11770 0.00214285714285714
11770 0
11770 0.0142857142857143
11771 1.18119047619048
11771 0
11771 2.7952380952381
11771 2.41333333333333
11771 3.14
11771 2.72142857142857
11771 0.00214285714285714
11771 0
11771 0.0142857142857143
11772 1.18119047619048
11772 0
11772 2.7952380952381
11772 2.41333333333333
11772 3.14
11772 2.72142857142857
11772 0.00214285714285714
11772 0
11772 0.0142857142857143
11886 1.18119047619048
11886 0
11886 2.7952380952381
11886 2.41333333333333
11886 3.14
11886 2.72142857142857
11886 0.00214285714285714
11886 0
11886 0.0142857142857143
11889 1.18119047619048
11889 0
11889 2.7952380952381
11889 2.41333333333333
11889 3.14
11889 2.72142857142857
11889 0.00214285714285714
11889 0
11889 0.0142857142857143
11891 1.18119047619048
11891 0
11891 2.7952380952381
11891 2.41333333333333
11891 3.14
11891 2.72142857142857
11891 0.00214285714285714
11891 0
11891 0.0142857142857143
11894 1.18119047619048
11894 0
11894 2.7952380952381
11894 2.41333333333333
11894 3.14
11894 2.72142857142857
11894 0.00214285714285714
11894 0
11894 0.0142857142857143
11896 1.18119047619048
11896 0
11896 2.7952380952381
11896 2.41333333333333
11896 3.14
11896 2.72142857142857
11896 0.00214285714285714
11896 0
11896 0.0142857142857143
11898 1.18119047619048
11898 0
11898 2.7952380952381
11898 2.41333333333333
11898 3.14
11898 2.72142857142857
11898 0.00214285714285714
11898 0
11898 0.0142857142857143
11899 1.18119047619048
11899 0
11899 2.7952380952381
11899 2.41333333333333
11899 3.14
11899 2.72142857142857
11899 0.00214285714285714
11899 0
11899 0.0142857142857143
11900 1.18119047619048
11900 0
11900 2.7952380952381
11900 2.41333333333333
11900 3.14
11900 2.72142857142857
11900 0.00214285714285714
11900 0
11900 0.0142857142857143
12015 1.18119047619048
12015 0
12015 2.7952380952381
12015 2.41333333333333
12015 3.14
12015 2.72142857142857
12015 0.00214285714285714
12015 0
12015 0.0142857142857143
12017 1.18119047619048
12017 0
12017 2.7952380952381
12017 2.41333333333333
12017 3.14
12017 2.72142857142857
12017 0.00214285714285714
12017 0
12017 0.0142857142857143
12019 1.18119047619048
12019 0
12019 2.7952380952381
12019 2.41333333333333
12019 3.14
12019 2.72142857142857
12019 0.00214285714285714
12019 0
12019 0.0142857142857143
12021 1.18119047619048
12021 0
12021 2.7952380952381
12021 2.41333333333333
12021 3.14
12021 2.72142857142857
12021 0.00214285714285714
12021 0
12021 0.0142857142857143
12022 1.18119047619048
12022 0
12022 2.7952380952381
12022 2.41333333333333
12022 3.14
12022 2.72142857142857
12022 0.00214285714285714
12022 0
12022 0.0142857142857143
12023 1.18119047619048
12023 0
12023 2.7952380952381
12023 2.41333333333333
12023 3.14
12023 2.72142857142857
12023 0.00214285714285714
12023 0
12023 0.0142857142857143
12137 1.18119047619048
12137 0
12137 2.7952380952381
12137 2.41333333333333
12137 3.14
12137 2.72142857142857
12137 0.00214285714285714
12137 0
12137 0.0142857142857143
12140 1.18119047619048
12140 0
12140 2.7952380952381
12140 2.41333333333333
12140 3.14
12140 2.72142857142857
12140 0.00214285714285714
12140 0
12140 0.0142857142857143
12141 1.18119047619048
12141 0
12141 2.7952380952381
12141 2.41333333333333
12141 3.14
12141 2.72142857142857
12141 0.00214285714285714
12141 0
12141 0.0142857142857143
