pt_graph scale
8997 1.18119047619048
8997 0
8997 2.7952380952381
8997 2.41333333333333
8997 3.14
8997 2.72142857142857
8997 0.00214285714285714
8997 0
8997 0.0142857142857143
8998 1.18119047619048
8998 0
8998 2.7952380952381
8998 2.41333333333333
8998 3.14
8998 2.72142857142857
8998 0.00214285714285714
8998 0
8998 0.0142857142857143
9036 1.18119047619048
9036 0
9036 2.7952380952381
9036 2.41333333333333
9036 3.14
9036 2.72142857142857
9036 0.00214285714285714
9036 0
9036 0.0142857142857143
9037 1.18119047619048
9037 0
9037 2.7952380952381
9037 2.41333333333333
9037 3.14
9037 2.72142857142857
9037 0.00214285714285714
9037 0
9037 0.0142857142857143
9038 1.18119047619048
9038 0
9038 2.7952380952381
9038 2.41333333333333
9038 3.14
9038 2.72142857142857
9038 0.00214285714285714
9038 0
9038 0.0142857142857143
9039 1.18119047619048
9039 0
9039 2.7952380952381
9039 2.41333333333333
9039 3.14
9039 2.72142857142857
9039 0.00214285714285714
9039 0
9039 0.0142857142857143
9074 1.18119047619048
9074 0
9074 2.7952380952381
9074 2.41333333333333
9074 3.14
9074 2.72142857142857
9074 0.00214285714285714
9074 0
9074 0.0142857142857143
9075 1.18119047619048
9075 0
9075 2.7952380952381
9075 2.41333333333333
9075 3.14
9075 2.72142857142857
9075 0.00214285714285714
9075 0
9075 0.0142857142857143
9076 1.18119047619048
9076 0
9076 2.7952380952381
9076 2.41333333333333
9076 3.14
9076 2.72142857142857
9076 0.00214285714285714
9076 0
9076 0.0142857142857143
9077 1.18119047619048
9077 0
9077 2.7952380952381
9077 2.41333333333333
9077 3.14
9077 2.72142857142857
9077 0.00214285714285714
9077 0
9077 0.0142857142857143
9078 1.18119047619048
9078 0
9078 2.7952380952381
9078 2.41333333333333
9078 3.14
9078 2.72142857142857
9078 0.00214285714285714
9078 0
9078 0.0142857142857143
9079 1.18119047619048
9079 0
9079 2.7952380952381
9079 2.41333333333333
9079 3.14
9079 2.72142857142857
9079 0.00214285714285714
9079 0
9079 0.0142857142857143
9080 1.18119047619048
9080 0
9080 2.7952380952381
9080 2.41333333333333
9080 3.14
9080 2.72142857142857
9080 0.00214285714285714
9080 0
9080 0.0142857142857143
9115 1.18119047619048
9115 0
9115 2.7952380952381
9115 2.41333333333333
9115 3.14
9115 2.72142857142857
9115 0.00214285714285714
9115 0
9115 0.0142857142857143
9116 1.18119047619048
9116 0
9116 2.7952380952381
9116 2.41333333333333
9116 3.14
9116 2.72142857142857
9116 0.00214285714285714
9116 0
9116 0.0142857142857143
9117 1.18119047619048
9117 0
9117 2.7952380952381
9117 2.41333333333333
9117 3.14
9117 2.72142857142857
9117 0.00214285714285714
9117 0
9117 0.0142857142857143
9118 1.18119047619048
9118 0
9118 2.7952380952381
9118 2.41333333333333
9118 3.14
9118 2.72142857142857
9118 0.00214285714285714
9118 0
9118 0.0142857142857143
9119 1.18119047619048
9119 0
9119 2.7952380952381
9119 2.41333333333333
9119 3.14
9119 2.72142857142857
9119 0.00214285714285714
9119 0
9119 0.0142857142857143
9120 1.18119047619048
9120 0
9120 2.7952380952381
9120 2.41333333333333
9120 3.14
9120 2.72142857142857
9120 0.00214285714285714
9120 0
9120 0.0142857142857143
9122 1.18119047619048
9122 0
9122 2.7952380952381
9122 2.41333333333333
9122 3.14
9122 2.72142857142857
9122 0.00214285714285714
9122 0
9122 0.0142857142857143
9124 1.18119047619048
9124 0
9124 2.7952380952381
9124 2.41333333333333
9124 3.14
9124 2.72142857142857
9124 0.00214285714285714
9124 0
9124 0.0142857142857143
9157 1.18119047619048
9157 0
9157 2.7952380952381
9157 2.41333333333333
9157 3.14
9157 2.72142857142857
9157 0.00214285714285714
9157 0
9157 0.0142857142857143
9158 1.18119047619048
9158 0
9158 2.7952380952381
9158 2.41333333333333
9158 3.14
9158 2.72142857142857
9158 0.00214285714285714
9158 0
9158 0.0142857142857143
9159 1.18119047619048
9159 0
9159 2.7952380952381
9159 2.41333333333333
9159 3.14
9159 2.72142857142857
9159 0.00214285714285714
9159 0
9159 0.0142857142857143
9160 1.18119047619048
9160 0
9160 2.7952380952381
9160 2.41333333333333
9160 3.14
9160 2.72142857142857
9160 0.00214285714285714
9160 0
9160 0.0142857142857143
9198 1.18119047619048
9198 0
9198 2.7952380952381
9198 2.41333333333333
9198 3.14
9198 2.72142857142857
9198 0.00214285714285714
9198 0
9198 0.0142857142857143
9199 1.18119047619048
9199 0
9199 2.7952380952381
9199 2.41333333333333
9199 3.14
9199 2.72142857142857
9199 0.00214285714285714
9199 0
9199 0.0142857142857143
9201 1.18119047619048
9201 0
9201 2.7952380952381
9201 2.41333333333333
9201 3.14
9201 2.72142857142857
9201 0.00214285714285714
9201 0
9201 0.0142857142857143
9242 1.18119047619048
9242 0
9242 2.7952380952381
9242 2.41333333333333
9242 3.14
9242 2.72142857142857
9242 0.00214285714285714
9242 0
9242 0.0142857142857143
9243 1.18119047619048
9243 0
9243 2.7952380952381
9243 2.41333333333333
9243 3.14
9243 2.72142857142857
9243 0.00214285714285714
9243 0
9243 0.0142857142857143
9244 1.18119047619048
9244 0
9244 2.7952380952381
9244 2.41333333333333
9244 3.14
9244 2.72142857142857
9244 0.00214285714285714
9244 0
9244 0.0142857142857143
9245 1.18119047619048
9245 0
9245 2.7952380952381
9245 2.41333333333333
9245 3.14
9245 2.72142857142857
9245 0.00214285714285714
9245 0
9245 0.0142857142857143
9257 1.18119047619048
9257 0
9257 2.7952380952381
9257 2.41333333333333
9257 3.14
9257 2.72142857142857
9257 0.00214285714285714
9257 0
9257 0.0142857142857143
9259 1.18119047619048
9259 0
9259 2.7952380952381
9259 2.41333333333333
9259 3.14
9259 2.72142857142857
9259 0.00214285714285714
9259 0
9259 0.0142857142857143
9288 1.18119047619048
9288 0
9288 2.7952380952381
9288 2.41333333333333
9288 3.14
9288 2.72142857142857
9288 0.00214285714285714
9288 0
9288 0.0142857142857143
9290 1.18119047619048
9290 0
9290 2.7952380952381
9290 2.41333333333333
9290 3.14
9290 2.72142857142857
9290 0.00214285714285714
9290 0
9290 0.0142857142857143
9291 1.18119047619048
9291 0
9291 2.7952380952381
9291 2.41333333333333
9291 3.14
9291 2.72142857142857
9291 0.00214285714285714
9291 0
9291 0.0142857142857143
9292 1.18119047619048
9292 0
9292 2.7952380952381
9292 2.41333333333333
9292 3.14
9292 2.72142857142857
9292 0.00214285714285714
9292 0
9292 0.0142857142857143
9293 1.18119047619048
9293 0
9293 2.7952380952381
9293 2.41333333333333
9293 3.14
9293 2.72142857142857
9293 0.00214285714285714
9293 0
9293 0.0142857142857143
9294 1.18119047619048
9294 0
9294 2.7952380952381
9294 2.41333333333333
9294 3.14
9294 2.72142857142857
9294 0.00214285714285714
9294 0
9294 0.0142857142857143
9305 1.18119047619048
9305 0
9305 2.7952380952381
9305 2.41333333333333
9305 3.14
9305 2.72142857142857
9305 0.00214285714285714
9305 0
9305 0.0142857142857143
9342 1.18119047619048
9342 0
9342 2.7952380952381
9342 2.41333333333333
9342 3.14
9342 2.72142857142857
9342 0.00214285714285714
9342 0
9342 0.0142857142857143
9343 1.18119047619048
9343 0
9343 2.7952380952381
9343 2.41333333333333
9343 3.14
9343 2.72142857142857
9343 0.00214285714285714
9343 0
9343 0.0142857142857143
9344 1.18119047619048
9344 0
9344 2.7952380952381
9344 2.41333333333333
9344 3.14
9344 2.72142857142857
9344 0.00214285714285714
9344 0
9344 0.0142857142857143
9394 1.18119047619048
9394 0
9394 2.7952380952381
9394 2.41333333333333
9394 3.14
9394 2.72142857142857
9394 0.00214285714285714
9394 0
9394 0.0142857142857143
9396 1.18119047619048
9396 0
9396 2.7952380952381
9396 2.41333333333333
9396 3.14
9396 2.72142857142857
9396 0.00214285714285714
9396 0
9396 0.0142857142857143
9411 1.18119047619048
9411 0
9411 2.7952380952381
9411 2.41333333333333
9411 3.14
9411 2.72142857142857
9411 0.00214285714285714
9411 0
9411 0.0142857142857143
9417 1.18119047619048
9417 0
9417 2.7952380952381
9417 2.41333333333333
9417 3.14
9417 2.72142857142857
9417 0.00214285714285714
9417 0
9417 0.0142857142857143
9450 1.18119047619048
9450 0
9450 2.7952380952381
9450 2.41333333333333
9450 3.14
9450 2.72142857142857
9450 0.00214285714285714
9450 0
9450 0.0142857142857143
9452 1.18119047619048
9452 0
9452 2.7952380952381
9452 2.41333333333333
9452 3.14
9452 2.72142857142857
9452 0.00214285714285714
9452 0
9452 0.0142857142857143
9453 1.18119047619048
9453 0
9453 2.7952380952381
9453 2.41333333333333
9453 3.14
9453 2.72142857142857
9453 0.00214285714285714
9453 0
9453 0.0142857142857143
9474 1.18119047619048
9474 0
9474 2.7952380952381
9474 2.41333333333333
9474 3.14
9474 2.72142857142857
9474 0.00214285714285714
9474 0
9474 0.0142857142857143
9475 1.18119047619048
9475 0
9475 2.7952380952381
9475 2.41333333333333
9475 3.14
9475 2.72142857142857
9475 0.00214285714285714
9475 0
9475 0.0142857142857143
9510 1.18119047619048
9510 0
9510 2.7952380952381
9510 2.41333333333333
9510 3.14
9510 2.72142857142857
9510 0.00214285714285714
9510 0
9510 0.0142857142857143
9511 1.18119047619048
9511 0
9511 2.7952380952381
9511 2.41333333333333
9511 3.14
9511 2.72142857142857
9511 0.00214285714285714
9511 0
9511 0.0142857142857143
9513 1.18119047619048
9513 0
9513 2.7952380952381
9513 2.41333333333333
9513 3.14
9513 2.72142857142857
9513 0.00214285714285714
9513 0
9513 0.0142857142857143
9515 1.18119047619048
9515 0
9515 2.7952380952381
9515 2.41333333333333
9515 3.14
9515 2.72142857142857
9515 0.00214285714285714
9515 0
9515 0.0142857142857143
9516 1.18119047619048
9516 0
9516 2.7952380952381
9516 2.41333333333333
9516 3.14
9516 2.72142857142857
9516 0.00214285714285714
9516 0
9516 0.0142857142857143
9518 1.18119047619048
9518 0
9518 2.7952380952381
9518 2.41333333333333
9518 3.14
9518 2.72142857142857
9518 0.00214285714285714
9518 0
9518 0.0142857142857143
9536 1.18119047619048
9536 0
9536 2.7952380952381
9536 2.41333333333333
9536 3.14
9536 2.72142857142857
9536 0.00214285714285714
9536 0
9536 0.0142857142857143
9537 1.18119047619048
9537 0
9537 2.7952380952381
9537 2.41333333333333
9537 3.14
9537 2.72142857142857
9537 0.00214285714285714
9537 0
9537 0.0142857142857143
9538 1.18119047619048
9538 0
9538 2.7952380952381
9538 2.41333333333333
9538 3.14
9538 2.72142857142857
9538 0.00214285714285714
9538 0
9538 0.0142857142857143
9581 1.18119047619048
9581 0
9581 2.7952380952381
9581 2.41333333333333
9581 3.14
9581 2.72142857142857
9581 0.00214285714285714
9581 0
9581 0.0142857142857143
9588 1.18119047619048
9588 0
9588 2.7952380952381
9588 2.41333333333333
9588 3.14
9588 2.72142857142857
9588 0.00214285714285714
9588 0
9588 0.0142857142857143
9601 1.18119047619048
9601 0
9601 2.7952380952381
9601 2.41333333333333
9601 3.14
9601 2.72142857142857
9601 0.00214285714285714
9601 0
9601 0.0142857142857143
9605 1.18119047619048
9605 0
9605 2.7952380952381
9605 2.41333333333333
9605 3.14
9605 2.72142857142857
9605 0.00214285714285714
9605 0
9605 0.0142857142857143
9606 1.18119047619048
9606 0
9606 2.7952380952381
9606 2.41333333333333
9606 3.14
9606 2.72142857142857
9606 0.00214285714285714
9606 0
9606 0.0142857142857143
9608 1.18119047619048
9608 0
9608 2.7952380952381
9608 2.41333333333333
9608 3.14
9608 2.72142857142857
9608 0.00214285714285714
9608 0
9608 0.0142857142857143
9655 1.18119047619048
9655 0
9655 2.7952380952381
9655 2.41333333333333
9655 3.14
9655 2.72142857142857
9655 0.00214285714285714
9655 0
9655 0.0142857142857143
9656 1.18119047619048
9656 0
9656 2.7952380952381
9656 2.41333333333333
9656 3.14
9656 2.72142857142857
9656 0.00214285714285714
9656 0
9656 0.0142857142857143
9659 1.18119047619048
9659 0
9659 2.7952380952381
9659 2.41333333333333
9659 3.14
9659 2.72142857142857
9659 0.00214285714285714
9659 0
9659 0.0142857142857143
9680 1.18119047619048
9680 0
9680 2.7952380952381
9680 2.41333333333333
9680 3.14
9680 2.72142857142857
9680 0.00214285714285714
9680 0
9680 0.0142857142857143
9681 1.18119047619048
9681 0
9681 2.7952380952381
9681 2.41333333333333
9681 3.14
9681 2.72142857142857
9681 0.00214285714285714
9681 0
9681 0.0142857142857143
9683 1.18119047619048
9683 0
9683 2.7952380952381
9683 2.41333333333333
9683 3.14
9683 2.72142857142857
9683 0.00214285714285714
9683 0
9683 0.0142857142857143
9737 1.18119047619048
9737 0
9737 2.7952380952381
9737 2.41333333333333
9737 3.14
9737 2.72142857142857
9737 0.00214285714285714
9737 0
9737 0.0142857142857143
9738 1.18119047619048
9738 0
9738 2.7952380952381
9738 2.41333333333333
9738 3.14
9738 2.72142857142857
9738 0.00214285714285714
9738 0
9738 0.0142857142857143
9739 1.18119047619048
9739 0
9739 2.7952380952381
9739 2.41333333333333
9739 3.14
9739 2.72142857142857
9739 0.00214285714285714
9739 0
9739 0.0142857142857143
9744 1.18119047619048
9744 0
9744 2.7952380952381
9744 2.41333333333333
9744 3.14
9744 2.72142857142857
9744 0.00214285714285714
9744 0
9744 0.0142857142857143
9754 1.18119047619048
9754 0
9754 2.7952380952381
9754 2.41333333333333
9754 3.14
9754 2.72142857142857
9754 0.00214285714285714
9754 0
9754 0.0142857142857143
9759 1.18119047619048
9759 0
9759 2.7952380952381
9759 2.41333333333333
9759 3.14
9759 2.72142857142857
9759 0.00214285714285714
9759 0
9759 0.0142857142857143
9760 1.18119047619048
9760 0
9760 2.7952380952381
9760 2.41333333333333
9760 3.14
9760 2.72142857142857
9760 0.00214285714285714
9760 0
9760 0.0142857142857143
9761 1.18119047619048
9761 0
9761 2.7952380952381
9761 2.41333333333333
9761 3.14
9761 2.72142857142857
9761 0.00214285714285714
9761 0
9761 0.0142857142857143
9819 1.18119047619048
9819 0
9819 2.7952380952381
9819 2.41333333333333
9819 3.14
9819 2.72142857142857
9819 0.00214285714285714
9819 0
9819 0.0142857142857143
9823 1.18119047619048
9823 0
9823 2.7952380952381
9823 2.41333333333333
9823 3.14
9823 2.72142857142857
9823 0.00214285714285714
9823 0
9823 0.0142857142857143
9839 1.18119047619048
9839 0
9839 2.7952380952381
9839 2.41333333333333
9839 3.14
9839 2.72142857142857
9839 0.00214285714285714
9839 0
9839 0.0142857142857143
9840 1.18119047619048
9840 0
9840 2.7952380952381
9840 2.41333333333333
9840 3.14
9840 2.72142857142857
9840 0.00214285714285714
9840 0
9840 0.0142857142857143
9841 1.18119047619048
9841 0
9841 2.7952380952381
9841 2.41333333333333
9841 3.14
9841 2.72142857142857
9841 0.00214285714285714
9841 0
9841 0.0142857142857143
9842 1.18119047619048
9842 0
9842 2.7952380952381
9842 2.41333333333333
9842 3.14
9842 2.72142857142857
9842 0.00214285714285714
9842 0
9842 0.0142857142857143
9885 1.18119047619048
9885 0
9885 2.7952380952381
9885 2.41333333333333
9885 3.14
9885 2.72142857142857
9885 0.00214285714285714
9885 0
9885 0.0142857142857143
9894 1.18119047619048
9894 0
9894 2.7952380952381
9894 2.41333333333333
9894 3.14
9894 2.72142857142857
9894 0.00214285714285714
9894 0
9894 0.0142857142857143
9898 1.18119047619048
9898 0
9898 2.7952380952381
9898 2.41333333333333
9898 3.14
9898 2.72142857142857
9898 0.00214285714285714
9898 0
9898 0.0142857142857143
9919 1.18119047619048
9919 0
9919 2.7952380952381
9919 2.41333333333333
9919 3.14
9919 2.72142857142857
9919 0.00214285714285714
9919 0
9919 0.0142857142857143
9920 1.18119047619048
9920 0
9920 2.7952380952381
9920 2.41333333333333
9920 3.14
9920 2.72142857142857
9920 0.00214285714285714
9920 0
9920 0.0142857142857143
9921 1.18119047619048
9921 0
9921 2.7952380952381
9921 2.41333333333333
9921 3.14
9921 2.72142857142857
9921 0.00214285714285714
9921 0
9921 0.0142857142857143
9922 1.18119047619048
9922 0
9922 2.7952380952381
9922 2.41333333333333
9922 3.14
9922 2.72142857142857
9922 0.00214285714285714
9922 0
9922 0.0142857142857143
9923 1.18119047619048
9923 0
9923 2.7952380952381
9923 2.41333333333333
9923 3.14
9923 2.72142857142857
9923 0.00214285714285714
9923 0
9923 0.0142857142857143
9924 1.18119047619048
9924 0
9924 2.7952380952381
9924 2.41333333333333
9924 3.14
9924 2.72142857142857
9924 0.00214285714285714
9924 0
9924 0.0142857142857143
9974 1.18119047619048
9974 0
9974 2.7952380952381
9974 2.41333333333333
9974 3.14
9974 2.72142857142857
9974 0.00214285714285714
9974 0
9974 0.0142857142857143
9975 1.18119047619048
9975 0
9975 2.7952380952381
9975 2.41333333333333
9975 3.14
9975 2.72142857142857
9975 0.00214285714285714
9975 0
9975 0.0142857142857143
9978 1.18119047619048
9978 0
9978 2.7952380952381
9978 2.41333333333333
9978 3.14
9978 2.72142857142857
9978 0.00214285714285714
9978 0
9978 0.0142857142857143
9979 1.18119047619048
9979 0
9979 2.7952380952381
9979 2.41333333333333
9979 3.14
9979 2.72142857142857
9979 0.00214285714285714
9979 0
9979 0.0142857142857143
9980 1.18119047619048
9980 0
9980 2.7952380952381
9980 2.41333333333333
9980 3.14
9980 2.72142857142857
9980 0.00214285714285714
9980 0
9980 0.0142857142857143
9981 1.18119047619048
9981 0
9981 2.7952380952381
9981 2.41333333333333
9981 3.14
9981 2.72142857142857
9981 0.00214285714285714
9981 0
9981 0.0142857142857143
9983 1.18119047619048
9983 0
9983 2.7952380952381
9983 2.41333333333333
9983 3.14
9983 2.72142857142857
9983 0.00214285714285714
9983 0
9983 0.0142857142857143
10001 1.18119047619048
10001 0
10001 2.7952380952381
10001 2.41333333333333
10001 3.14
10001 2.72142857142857
10001 0.00214285714285714
10001 0
10001 0.0142857142857143
10002 1.18119047619048
10002 0
10002 2.7952380952381
10002 2.41333333333333
10002 3.14
10002 2.72142857142857
10002 0.00214285714285714
10002 0
10002 0.0142857142857143
10003 1.18119047619048
10003 0
10003 2.7952380952381
10003 2.41333333333333
10003 3.14
10003 2.72142857142857
10003 0.00214285714285714
10003 0
10003 0.0142857142857143
10004 1.18119047619048
10004 0
10004 2.7952380952381
10004 2.41333333333333
10004 3.14
10004 2.72142857142857
10004 0.00214285714285714
10004 0
10004 0.0142857142857143
10005 1.18119047619048
10005 0
10005 2.7952380952381
10005 2.41333333333333
10005 3.14
10005 2.72142857142857
10005 0.00214285714285714
10005 0
10005 0.0142857142857143
10006 1.18119047619048
10006 0
10006 2.7952380952381
10006 2.41333333333333
10006 3.14
10006 2.72142857142857
10006 0.00214285714285714
10006 0
10006 0.0142857142857143
10053 1.18119047619048
10053 0
10053 2.7952380952381
10053 2.41333333333333
10053 3.14
10053 2.72142857142857
10053 0.00214285714285714
10053 0
10053 0.0142857142857143
10057 1.18119047619048
10057 0
10057 2.7952380952381
10057 2.41333333333333
10057 3.14
10057 2.72142857142857
10057 0.00214285714285714
10057 0
10057 0.0142857142857143
10058 1.18119047619048
10058 0
10058 2.7952380952381
10058 2.41333333333333
10058 3.14
10058 2.72142857142857
10058 0.00214285714285714
10058 0
10058 0.0142857142857143
10061 1.18119047619048
10061 0
10061 2.7952380952381
10061 2.41333333333333
10061 3.14
10061 2.72142857142857
10061 0.00214285714285714
10061 0
10061 0.0142857142857143
10064 1.18119047619048
10064 0
10064 2.7952380952381
10064 2.41333333333333
10064 3.14
10064 2.72142857142857
10064 0.00214285714285714
10064 0
10064 0.0142857142857143
10084 1.18119047619048
10084 0
10084 2.7952380952381
10084 2.41333333333333
10084 3.14
10084 2.72142857142857
10084 0.00214285714285714
10084 0
10084 0.0142857142857143
10086 1.18119047619048
10086 0
10086 2.7952380952381
10086 2.41333333333333
10086 3.14
10086 2.72142857142857
10086 0.00214285714285714
10086 0
10086 0.0142857142857143
10087 1.18119047619048
10087 0
10087 2.7952380952381
10087 2.41333333333333
10087 3.14
10087 2.72142857142857
10087 0.00214285714285714
10087 0
10087 0.0142857142857143
10088 1.18119047619048
10088 0
10088 2.7952380952381
10088 2.41333333333333
10088 3.14
10088 2.72142857142857
10088 0.00214285714285714
10088 0
10088 0.0142857142857143
10089 1.18119047619048
10089 0
10089 2.7952380952381
10089 2.41333333333333
10089 3.14
10089 2.72142857142857
10089 0.00214285714285714
10089 0
10089 0.0142857142857143
10136 1.18119047619048
10136 0
10136 2.7952380952381
10136 2.41333333333333
10136 3.14
10136 2.72142857142857
10136 0.00214285714285714
10136 0
10136 0.0142857142857143
10137 1.18119047619048
10137 0
10137 2.7952380952381
10137 2.41333333333333
10137 3.14
10137 2.72142857142857
10137 0.00214285714285714
10137 0
10137 0.0142857142857143
10138 1.18119047619048
10138 0
10138 2.7952380952381
10138 2.41333333333333
10138 3.14
10138 2.72142857142857
10138 0.00214285714285714
10138 0
10138 0.0142857142857143
10142 1.18119047619048
10142 0
10142 2.7952380952381
10142 2.41333333333333
10142 3.14
10142 2.72142857142857
10142 0.00214285714285714
10142 0
10142 0.0142857142857143
10143 1.18119047619048
10143 0
10143 2.7952380952381
10143 2.41333333333333
10143 3.14
10143 2.72142857142857
10143 0.00214285714285714
10143 0
10143 0.0142857142857143
10144 1.18119047619048
10144 0
10144 2.7952380952381
10144 2.41333333333333
10144 3.14
10144 2.72142857142857
10144 0.00214285714285714
10144 0
10144 0.0142857142857143
10145 1.18119047619048
10145 0
10145 2.7952380952381
10145 2.41333333333333
10145 3.14
10145 2.72142857142857
10145 0.00214285714285714
10145 0
10145 0.0142857142857143
10154 1.18119047619048
10154 0
10154 2.7952380952381
10154 2.41333333333333
10154 3.14
10154 2.72142857142857
10154 0.00214285714285714
10154 0
10154 0.0142857142857143
10169 1.18119047619048
10169 0
10169 2.7952380952381
10169 2.41333333333333
10169 3.14
10169 2.72142857142857
10169 0.00214285714285714
10169 0
10169 0.0142857142857143
10170 1.18119047619048
10170 0
10170 2.7952380952381
10170 2.41333333333333
10170 3.14
10170 2.72142857142857
10170 0.00214285714285714
10170 0
10170 0.0142857142857143
10217 1.18119047619048
10217 0
10217 2.7952380952381
10217 2.41333333333333
10217 3.14
10217 2.72142857142857
10217 0.00214285714285714
10217 0
10217 0.0142857142857143
10218 1.18119047619048
10218 0
10218 2.7952380952381
10218 2.41333333333333
10218 3.14
10218 2.72142857142857
10218 0.00214285714285714
10218 0
10218 0.0142857142857143
10221 1.18119047619048
10221 0
10221 2.7952380952381
10221 2.41333333333333
10221 3.14
10221 2.72142857142857
10221 0.00214285714285714
10221 0
10221 0.0142857142857143
10222 1.18119047619048
10222 0
10222 2.7952380952381
10222 2.41333333333333
10222 3.14
10222 2.72142857142857
10222 0.00214285714285714
10222 0
10222 0.0142857142857143
10224 1.18119047619048
10224 0
10224 2.7952380952381
10224 2.41333333333333
10224 3.14
10224 2.72142857142857
10224 0.00214285714285714
10224 0
10224 0.0142857142857143
10225 1.18119047619048
10225 0
10225 2.7952380952381
10225 2.41333333333333
10225 3.14
10225 2.72142857142857
10225 0.00214285714285714
10225 0
10225 0.0142857142857143
10226 1.18119047619048
10226 0
10226 2.7952380952381
10226 2.41333333333333
10226 3.14
10226 2.72142857142857
10226 0.00214285714285714
10226 0
10226 0.0142857142857143
10227 1.18119047619048
10227 0
10227 2.7952380952381
10227 2.41333333333333
10227 3.14
10227 2.72142857142857
10227 0.00214285714285714
10227 0
10227 0.0142857142857143
10231 1.18119047619048
10231 0
10231 2.7952380952381
10231 2.41333333333333
10231 3.14
10231 2.72142857142857
10231 0.00214285714285714
10231 0
10231 0.0142857142857143
10253 1.18119047619048
10253 0
10253 2.7952380952381
10253 2.41333333333333
10253 3.14
10253 2.72142857142857
10253 0.00214285714285714
10253 0
10253 0.0142857142857143
10300 1.18119047619048
10300 0
10300 2.7952380952381
10300 2.41333333333333
10300 3.14
10300 2.72142857142857
10300 0.00214285714285714
10300 0
10300 0.0142857142857143
10303 1.18119047619048
10303 0
10303 2.7952380952381
10303 2.41333333333333
10303 3.14
10303 2.72142857142857
10303 0.00214285714285714
10303 0
10303 0.0142857142857143
10305 1.18119047619048
10305 0
10305 2.7952380952381
10305 2.41333333333333
10305 3.14
10305 2.72142857142857
10305 0.00214285714285714
10305 0
10305 0.0142857142857143
10306 1.18119047619048
10306 0
10306 2.7952380952381
10306 2.41333333333333
10306 3.14
10306 2.72142857142857
10306 0.00214285714285714
10306 0
10306 0.0142857142857143
10307 1.18119047619048
10307 0
10307 2.7952380952381
10307 2.41333333333333
10307 3.14
10307 2.72142857142857
10307 0.00214285714285714
10307 0
10307 0.0142857142857143
10308 1.18119047619048
10308 0
10308 2.7952380952381
10308 2.41333333333333
10308 3.14
10308 2.72142857142857
10308 0.00214285714285714
10308 0
10308 0.0142857142857143
10309 1.18119047619048
10309 0
10309 2.7952380952381
10309 2.41333333333333
10309 3.14
10309 2.72142857142857
10309 0.00214285714285714
10309 0
10309 0.0142857142857143
10313 1.18119047619048
10313 0
10313 2.7952380952381
10313 2.41333333333333
10313 3.14
10313 2.72142857142857
10313 0.00214285714285714
10313 0
10313 0.0142857142857143
10389 1.18119047619048
10389 0
10389 2.7952380952381
10389 2.41333333333333
10389 3.14
10389 2.72142857142857
10389 0.00214285714285714
10389 0
10389 0.0142857142857143
10390 1.18119047619048
10390 0
10390 2.7952380952381
10390 2.41333333333333
10390 3.14
10390 2.72142857142857
10390 0.00214285714285714
10390 0
10390 0.0142857142857143
10393 1.18119047619048
10393 0
10393 2.7952380952381
10393 2.41333333333333
10393 3.14
10393 2.72142857142857
10393 0.00214285714285714
10393 0
10393 0.0142857142857143
10395 1.18119047619048
10395 0
10395 2.7952380952381
10395 2.41333333333333
10395 3.14
10395 2.72142857142857
10395 0.00214285714285714
10395 0
10395 0.0142857142857143
10422 1.18119047619048
10422 0
10422 2.7952380952381
10422 2.41333333333333
10422 3.14
10422 2.72142857142857
10422 0.00214285714285714
10422 0
10422 0.0142857142857143
10486 1.18119047619048
10486 0
10486 2.7952380952381
10486 2.41333333333333
10486 3.14
10486 2.72142857142857
10486 0.00214285714285714
10486 0
10486 0.0142857142857143
10487 1.18119047619048
10487 0
10487 2.7952380952381
10487 2.41333333333333
10487 3.14
10487 2.72142857142857
10487 0.00214285714285714
10487 0
10487 0.0142857142857143
10488 1.18119047619048
10488 0
10488 2.7952380952381
10488 2.41333333333333
10488 3.14
10488 2.72142857142857
10488 0.00214285714285714
10488 0
10488 0.0142857142857143
10489 1.18119047619048
10489 0
10489 2.7952380952381
10489 2.41333333333333
10489 3.14
10489 2.72142857142857
10489 0.00214285714285714
10489 0
10489 0.0142857142857143
10497 1.18119047619048
10497 0
10497 2.7952380952381
10497 2.41333333333333
10497 3.14
10497 2.72142857142857
10497 0.00214285714285714
10497 0
10497 0.0142857142857143
10585 1.18119047619048
10585 0
10585 2.7952380952381
10585 2.41333333333333
10585 3.14
10585 2.72142857142857
10585 0.00214285714285714
10585 0
10585 0.0142857142857143
10586 1.18119047619048
10586 0
10586 2.7952380952381
10586 2.41333333333333
10586 3.14
10586 2.72142857142857
10586 0.00214285714285714
10586 0
10586 0.0142857142857143
10587 1.18119047619048
10587 0
10587 2.7952380952381
10587 2.41333333333333
10587 3.14
10587 2.72142857142857
10587 0.00214285714285714
10587 0
10587 0.0142857142857143
10588 1.18119047619048
10588 0
10588 2.7952380952381
10588 2.41333333333333
10588 3.14
10588 2.72142857142857
10588 0.00214285714285714
10588 0
10588 0.0142857142857143
10590 1.18119047619048
10590 0
10590 2.7952380952381
10590 2.41333333333333
10590 3.14
10590 2.72142857142857
10590 0.00214285714285714
10590 0
10590 0.0142857142857143
10688 1.18119047619048
10688 0
10688 2.7952380952381
10688 2.41333333333333
10688 3.14
10688 2.72142857142857
10688 0.00214285714285714
10688 0
10688 0.0142857142857143
10689 1.18119047619048
10689 0
10689 2.7952380952381
10689 2.41333333333333
10689 3.14
10689 2.72142857142857
10689 0.00214285714285714
10689 0
10689 0.0142857142857143
10690 1.18119047619048
10690 0
10690 2.7952380952381
10690 2.41333333333333
10690 3.14
10690 2.72142857142857
10690 0.00214285714285714
10690 0
10690 0.0142857142857143
10691 1.18119047619048
10691 0
10691 2.7952380952381
10691 2.41333333333333
10691 3.14
10691 2.72142857142857
10691 0.00214285714285714
10691 0
10691 0.0142857142857143
10692 1.18119047619048
10692 0
10692 2.7952380952381
10692 2.41333333333333
10692 3.14
10692 2.72142857142857
10692 0.00214285714285714
10692 0
10692 0.0142857142857143
10789 1.18119047619048
10789 0
10789 2.7952380952381
10789 2.41333333333333
10789 3.14
10789 2.72142857142857
10789 0.00214285714285714
10789 0
10789 0.0142857142857143
10790 1.18119047619048
10790 0
10790 2.7952380952381
10790 2.41333333333333
10790 3.14
10790 2.72142857142857
10790 0.00214285714285714
10790 0
10790 0.0142857142857143
10889 1.18119047619048
10889 0
10889 2.7952380952381
10889 2.41333333333333
10889 3.14
10889 2.72142857142857
10889 0.00214285714285714
10889 0
10889 0.0142857142857143
10890 1.18119047619048
10890 0
10890 2.7952380952381
10890 2.41333333333333
10890 3.14
10890 2.72142857142857
10890 0.00214285714285714
10890 0
10890 0.0142857142857143
10996 1.18119047619048
10996 0
10996 2.7952380952381
10996 2.41333333333333
10996 3.14
10996 2.72142857142857
10996 0.00214285714285714
10996 0
10996 0.0142857142857143
10997 1.18119047619048
10997 0
10997 2.7952380952381
10997 2.41333333333333
10997 3.14
10997 2.72142857142857
10997 0.00214285714285714
10997 0
10997 0.0142857142857143
11118 1.18119047619048
11118 0
11118 2.7952380952381
11118 2.41333333333333
11118 3.14
11118 2.72142857142857
11118 0.00214285714285714
11118 0
11118 0.0142857142857143
11373 1.18119047619048
11373 0
11373 2.7952380952381
11373 2.41333333333333
11373 3.14
11373 2.72142857142857
11373 0.00214285714285714
11373 0
11373 0.0142857142857143
11374 1.18119047619048
11374 0
11374 2.7952380952381
11374 2.41333333333333
11374 3.14
11374 2.72142857142857
11374 0.00214285714285714
11374 0
11374 0.0142857142857143
11375 1.18119047619048
11375 0
11375 2.7952380952381
11375 2.41333333333333
11375 3.14
11375 2.72142857142857
11375 0.00214285714285714
11375 0
11375 0.0142857142857143
11500 1.18119047619048
11500 0
11500 2.7952380952381
11500 2.41333333333333
11500 3.14
11500 2.72142857142857
11500 0.00214285714285714
11500 0
11500 0.0142857142857143
11501 1.18119047619048
11501 0
11501 2.7952380952381
11501 2.41333333333333
11501 3.14
11501 2.72142857142857
11501 0.00214285714285714
11501 0
11501 0.0142857142857143
11502 1.18119047619048
11502 0
11502 2.7952380952381
11502 2.41333333333333
11502 3.14
11502 2.72142857142857
11502 0.00214285714285714
11502 0
11502 0.0142857142857143
11503 1.18119047619048
11503 0
11503 2.7952380952381
11503 2.41333333333333
11503 3.14
11503 2.72142857142857
11503 0.00214285714285714
11503 0
11503 0.0142857142857143
11504 1.18119047619048
11504 0
11504 2.7952380952381
11504 2.41333333333333
11504 3.14
11504 2.72142857142857
11504 0.00214285714285714
11504 0
11504 0.0142857142857143
11624 1.18119047619048
11624 0
11624 2.7952380952381
11624 2.41333333333333
11624 3.14
11624 2.72142857142857
11624 0.00214285714285714
11624 0
11624 0.0142857142857143
11625 1.18119047619048
11625 0
11625 2.7952380952381
11625 2.41333333333333
11625 3.14
11625 2.72142857142857
11625 0.00214285714285714
11625 0
11625 0.0142857142857143
11629 1.18119047619048
11629 0
11629 2.7952380952381
11629 2.41333333333333
11629 3.14
11629 2.72142857142857
11629 0.00214285714285714
11629 0
11629 0.0142857142857143
11630 1.18119047619048
11630 0
11630 2.7952380952381
11630 2.41333333333333
11630 3.14
11630 2.72142857142857
11630 0.00214285714285714
11630 0
11630 0.0142857142857143
11631 1.18119047619048
11631 0
11631 2.7952380952381
11631 2.41333333333333
11631 3.14
11631 2.72142857142857
11631 0.00214285714285714
11631 0
11631 0.0142857142857143
11633 1.18119047619048
11633 0
11633 2.7952380952381
11633 2.41333333333333
11633 3.14
11633 2.72142857142857
11633 0.00214285714285714
11633 0
11633 0.0142857142857143
11753 1.18119047619048
11753 0
11753 2.7952380952381
11753 2.41333333333333
11753 3.14
11753 2.72142857142857
11753 0.00214285714285714
11753 0
11753 0.0142857142857143
11754 1.18119047619048
11754 0
11754 2.7952380952381
11754 2.41333333333333
11754 3.14
11754 2.72142857142857
11754 0.00214285714285714
11754 0
11754 0.0142857142857143
11755 1.18119047619048
11755 0
11755 2.7952380952381
11755 2.41333333333333
11755 3.14
11755 2.72142857142857
11755 0.00214285714285714
11755 0
11755 0.0142857142857143
11756 1.18119047619048
11756 0
11756 2.7952380952381
11756 2.41333333333333
11756 3.14
11756 2.72142857142857
11756 0.00214285714285714
11756 0
11756 0.0142857142857143
11758 1.18119047619048
11758 0
11758 2.7952380952381
11758 2.41333333333333
11758 3.14
11758 2.72142857142857
11758 0.00214285714285714
11758 0
11758 0.0142857142857143
11760 1.18119047619048
11760 0
11760 2.7952380952381
11760 2.41333333333333
11760 3.14
11760 2.72142857142857
11760 0.00214285714285714
11760 0
11760 0.0142857142857143
11761 1.18119047619048
11761 0
11761 2.7952380952381
11761 2.41333333333333
11761 3.14
11761 2.72142857142857
11761 0.00214285714285714
11761 0
11761 0.0142857142857143
11762 1.18119047619048
11762 0
11762 2.7952380952381
11762 2.41333333333333
11762 3.14
11762 2.72142857142857
11762 0.00214285714285714
11762 0
11762 0.0142857142857143
11883 1.18119047619048
11883 0
11883 2.7952380952381
11883 2.41333333333333
11883 3.14
11883 2.72142857142857
11883 0.00214285714285714
11883 0
11883 0.0142857142857143
11884 1.18119047619048
11884 0
11884 2.7952380952381
11884 2.41333333333333
11884 3.14
11884 2.72142857142857
11884 0.00214285714285714
11884 0
11884 0.0142857142857143
11886 1.18119047619048
11886 0
11886 2.7952380952381
11886 2.41333333333333
11886 3.14
11886 2.72142857142857
11886 0.00214285714285714
11886 0
11886 0.0142857142857143
11888 1.18119047619048
11888 0
11888 2.7952380952381
11888 2.41333333333333
11888 3.14
11888 2.72142857142857
11888 0.00214285714285714
11888 0
11888 0.0142857142857143
11889 1.18119047619048
11889 0
11889 2.7952380952381
11889 2.41333333333333
11889 3.14
11889 2.72142857142857
11889 0.00214285714285714
11889 0
11889 0.0142857142857143
11891 1.18119047619048
11891 0
11891 2.7952380952381
11891 2.41333333333333
11891 3.14
11891 2.72142857142857
11891 0.00214285714285714
11891 0
11891 0.0142857142857143
11892 1.18119047619048
11892 0
11892 2.7952380952381
11892 2.41333333333333
11892 3.14
11892 2.72142857142857
11892 0.00214285714285714
11892 0
11892 0.0142857142857143
11893 1.18119047619048
11893 0
11893 2.7952380952381
11893 2.41333333333333
11893 3.14
11893 2.72142857142857
11893 0.00214285714285714
11893 0
11893 0.0142857142857143
11990 1.18119047619048
11990 0
11990 2.7952380952381
11990 2.41333333333333
11990 3.14
11990 2.72142857142857
11990 0.00214285714285714
11990 0
11990 0.0142857142857143
11993 1.18119047619048
11993 0
11993 2.7952380952381
11993 2.41333333333333
11993 3.14
11993 2.72142857142857
11993 0.00214285714285714
11993 0
11993 0.0142857142857143
12005 1.18119047619048
12005 0
12005 2.7952380952381
12005 2.41333333333333
12005 3.14
12005 2.72142857142857
12005 0.00214285714285714
12005 0
12005 0.0142857142857143
12008 1.18119047619048
12008 0
12008 2.7952380952381
12008 2.41333333333333
12008 3.14
12008 2.72142857142857
12008 0.00214285714285714
12008 0
12008 0.0142857142857143
12010 1.18119047619048
12010 0
12010 2.7952380952381
12010 2.41333333333333
12010 3.14
12010 2.72142857142857
12010 0.00214285714285714
12010 0
12010 0.0142857142857143
12011 1.18119047619048
12011 0
12011 2.7952380952381
12011 2.41333333333333
12011 3.14
12011 2.72142857142857
12011 0.00214285714285714
12011 0
12011 0.0142857142857143
12014 1.18119047619048
12014 0
12014 2.7952380952381
12014 2.41333333333333
12014 3.14
12014 2.72142857142857
12014 0.00214285714285714
12014 0
12014 0.0142857142857143
12015 1.18119047619048
12015 0
12015 2.7952380952381
12015 2.41333333333333
12015 3.14
12015 2.72142857142857
12015 0.00214285714285714
12015 0
12015 0.0142857142857143
12016 1.18119047619048
12016 0
12016 2.7952380952381
12016 2.41333333333333
12016 3.14
12016 2.72142857142857
12016 0.00214285714285714
12016 0
12016 0.0142857142857143
12017 1.18119047619048
12017 0
12017 2.7952380952381
12017 2.41333333333333
12017 3.14
12017 2.72142857142857
12017 0.00214285714285714
12017 0
12017 0.0142857142857143
12116 1.18119047619048
12116 0
12116 2.7952380952381
12116 2.41333333333333
12116 3.14
12116 2.72142857142857
12116 0.00214285714285714
12116 0
12116 0.0142857142857143
12119 1.18119047619048
12119 0
12119 2.7952380952381
12119 2.41333333333333
12119 3.14
12119 2.72142857142857
12119 0.00214285714285714
12119 0
12119 0.0142857142857143
12128 1.18119047619048
12128 0
12128 2.7952380952381
12128 2.41333333333333
12128 3.14
12128 2.72142857142857
12128 0.00214285714285714
12128 0
12128 0.0142857142857143
12129 1.18119047619048
12129 0
12129 2.7952380952381
12129 2.41333333333333
12129 3.14
12129 2.72142857142857
12129 0.00214285714285714
12129 0
12129 0.0142857142857143
12130 1.18119047619048
12130 0
12130 2.7952380952381
12130 2.41333333333333
12130 3.14
12130 2.72142857142857
12130 0.00214285714285714
12130 0
12130 0.0142857142857143
12131 1.18119047619048
12131 0
12131 2.7952380952381
12131 2.41333333333333
12131 3.14
12131 2.72142857142857
12131 0.00214285714285714
12131 0
12131 0.0142857142857143
12132 1.18119047619048
12132 0
12132 2.7952380952381
12132 2.41333333333333
12132 3.14
12132 2.72142857142857
12132 0.00214285714285714
12132 0
12132 0.0142857142857143
12134 1.18119047619048
12134 0
12134 2.7952380952381
12134 2.41333333333333
12134 3.14
12134 2.72142857142857
12134 0.00214285714285714
12134 0
12134 0.0142857142857143
12136 1.18119047619048
12136 0
12136 2.7952380952381
12136 2.41333333333333
12136 3.14
12136 2.72142857142857
12136 0.00214285714285714
12136 0
12136 0.0142857142857143
12137 1.18119047619048
12137 0
12137 2.7952380952381
12137 2.41333333333333
12137 3.14
12137 2.72142857142857
12137 0.00214285714285714
12137 0
12137 0.0142857142857143
12138 1.18119047619048
12138 0
12138 2.7952380952381
12138 2.41333333333333
12138 3.14
12138 2.72142857142857
12138 0.00214285714285714
12138 0
12138 0.0142857142857143
12139 1.18119047619048
12139 0
12139 2.7952380952381
12139 2.41333333333333
12139 3.14
12139 2.72142857142857
12139 0.00214285714285714
12139 0
12139 0.0142857142857143
12251 1.18119047619048
12251 0
12251 2.7952380952381
12251 2.41333333333333
12251 3.14
12251 2.72142857142857
12251 0.00214285714285714
12251 0
12251 0.0142857142857143
12253 1.18119047619048
12253 0
12253 2.7952380952381
12253 2.41333333333333
12253 3.14
12253 2.72142857142857
12253 0.00214285714285714
12253 0
12253 0.0142857142857143
12254 1.18119047619048
12254 0
12254 2.7952380952381
12254 2.41333333333333
12254 3.14
12254 2.72142857142857
12254 0.00214285714285714
12254 0
12254 0.0142857142857143
12258 1.18119047619048
12258 0
12258 2.7952380952381
12258 2.41333333333333
12258 3.14
12258 2.72142857142857
12258 0.00214285714285714
12258 0
12258 0.0142857142857143
12259 1.18119047619048
12259 0
12259 2.7952380952381
12259 2.41333333333333
12259 3.14
12259 2.72142857142857
12259 0.00214285714285714
12259 0
12259 0.0142857142857143
12260 1.18119047619048
12260 0
12260 2.7952380952381
12260 2.41333333333333
12260 3.14
12260 2.72142857142857
12260 0.00214285714285714
12260 0
12260 0.0142857142857143
12261 1.18119047619048
12261 0
12261 2.7952380952381
12261 2.41333333333333
12261 3.14
12261 2.72142857142857
12261 0.00214285714285714
12261 0
12261 0.0142857142857143
12262 1.18119047619048
12262 0
12262 2.7952380952381
12262 2.41333333333333
12262 3.14
12262 2.72142857142857
12262 0.00214285714285714
12262 0
12262 0.0142857142857143
12263 1.18119047619048
12263 0
12263 2.7952380952381
12263 2.41333333333333
12263 3.14
12263 2.72142857142857
12263 0.00214285714285714
12263 0
12263 0.0142857142857143
12367 1.18119047619048
12367 0
12367 2.7952380952381
12367 2.41333333333333
12367 3.14
12367 2.72142857142857
12367 0.00214285714285714
12367 0
12367 0.0142857142857143
12384 1.18119047619048
12384 0
12384 2.7952380952381
12384 2.41333333333333
12384 3.14
12384 2.72142857142857
12384 0.00214285714285714
12384 0
12384 0.0142857142857143
12385 1.18119047619048
12385 0
12385 2.7952380952381
12385 2.41333333333333
12385 3.14
12385 2.72142857142857
12385 0.00214285714285714
12385 0
12385 0.0142857142857143
12387 1.18119047619048
12387 0
12387 2.7952380952381
12387 2.41333333333333
12387 3.14
12387 2.72142857142857
12387 0.00214285714285714
12387 0
12387 0.0142857142857143
12388 1.18119047619048
12388 0
12388 2.7952380952381
12388 2.41333333333333
12388 3.14
12388 2.72142857142857
12388 0.00214285714285714
12388 0
12388 0.0142857142857143
12389 1.18119047619048
12389 0
12389 2.7952380952381
12389 2.41333333333333
12389 3.14
12389 2.72142857142857
12389 0.00214285714285714
12389 0
12389 0.0142857142857143
12390 1.18119047619048
12390 0
12390 2.7952380952381
12390 2.41333333333333
12390 3.14
12390 2.72142857142857
12390 0.00214285714285714
12390 0
12390 0.0142857142857143
12391 1.18119047619048
12391 0
12391 2.7952380952381
12391 2.41333333333333
12391 3.14
12391 2.72142857142857
12391 0.00214285714285714
12391 0
12391 0.0142857142857143
12392 1.18119047619048
12392 0
12392 2.7952380952381
12392 2.41333333333333
12392 3.14
12392 2.72142857142857
12392 0.00214285714285714
12392 0
12392 0.0142857142857143
12393 1.18119047619048
12393 0
12393 2.7952380952381
12393 2.41333333333333
12393 3.14
12393 2.72142857142857
12393 0.00214285714285714
12393 0
12393 0.0142857142857143
12499 1.18119047619048
12499 0
12499 2.7952380952381
12499 2.41333333333333
12499 3.14
12499 2.72142857142857
12499 0.00214285714285714
12499 0
12499 0.0142857142857143
12500 1.18119047619048
12500 0
12500 2.7952380952381
12500 2.41333333333333
12500 3.14
12500 2.72142857142857
12500 0.00214285714285714
12500 0
12500 0.0142857142857143
12501 1.18119047619048
12501 0
12501 2.7952380952381
12501 2.41333333333333
12501 3.14
12501 2.72142857142857
12501 0.00214285714285714
12501 0
12501 0.0142857142857143
12502 1.18119047619048
12502 0
12502 2.7952380952381
12502 2.41333333333333
12502 3.14
12502 2.72142857142857
12502 0.00214285714285714
12502 0
12502 0.0142857142857143
12503 1.18119047619048
12503 0
12503 2.7952380952381
12503 2.41333333333333
12503 3.14
12503 2.72142857142857
12503 0.00214285714285714
12503 0
12503 0.0142857142857143
12509 1.18119047619048
12509 0
12509 2.7952380952381
12509 2.41333333333333
12509 3.14
12509 2.72142857142857
12509 0.00214285714285714
12509 0
12509 0.0142857142857143
12515 1.18119047619048
12515 0
12515 2.7952380952381
12515 2.41333333333333
12515 3.14
12515 2.72142857142857
12515 0.00214285714285714
12515 0
12515 0.0142857142857143
12518 1.18119047619048
12518 0
12518 2.7952380952381
12518 2.41333333333333
12518 3.14
12518 2.72142857142857
12518 0.00214285714285714
12518 0
12518 0.0142857142857143
12519 1.18119047619048
12519 0
12519 2.7952380952381
12519 2.41333333333333
12519 3.14
12519 2.72142857142857
12519 0.00214285714285714
12519 0
12519 0.0142857142857143
12521 1.18119047619048
12521 0
12521 2.7952380952381
12521 2.41333333333333
12521 3.14
12521 2.72142857142857
12521 0.00214285714285714
12521 0
12521 0.0142857142857143
12522 1.18119047619048
12522 0
12522 2.7952380952381
12522 2.41333333333333
12522 3.14
12522 2.72142857142857
12522 0.00214285714285714
12522 0
12522 0.0142857142857143
12523 1.18119047619048
12523 0
12523 2.7952380952381
12523 2.41333333333333
12523 3.14
12523 2.72142857142857
12523 0.00214285714285714
12523 0
12523 0.0142857142857143
12524 1.18119047619048
12524 0
12524 2.7952380952381
12524 2.41333333333333
12524 3.14
12524 2.72142857142857
12524 0.00214285714285714
12524 0
12524 0.0142857142857143
12626 1.18119047619048
12626 0
12626 2.7952380952381
12626 2.41333333333333
12626 3.14
12626 2.72142857142857
12626 0.00214285714285714
12626 0
12626 0.0142857142857143
12627 1.18119047619048
12627 0
12627 2.7952380952381
12627 2.41333333333333
12627 3.14
12627 2.72142857142857
12627 0.00214285714285714
12627 0
12627 0.0142857142857143
12628 1.18119047619048
12628 0
12628 2.7952380952381
12628 2.41333333333333
12628 3.14
12628 2.72142857142857
12628 0.00214285714285714
12628 0
12628 0.0142857142857143
12629 1.18119047619048
12629 0
12629 2.7952380952381
12629 2.41333333333333
12629 3.14
12629 2.72142857142857
12629 0.00214285714285714
12629 0
12629 0.0142857142857143
12630 1.18119047619048
12630 0
12630 2.7952380952381
12630 2.41333333333333
12630 3.14
12630 2.72142857142857
12630 0.00214285714285714
12630 0
12630 0.0142857142857143
12643 1.18119047619048
12643 0
12643 2.7952380952381
12643 2.41333333333333
12643 3.14
12643 2.72142857142857
12643 0.00214285714285714
12643 0
12643 0.0142857142857143
12646 1.18119047619048
12646 0
12646 2.7952380952381
12646 2.41333333333333
12646 3.14
12646 2.72142857142857
12646 0.00214285714285714
12646 0
12646 0.0142857142857143
12649 1.18119047619048
12649 0
12649 2.7952380952381
12649 2.41333333333333
12649 3.14
12649 2.72142857142857
12649 0.00214285714285714
12649 0
12649 0.0142857142857143
12650 1.18119047619048
12650 0
12650 2.7952380952381
12650 2.41333333333333
12650 3.14
12650 2.72142857142857
12650 0.00214285714285714
12650 0
12650 0.0142857142857143
12651 1.18119047619048
12651 0
12651 2.7952380952381
12651 2.41333333333333
12651 3.14
12651 2.72142857142857
12651 0.00214285714285714
12651 0
12651 0.0142857142857143
12652 1.18119047619048
12652 0
12652 2.7952380952381
12652 2.41333333333333
12652 3.14
12652 2.72142857142857
12652 0.00214285714285714
12652 0
12652 0.0142857142857143
12747 1.18119047619048
12747 0
12747 2.7952380952381
12747 2.41333333333333
12747 3.14
12747 2.72142857142857
12747 0.00214285714285714
12747 0
12747 0.0142857142857143
12748 1.18119047619048
12748 0
12748 2.7952380952381
12748 2.41333333333333
12748 3.14
12748 2.72142857142857
12748 0.00214285714285714
12748 0
12748 0.0142857142857143
12758 1.18119047619048
12758 0
12758 2.7952380952381
12758 2.41333333333333
12758 3.14
12758 2.72142857142857
12758 0.00214285714285714
12758 0
12758 0.0142857142857143
12764 1.18119047619048
12764 0
12764 2.7952380952381
12764 2.41333333333333
12764 3.14
12764 2.72142857142857
12764 0.00214285714285714
12764 0
12764 0.0142857142857143
12767 1.18119047619048
12767 0
12767 2.7952380952381
12767 2.41333333333333
12767 3.14
12767 2.72142857142857
12767 0.00214285714285714
12767 0
12767 0.0142857142857143
12768 1.18119047619048
12768 0
12768 2.7952380952381
12768 2.41333333333333
12768 3.14
12768 2.72142857142857
12768 0.00214285714285714
12768 0
12768 0.0142857142857143
12769 1.18119047619048
12769 0
12769 2.7952380952381
12769 2.41333333333333
12769 3.14
12769 2.72142857142857
12769 0.00214285714285714
12769 0
12769 0.0142857142857143
12862 1.18119047619048
12862 0
12862 2.7952380952381
12862 2.41333333333333
12862 3.14
12862 2.72142857142857
12862 0.00214285714285714
12862 0
12862 0.0142857142857143
12863 1.18119047619048
12863 0
12863 2.7952380952381
12863 2.41333333333333
12863 3.14
12863 2.72142857142857
12863 0.00214285714285714
12863 0
12863 0.0142857142857143
12864 1.18119047619048
12864 0
12864 2.7952380952381
12864 2.41333333333333
12864 3.14
12864 2.72142857142857
12864 0.00214285714285714
12864 0
12864 0.0142857142857143
12866 1.18119047619048
12866 0
12866 2.7952380952381
12866 2.41333333333333
12866 3.14
12866 2.72142857142857
12866 0.00214285714285714
12866 0
12866 0.0142857142857143
12867 1.18119047619048
12867 0
12867 2.7952380952381
12867 2.41333333333333
12867 3.14
12867 2.72142857142857
12867 0.00214285714285714
12867 0
12867 0.0142857142857143
12868 1.18119047619048
12868 0
12868 2.7952380952381
12868 2.41333333333333
12868 3.14
12868 2.72142857142857
12868 0.00214285714285714
12868 0
12868 0.0142857142857143
12880 1.18119047619048
12880 0
12880 2.7952380952381
12880 2.41333333333333
12880 3.14
12880 2.72142857142857
12880 0.00214285714285714
12880 0
12880 0.0142857142857143
12882 1.18119047619048
12882 0
12882 2.7952380952381
12882 2.41333333333333
12882 3.14
12882 2.72142857142857
12882 0.00214285714285714
12882 0
12882 0.0142857142857143
12884 1.18119047619048
12884 0
12884 2.7952380952381
12884 2.41333333333333
12884 3.14
12884 2.72142857142857
12884 0.00214285714285714
12884 0
12884 0.0142857142857143
12886 1.18119047619048
12886 0
12886 2.7952380952381
12886 2.41333333333333
12886 3.14
12886 2.72142857142857
12886 0.00214285714285714
12886 0
12886 0.0142857142857143
12887 1.18119047619048
12887 0
12887 2.7952380952381
12887 2.41333333333333
12887 3.14
12887 2.72142857142857
12887 0.00214285714285714
12887 0
12887 0.0142857142857143
12888 1.18119047619048
12888 0
12888 2.7952380952381
12888 2.41333333333333
12888 3.14
12888 2.72142857142857
12888 0.00214285714285714
12888 0
12888 0.0142857142857143
12889 1.18119047619048
12889 0
12889 2.7952380952381
12889 2.41333333333333
12889 3.14
12889 2.72142857142857
12889 0.00214285714285714
12889 0
12889 0.0142857142857143
12983 1.18119047619048
12983 0
12983 2.7952380952381
12983 2.41333333333333
12983 3.14
12983 2.72142857142857
12983 0.00214285714285714
12983 0
12983 0.0142857142857143
12984 1.18119047619048
12984 0
12984 2.7952380952381
12984 2.41333333333333
12984 3.14
12984 2.72142857142857
12984 0.00214285714285714
12984 0
12984 0.0142857142857143
12985 1.18119047619048
12985 0
12985 2.7952380952381
12985 2.41333333333333
12985 3.14
12985 2.72142857142857
12985 0.00214285714285714
12985 0
12985 0.0142857142857143
12988 1.18119047619048
12988 0
12988 2.7952380952381
12988 2.41333333333333
12988 3.14
12988 2.72142857142857
12988 0.00214285714285714
12988 0
12988 0.0142857142857143
12996 1.18119047619048
12996 0
12996 2.7952380952381
12996 2.41333333333333
12996 3.14
12996 2.72142857142857
12996 0.00214285714285714
12996 0
12996 0.0142857142857143
13005 1.18119047619048
13005 0
13005 2.7952380952381
13005 2.41333333333333
13005 3.14
13005 2.72142857142857
13005 0.00214285714285714
13005 0
13005 0.0142857142857143
13007 1.18119047619048
13007 0
13007 2.7952380952381
13007 2.41333333333333
13007 3.14
13007 2.72142857142857
13007 0.00214285714285714
13007 0
13007 0.0142857142857143
13008 1.18119047619048
13008 0
13008 2.7952380952381
13008 2.41333333333333
13008 3.14
13008 2.72142857142857
13008 0.00214285714285714
13008 0
13008 0.0142857142857143
13009 1.18119047619048
13009 0
13009 2.7952380952381
13009 2.41333333333333
13009 3.14
13009 2.72142857142857
13009 0.00214285714285714
13009 0
13009 0.0142857142857143
13010 1.18119047619048
13010 0
13010 2.7952380952381
13010 2.41333333333333
13010 3.14
13010 2.72142857142857
13010 0.00214285714285714
13010 0
13010 0.0142857142857143
13098 1.18119047619048
13098 0
13098 2.7952380952381
13098 2.41333333333333
13098 3.14
13098 2.72142857142857
13098 0.00214285714285714
13098 0
13098 0.0142857142857143
13099 1.18119047619048
13099 0
13099 2.7952380952381
13099 2.41333333333333
13099 3.14
13099 2.72142857142857
13099 0.00214285714285714
13099 0
13099 0.0142857142857143
13101 1.18119047619048
13101 0
13101 2.7952380952381
13101 2.41333333333333
13101 3.14
13101 2.72142857142857
13101 0.00214285714285714
13101 0
13101 0.0142857142857143
13102 1.18119047619048
13102 0
13102 2.7952380952381
13102 2.41333333333333
13102 3.14
13102 2.72142857142857
13102 0.00214285714285714
13102 0
13102 0.0142857142857143
13103 1.18119047619048
13103 0
13103 2.7952380952381
13103 2.41333333333333
13103 3.14
13103 2.72142857142857
13103 0.00214285714285714
13103 0
13103 0.0142857142857143
13108 1.18119047619048
13108 0
13108 2.7952380952381
13108 2.41333333333333
13108 3.14
13108 2.72142857142857
13108 0.00214285714285714
13108 0
13108 0.0142857142857143
13117 1.18119047619048
13117 0
13117 2.7952380952381
13117 2.41333333333333
13117 3.14
13117 2.72142857142857
13117 0.00214285714285714
13117 0
13117 0.0142857142857143
13118 1.18119047619048
13118 0
13118 2.7952380952381
13118 2.41333333333333
13118 3.14
13118 2.72142857142857
13118 0.00214285714285714
13118 0
13118 0.0142857142857143
13120 1.18119047619048
13120 0
13120 2.7952380952381
13120 2.41333333333333
13120 3.14
13120 2.72142857142857
13120 0.00214285714285714
13120 0
13120 0.0142857142857143
13121 1.18119047619048
13121 0
13121 2.7952380952381
13121 2.41333333333333
13121 3.14
13121 2.72142857142857
13121 0.00214285714285714
13121 0
13121 0.0142857142857143
13122 1.18119047619048
13122 0
13122 2.7952380952381
13122 2.41333333333333
13122 3.14
13122 2.72142857142857
13122 0.00214285714285714
13122 0
13122 0.0142857142857143
13123 1.18119047619048
13123 0
13123 2.7952380952381
13123 2.41333333333333
13123 3.14
13123 2.72142857142857
13123 0.00214285714285714
13123 0
13123 0.0142857142857143
13205 1.18119047619048
13205 0
13205 2.7952380952381
13205 2.41333333333333
13205 3.14
13205 2.72142857142857
13205 0.00214285714285714
13205 0
13205 0.0142857142857143
13206 1.18119047619048
13206 0
13206 2.7952380952381
13206 2.41333333333333
13206 3.14
13206 2.72142857142857
13206 0.00214285714285714
13206 0
13206 0.0142857142857143
13208 1.18119047619048
13208 0
13208 2.7952380952381
13208 2.41333333333333
13208 3.14
13208 2.72142857142857
13208 0.00214285714285714
13208 0
13208 0.0142857142857143
13209 1.18119047619048
13209 0
13209 2.7952380952381
13209 2.41333333333333
13209 3.14
13209 2.72142857142857
13209 0.00214285714285714
13209 0
13209 0.0142857142857143
13223 1.18119047619048
13223 0
13223 2.7952380952381
13223 2.41333333333333
13223 3.14
13223 2.72142857142857
13223 0.00214285714285714
13223 0
13223 0.0142857142857143
13224 1.18119047619048
13224 0
13224 2.7952380952381
13224 2.41333333333333
13224 3.14
13224 2.72142857142857
13224 0.00214285714285714
13224 0
13224 0.0142857142857143
13225 1.18119047619048
13225 0
13225 2.7952380952381
13225 2.41333333333333
13225 3.14
13225 2.72142857142857
13225 0.00214285714285714
13225 0
13225 0.0142857142857143
13226 1.18119047619048
13226 0
13226 2.7952380952381
13226 2.41333333333333
13226 3.14
13226 2.72142857142857
13226 0.00214285714285714
13226 0
13226 0.0142857142857143
13297 1.18119047619048
13297 0
13297 2.7952380952381
13297 2.41333333333333
13297 3.14
13297 2.72142857142857
13297 0.00214285714285714
13297 0
13297 0.0142857142857143
13298 1.18119047619048
13298 0
13298 2.7952380952381
13298 2.41333333333333
13298 3.14
13298 2.72142857142857
13298 0.00214285714285714
13298 0
13298 0.0142857142857143
13299 1.18119047619048
13299 0
13299 2.7952380952381
13299 2.41333333333333
13299 3.14
13299 2.72142857142857
13299 0.00214285714285714
13299 0
13299 0.0142857142857143
13304 1.18119047619048
13304 0
13304 2.7952380952381
13304 2.41333333333333
13304 3.14
13304 2.72142857142857
13304 0.00214285714285714
13304 0
13304 0.0142857142857143
13315 1.18119047619048
13315 0
13315 2.7952380952381
13315 2.41333333333333
13315 3.14
13315 2.72142857142857
13315 0.00214285714285714
13315 0
13315 0.0142857142857143
13318 1.18119047619048
13318 0
13318 2.7952380952381
13318 2.41333333333333
13318 3.14
13318 2.72142857142857
13318 0.00214285714285714
13318 0
13318 0.0142857142857143
13319 1.18119047619048
13319 0
13319 2.7952380952381
13319 2.41333333333333
13319 3.14
13319 2.72142857142857
13319 0.00214285714285714
13319 0
13319 0.0142857142857143
13320 1.18119047619048
13320 0
13320 2.7952380952381
13320 2.41333333333333
13320 3.14
13320 2.72142857142857
13320 0.00214285714285714
13320 0
13320 0.0142857142857143
13323 1.18119047619048
13323 0
13323 2.7952380952381
13323 2.41333333333333
13323 3.14
13323 2.72142857142857
13323 0.00214285714285714
13323 0
13323 0.0142857142857143
13383 1.18119047619048
13383 0
13383 2.7952380952381
13383 2.41333333333333
13383 3.14
13383 2.72142857142857
13383 0.00214285714285714
13383 0
13383 0.0142857142857143
13384 1.18119047619048
13384 0
13384 2.7952380952381
13384 2.41333333333333
13384 3.14
13384 2.72142857142857
13384 0.00214285714285714
13384 0
13384 0.0142857142857143
13387 1.18119047619048
13387 0
13387 2.7952380952381
13387 2.41333333333333
13387 3.14
13387 2.72142857142857
13387 0.00214285714285714
13387 0
13387 0.0142857142857143
13391 1.18119047619048
13391 0
13391 2.7952380952381
13391 2.41333333333333
13391 3.14
13391 2.72142857142857
13391 0.00214285714285714
13391 0
13391 0.0142857142857143
13400 1.18119047619048
13400 0
13400 2.7952380952381
13400 2.41333333333333
13400 3.14
13400 2.72142857142857
13400 0.00214285714285714
13400 0
13400 0.0142857142857143
13401 1.18119047619048
13401 0
13401 2.7952380952381
13401 2.41333333333333
13401 3.14
13401 2.72142857142857
13401 0.00214285714285714
13401 0
13401 0.0142857142857143
13404 1.18119047619048
13404 0
13404 2.7952380952381
13404 2.41333333333333
13404 3.14
13404 2.72142857142857
13404 0.00214285714285714
13404 0
13404 0.0142857142857143
13405 1.18119047619048
13405 0
13405 2.7952380952381
13405 2.41333333333333
13405 3.14
13405 2.72142857142857
13405 0.00214285714285714
13405 0
13405 0.0142857142857143
13406 1.18119047619048
13406 0
13406 2.7952380952381
13406 2.41333333333333
13406 3.14
13406 2.72142857142857
13406 0.00214285714285714
13406 0
13406 0.0142857142857143
13462 1.18119047619048
13462 0
13462 2.7952380952381
13462 2.41333333333333
13462 3.14
13462 2.72142857142857
13462 0.00214285714285714
13462 0
13462 0.0142857142857143
13476 1.18119047619048
13476 0
13476 2.7952380952381
13476 2.41333333333333
13476 3.14
13476 2.72142857142857
13476 0.00214285714285714
13476 0
13476 0.0142857142857143
13484 1.18119047619048
13484 0
13484 2.7952380952381
13484 2.41333333333333
13484 3.14
13484 2.72142857142857
13484 0.00214285714285714
13484 0
13484 0.0142857142857143
13485 1.18119047619048
13485 0
13485 2.7952380952381
13485 2.41333333333333
13485 3.14
13485 2.72142857142857
13485 0.00214285714285714
13485 0
13485 0.0142857142857143
13486 1.18119047619048
13486 0
13486 2.7952380952381
13486 2.41333333333333
13486 3.14
13486 2.72142857142857
13486 0.00214285714285714
13486 0
13486 0.0142857142857143
13534 1.18119047619048
13534 0
13534 2.7952380952381
13534 2.41333333333333
13534 3.14
13534 2.72142857142857
13534 0.00214285714285714
13534 0
13534 0.0142857142857143
13536 1.18119047619048
13536 0
13536 2.7952380952381
13536 2.41333333333333
13536 3.14
13536 2.72142857142857
13536 0.00214285714285714
13536 0
13536 0.0142857142857143
13552 1.18119047619048
13552 0
13552 2.7952380952381
13552 2.41333333333333
13552 3.14
13552 2.72142857142857
13552 0.00214285714285714
13552 0
13552 0.0142857142857143
13554 1.18119047619048
13554 0
13554 2.7952380952381
13554 2.41333333333333
13554 3.14
13554 2.72142857142857
13554 0.00214285714285714
13554 0
13554 0.0142857142857143
13555 1.18119047619048
13555 0
13555 2.7952380952381
13555 2.41333333333333
13555 3.14
13555 2.72142857142857
13555 0.00214285714285714
13555 0
13555 0.0142857142857143
13556 1.18119047619048
13556 0
13556 2.7952380952381
13556 2.41333333333333
13556 3.14
13556 2.72142857142857
13556 0.00214285714285714
13556 0
13556 0.0142857142857143
13613 1.18119047619048
13613 0
13613 2.7952380952381
13613 2.41333333333333
13613 3.14
13613 2.72142857142857
13613 0.00214285714285714
13613 0
13613 0.0142857142857143
13615 1.18119047619048
13615 0
13615 2.7952380952381
13615 2.41333333333333
13615 3.14
13615 2.72142857142857
13615 0.00214285714285714
13615 0
13615 0.0142857142857143
13651 1.18119047619048
13651 0
13651 2.7952380952381
13651 2.41333333333333
13651 3.14
13651 2.72142857142857
13651 0.00214285714285714
13651 0
13651 0.0142857142857143
13667 1.18119047619048
13667 0
13667 2.7952380952381
13667 2.41333333333333
13667 3.14
13667 2.72142857142857
13667 0.00214285714285714
13667 0
13667 0.0142857142857143
13669 1.18119047619048
13669 0
13669 2.7952380952381
13669 2.41333333333333
13669 3.14
13669 2.72142857142857
13669 0.00214285714285714
13669 0
13669 0.0142857142857143
13707 1.18119047619048
13707 0
13707 2.7952380952381
13707 2.41333333333333
13707 3.14
13707 2.72142857142857
13707 0.00214285714285714
13707 0
13707 0.0142857142857143
13708 1.18119047619048
13708 0
13708 2.7952380952381
13708 2.41333333333333
13708 3.14
13708 2.72142857142857
13708 0.00214285714285714
13708 0
13708 0.0142857142857143
13709 1.18119047619048
13709 0
13709 2.7952380952381
13709 2.41333333333333
13709 3.14
13709 2.72142857142857
13709 0.00214285714285714
13709 0
13709 0.0142857142857143
13716 1.18119047619048
13716 0
13716 2.7952380952381
13716 2.41333333333333
13716 3.14
13716 2.72142857142857
13716 0.00214285714285714
13716 0
13716 0.0142857142857143
13722 1.18119047619048
13722 0
13722 2.7952380952381
13722 2.41333333333333
13722 3.14
13722 2.72142857142857
13722 0.00214285714285714
13722 0
13722 0.0142857142857143
13764 1.18119047619048
13764 0
13764 2.7952380952381
13764 2.41333333333333
13764 3.14
13764 2.72142857142857
13764 0.00214285714285714
13764 0
13764 0.0142857142857143
13816 1.18119047619048
13816 0
13816 2.7952380952381
13816 2.41333333333333
13816 3.14
13816 2.72142857142857
13816 0.00214285714285714
13816 0
13816 0.0142857142857143
13822 1.18119047619048
13822 0
13822 2.7952380952381
13822 2.41333333333333
13822 3.14
13822 2.72142857142857
13822 0.00214285714285714
13822 0
13822 0.0142857142857143
13823 1.18119047619048
13823 0
13823 2.7952380952381
13823 2.41333333333333
13823 3.14
13823 2.72142857142857
13823 0.00214285714285714
13823 0
13823 0.0142857142857143
