pt_graph shape
10176 1
10176 1
10176 1
10176 1
10176 1
10176 1
10176 1
10176 1
10176 1
10260 1
10260 1
10260 1
10260 1
10260 1
10260 1
10260 1
10260 1
10260 1
10331 1
10331 1
10331 1
10331 1
10331 1
10331 1
10331 1
10331 1
10331 1
10343 1
10343 1
10343 1
10343 1
10343 1
10343 1
10343 1
10343 1
10343 1
10400 1
10400 1
10400 1
10400 1
10400 1
10400 1
10400 1
10400 1
10400 1
10504 1
10504 1
10504 1
10504 1
10504 1
10504 1
10504 1
10504 1
10504 1
10517 1
10517 1
10517 1
10517 1
10517 1
10517 1
10517 1
10517 1
10517 1
10521 1
10521 1
10521 1
10521 1
10521 1
10521 1
10521 1
10521 1
10521 1
10595 1
10595 1
10595 1
10595 1
10595 1
10595 1
10595 1
10595 1
10595 1
10711 1
10711 1
10711 1
10711 1
10711 1
10711 1
10711 1
10711 1
10711 1
10712 1
10712 1
10712 1
10712 1
10712 1
10712 1
10712 1
10712 1
10712 1
10720 1
10720 1
10720 1
10720 1
10720 1
10720 1
10720 1
10720 1
10720 1
10721 1
10721 1
10721 1
10721 1
10721 1
10721 1
10721 1
10721 1
10721 1
10814 1
10814 1
10814 1
10814 1
10814 1
10814 1
10814 1
10814 1
10814 1
10817 1
10817 1
10817 1
10817 1
10817 1
10817 1
10817 1
10817 1
10817 1
10824 1
10824 1
10824 1
10824 1
10824 1
10824 1
10824 1
10824 1
10824 1
10826 1
10826 1
10826 1
10826 1
10826 1
10826 1
10826 1
10826 1
10826 1
10918 1
10918 1
10918 1
10918 1
10918 1
10918 1
10918 1
10918 1
10918 1
10923 1
10923 1
10923 1
10923 1
10923 1
10923 1
10923 1
10923 1
10923 1
11026 1
11026 1
11026 1
11026 1
11026 1
11026 1
11026 1
11026 1
11026 1
11030 1
11030 1
11030 1
11030 1
11030 1
11030 1
11030 1
11030 1
11030 1
11149 1
11149 1
11149 1
11149 1
11149 1
11149 1
11149 1
11149 1
11149 1
11150 1
11150 1
11150 1
11150 1
11150 1
11150 1
11150 1
11150 1
11150 1
11151 1
11151 1
11151 1
11151 1
11151 1
11151 1
11151 1
11151 1
11151 1
11134 1
11134 1
11134 1
11134 1
11134 1
11134 1
11134 1
11134 1
11134 1
11148 1
11148 1
11148 1
11148 1
11148 1
11148 1
11148 1
11148 1
11148 1
11135 1
11135 1
11135 1
11135 1
11135 1
11135 1
11135 1
11135 1
11135 1
11136 1
11136 1
11136 1
11136 1
11136 1
11136 1
11136 1
11136 1
11136 1
11137 1
11137 1
11137 1
11137 1
11137 1
11137 1
11137 1
11137 1
11137 1
11141 1
11141 1
11141 1
11141 1
11141 1
11141 1
11141 1
11141 1
11141 1
11271 1
11271 1
11271 1
11271 1
11271 1
11271 1
11271 1
11271 1
11271 1
11272 1
11272 1
11272 1
11272 1
11272 1
11272 1
11272 1
11272 1
11272 1
11273 1
11273 1
11273 1
11273 1
11273 1
11273 1
11273 1
11273 1
11273 1
11250 1
11250 1
11250 1
11250 1
11250 1
11250 1
11250 1
11250 1
11250 1
11268 1
11268 1
11268 1
11268 1
11268 1
11268 1
11268 1
11268 1
11268 1
11269 1
11269 1
11269 1
11269 1
11269 1
11269 1
11269 1
11269 1
11269 1
11256 1
11256 1
11256 1
11256 1
11256 1
11256 1
11256 1
11256 1
11256 1
11264 1
11264 1
11264 1
11264 1
11264 1
11264 1
11264 1
11264 1
11264 1
11266 1
11266 1
11266 1
11266 1
11266 1
11266 1
11266 1
11266 1
11266 1
11397 1
11397 1
11397 1
11397 1
11397 1
11397 1
11397 1
11397 1
11397 1
11394 1
11394 1
11394 1
11394 1
11394 1
11394 1
11394 1
11394 1
11394 1
11395 1
11395 1
11395 1
11395 1
11395 1
11395 1
11395 1
11395 1
11395 1
11396 1
11396 1
11396 1
11396 1
11396 1
11396 1
11396 1
11396 1
11396 1
11392 1
11392 1
11392 1
11392 1
11392 1
11392 1
11392 1
11392 1
11392 1
11393 1
11393 1
11393 1
11393 1
11393 1
11393 1
11393 1
11393 1
11393 1
11378 1
11378 1
11378 1
11378 1
11378 1
11378 1
11378 1
11378 1
11378 1
11379 1
11379 1
11379 1
11379 1
11379 1
11379 1
11379 1
11379 1
11379 1
11385 1
11385 1
11385 1
11385 1
11385 1
11385 1
11385 1
11385 1
11385 1
11387 1
11387 1
11387 1
11387 1
11387 1
11387 1
11387 1
11387 1
11387 1
11528 1
11528 1
11528 1
11528 1
11528 1
11528 1
11528 1
11528 1
11528 1
11529 1
11529 1
11529 1
11529 1
11529 1
11529 1
11529 1
11529 1
11529 1
11525 1
11525 1
11525 1
11525 1
11525 1
11525 1
11525 1
11525 1
11525 1
11526 1
11526 1
11526 1
11526 1
11526 1
11526 1
11526 1
11526 1
11526 1
11522 1
11522 1
11522 1
11522 1
11522 1
11522 1
11522 1
11522 1
11522 1
11523 1
11523 1
11523 1
11523 1
11523 1
11523 1
11523 1
11523 1
11523 1
11521 1
11521 1
11521 1
11521 1
11521 1
11521 1
11521 1
11521 1
11521 1
11510 1
11510 1
11510 1
11510 1
11510 1
11510 1
11510 1
11510 1
11510 1
11511 1
11511 1
11511 1
11511 1
11511 1
11511 1
11511 1
11511 1
11511 1
11514 1
11514 1
11514 1
11514 1
11514 1
11514 1
11514 1
11514 1
11514 1
11657 1
11657 1
11657 1
11657 1
11657 1
11657 1
11657 1
11657 1
11657 1
11658 1
11658 1
11658 1
11658 1
11658 1
11658 1
11658 1
11658 1
11658 1
11655 1
11655 1
11655 1
11655 1
11655 1
11655 1
11655 1
11655 1
11655 1
11656 1
11656 1
11656 1
11656 1
11656 1
11656 1
11656 1
11656 1
11656 1
11652 1
11652 1
11652 1
11652 1
11652 1
11652 1
11652 1
11652 1
11652 1
11653 1
11653 1
11653 1
11653 1
11653 1
11653 1
11653 1
11653 1
11653 1
11654 1
11654 1
11654 1
11654 1
11654 1
11654 1
11654 1
11654 1
11654 1
11648 1
11648 1
11648 1
11648 1
11648 1
11648 1
11648 1
11648 1
11648 1
11649 1
11649 1
11649 1
11649 1
11649 1
11649 1
11649 1
11649 1
11649 1
11651 1
11651 1
11651 1
11651 1
11651 1
11651 1
11651 1
11651 1
11651 1
11644 1
11644 1
11644 1
11644 1
11644 1
11644 1
11644 1
11644 1
11644 1
11638 1
11638 1
11638 1
11638 1
11638 1
11638 1
11638 1
11638 1
11638 1
11639 1
11639 1
11639 1
11639 1
11639 1
11639 1
11639 1
11639 1
11639 1
11642 1
11642 1
11642 1
11642 1
11642 1
11642 1
11642 1
11642 1
11642 1
11789 1
11789 1
11789 1
11789 1
11789 1
11789 1
11789 1
11789 1
11789 1
11787 1
11787 1
11787 1
11787 1
11787 1
11787 1
11787 1
11787 1
11787 1
11785 1
11785 1
11785 1
11785 1
11785 1
11785 1
11785 1
11785 1
11785 1
11786 1
11786 1
11786 1
11786 1
11786 1
11786 1
11786 1
11786 1
11786 1
11782 1
11782 1
11782 1
11782 1
11782 1
11782 1
11782 1
11782 1
11782 1
11783 1
11783 1
11783 1
11783 1
11783 1
11783 1
11783 1
11783 1
11783 1
11778 1
11778 1
11778 1
11778 1
11778 1
11778 1
11778 1
11778 1
11778 1
11781 1
11781 1
11781 1
11781 1
11781 1
11781 1
11781 1
11781 1
11781 1
11762 1
11762 1
11762 1
11762 1
11762 1
11762 1
11762 1
11762 1
11762 1
11765 1
11765 1
11765 1
11765 1
11765 1
11765 1
11765 1
11765 1
11765 1
11766 1
11766 1
11766 1
11766 1
11766 1
11766 1
11766 1
11766 1
11766 1
11767 1
11767 1
11767 1
11767 1
11767 1
11767 1
11767 1
11767 1
11767 1
11768 1
11768 1
11768 1
11768 1
11768 1
11768 1
11768 1
11768 1
11768 1
11769 1
11769 1
11769 1
11769 1
11769 1
11769 1
11769 1
11769 1
11769 1
11770 1
11770 1
11770 1
11770 1
11770 1
11770 1
11770 1
11770 1
11770 1
11772 1
11772 1
11772 1
11772 1
11772 1
11772 1
11772 1
11772 1
11772 1
11774 1
11774 1
11774 1
11774 1
11774 1
11774 1
11774 1
11774 1
11774 1
11775 1
11775 1
11775 1
11775 1
11775 1
11775 1
11775 1
11775 1
11775 1
11777 1
11777 1
11777 1
11777 1
11777 1
11777 1
11777 1
11777 1
11777 1
11919 1
11919 1
11919 1
11919 1
11919 1
11919 1
11919 1
11919 1
11919 1
11920 1
11920 1
11920 1
11920 1
11920 1
11920 1
11920 1
11920 1
11920 1
11917 1
11917 1
11917 1
11917 1
11917 1
11917 1
11917 1
11917 1
11917 1
11918 1
11918 1
11918 1
11918 1
11918 1
11918 1
11918 1
11918 1
11918 1
11915 1
11915 1
11915 1
11915 1
11915 1
11915 1
11915 1
11915 1
11915 1
11916 1
11916 1
11916 1
11916 1
11916 1
11916 1
11916 1
11916 1
11916 1
11888 1
11888 1
11888 1
11888 1
11888 1
11888 1
11888 1
11888 1
11888 1
11911 1
11911 1
11911 1
11911 1
11911 1
11911 1
11911 1
11911 1
11911 1
11912 1
11912 1
11912 1
11912 1
11912 1
11912 1
11912 1
11912 1
11912 1
11913 1
11913 1
11913 1
11913 1
11913 1
11913 1
11913 1
11913 1
11913 1
11914 1
11914 1
11914 1
11914 1
11914 1
11914 1
11914 1
11914 1
11914 1
11892 1
11892 1
11892 1
11892 1
11892 1
11892 1
11892 1
11892 1
11892 1
11908 1
11908 1
11908 1
11908 1
11908 1
11908 1
11908 1
11908 1
11908 1
11909 1
11909 1
11909 1
11909 1
11909 1
11909 1
11909 1
11909 1
11909 1
11910 1
11910 1
11910 1
11910 1
11910 1
11910 1
11910 1
11910 1
11910 1
11895 1
11895 1
11895 1
11895 1
11895 1
11895 1
11895 1
11895 1
11895 1
11897 1
11897 1
11897 1
11897 1
11897 1
11897 1
11897 1
11897 1
11897 1
11898 1
11898 1
11898 1
11898 1
11898 1
11898 1
11898 1
11898 1
11898 1
11899 1
11899 1
11899 1
11899 1
11899 1
11899 1
11899 1
11899 1
11899 1
11901 1
11901 1
11901 1
11901 1
11901 1
11901 1
11901 1
11901 1
11901 1
11904 1
11904 1
11904 1
11904 1
11904 1
11904 1
11904 1
11904 1
11904 1
11905 1
11905 1
11905 1
11905 1
11905 1
11905 1
11905 1
11905 1
11905 1
12045 1
12045 1
12045 1
12045 1
12045 1
12045 1
12045 1
12045 1
12045 1
12043 1
12043 1
12043 1
12043 1
12043 1
12043 1
12043 1
12043 1
12043 1
12044 1
12044 1
12044 1
12044 1
12044 1
12044 1
12044 1
12044 1
12044 1
12038 1
12038 1
12038 1
12038 1
12038 1
12038 1
12038 1
12038 1
12038 1
12039 1
12039 1
12039 1
12039 1
12039 1
12039 1
12039 1
12039 1
12039 1
12040 1
12040 1
12040 1
12040 1
12040 1
12040 1
12040 1
12040 1
12040 1
12035 1
12035 1
12035 1
12035 1
12035 1
12035 1
12035 1
12035 1
12035 1
12036 1
12036 1
12036 1
12036 1
12036 1
12036 1
12036 1
12036 1
12036 1
12037 1
12037 1
12037 1
12037 1
12037 1
12037 1
12037 1
12037 1
12037 1
12017 1
12017 1
12017 1
12017 1
12017 1
12017 1
12017 1
12017 1
12017 1
12032 1
12032 1
12032 1
12032 1
12032 1
12032 1
12032 1
12032 1
12032 1
12033 1
12033 1
12033 1
12033 1
12033 1
12033 1
12033 1
12033 1
12033 1
12034 1
12034 1
12034 1
12034 1
12034 1
12034 1
12034 1
12034 1
12034 1
12019 1
12019 1
12019 1
12019 1
12019 1
12019 1
12019 1
12019 1
12019 1
12020 1
12020 1
12020 1
12020 1
12020 1
12020 1
12020 1
12020 1
12020 1
12021 1
12021 1
12021 1
12021 1
12021 1
12021 1
12021 1
12021 1
12021 1
12022 1
12022 1
12022 1
12022 1
12022 1
12022 1
12022 1
12022 1
12022 1
12023 1
12023 1
12023 1
12023 1
12023 1
12023 1
12023 1
12023 1
12023 1
12024 1
12024 1
12024 1
12024 1
12024 1
12024 1
12024 1
12024 1
12024 1
12028 1
12028 1
12028 1
12028 1
12028 1
12028 1
12028 1
12028 1
12028 1
12167 1
12167 1
12167 1
12167 1
12167 1
12167 1
12167 1
12167 1
12167 1
12168 1
12168 1
12168 1
12168 1
12168 1
12168 1
12168 1
12168 1
12168 1
12165 1
12165 1
12165 1
12165 1
12165 1
12165 1
12165 1
12165 1
12165 1
12166 1
12166 1
12166 1
12166 1
12166 1
12166 1
12166 1
12166 1
12166 1
12163 1
12163 1
12163 1
12163 1
12163 1
12163 1
12163 1
12163 1
12163 1
12164 1
12164 1
12164 1
12164 1
12164 1
12164 1
12164 1
12164 1
12164 1
12160 1
12160 1
12160 1
12160 1
12160 1
12160 1
12160 1
12160 1
12160 1
12161 1
12161 1
12161 1
12161 1
12161 1
12161 1
12161 1
12161 1
12161 1
12162 1
12162 1
12162 1
12162 1
12162 1
12162 1
12162 1
12162 1
12162 1
12157 1
12157 1
12157 1
12157 1
12157 1
12157 1
12157 1
12157 1
12157 1
12159 1
12159 1
12159 1
12159 1
12159 1
12159 1
12159 1
12159 1
12159 1
12151 1
12151 1
12151 1
12151 1
12151 1
12151 1
12151 1
12151 1
12151 1
12152 1
12152 1
12152 1
12152 1
12152 1
12152 1
12152 1
12152 1
12152 1
12155 1
12155 1
12155 1
12155 1
12155 1
12155 1
12155 1
12155 1
12155 1
12156 1
12156 1
12156 1
12156 1
12156 1
12156 1
12156 1
12156 1
12156 1
12145 1
12145 1
12145 1
12145 1
12145 1
12145 1
12145 1
12145 1
12145 1
12147 1
12147 1
12147 1
12147 1
12147 1
12147 1
12147 1
12147 1
12147 1
12291 1
12291 1
12291 1
12291 1
12291 1
12291 1
12291 1
12291 1
12291 1
12292 1
12292 1
12292 1
12292 1
12292 1
12292 1
12292 1
12292 1
12292 1
12289 1
12289 1
12289 1
12289 1
12289 1
12289 1
12289 1
12289 1
12289 1
12290 1
12290 1
12290 1
12290 1
12290 1
12290 1
12290 1
12290 1
12290 1
12288 1
12288 1
12288 1
12288 1
12288 1
12288 1
12288 1
12288 1
12288 1
12284 1
12284 1
12284 1
12284 1
12284 1
12284 1
12284 1
12284 1
12284 1
12286 1
12286 1
12286 1
12286 1
12286 1
12286 1
12286 1
12286 1
12286 1
12280 1
12280 1
12280 1
12280 1
12280 1
12280 1
12280 1
12280 1
12280 1
12283 1
12283 1
12283 1
12283 1
12283 1
12283 1
12283 1
12283 1
12283 1
12263 1
12263 1
12263 1
12263 1
12263 1
12263 1
12263 1
12263 1
12263 1
12265 1
12265 1
12265 1
12265 1
12265 1
12265 1
12265 1
12265 1
12265 1
12272 1
12272 1
12272 1
12272 1
12272 1
12272 1
12272 1
12272 1
12272 1
12277 1
12277 1
12277 1
12277 1
12277 1
12277 1
12277 1
12277 1
12277 1
12278 1
12278 1
12278 1
12278 1
12278 1
12278 1
12278 1
12278 1
12278 1
12279 1
12279 1
12279 1
12279 1
12279 1
12279 1
12279 1
12279 1
12279 1
12423 1
12423 1
12423 1
12423 1
12423 1
12423 1
12423 1
12423 1
12423 1
12424 1
12424 1
12424 1
12424 1
12424 1
12424 1
12424 1
12424 1
12424 1
12421 1
12421 1
12421 1
12421 1
12421 1
12421 1
12421 1
12421 1
12421 1
12422 1
12422 1
12422 1
12422 1
12422 1
12422 1
12422 1
12422 1
12422 1
12419 1
12419 1
12419 1
12419 1
12419 1
12419 1
12419 1
12419 1
12419 1
12420 1
12420 1
12420 1
12420 1
12420 1
12420 1
12420 1
12420 1
12420 1
12418 1
12418 1
12418 1
12418 1
12418 1
12418 1
12418 1
12418 1
12418 1
12415 1
12415 1
12415 1
12415 1
12415 1
12415 1
12415 1
12415 1
12415 1
12392 1
12392 1
12392 1
12392 1
12392 1
12392 1
12392 1
12392 1
12392 1
12393 1
12393 1
12393 1
12393 1
12393 1
12393 1
12393 1
12393 1
12393 1
12409 1
12409 1
12409 1
12409 1
12409 1
12409 1
12409 1
12409 1
12409 1
12412 1
12412 1
12412 1
12412 1
12412 1
12412 1
12412 1
12412 1
12412 1
12413 1
12413 1
12413 1
12413 1
12413 1
12413 1
12413 1
12413 1
12413 1
12394 1
12394 1
12394 1
12394 1
12394 1
12394 1
12394 1
12394 1
12394 1
12396 1
12396 1
12396 1
12396 1
12396 1
12396 1
12396 1
12396 1
12396 1
12400 1
12400 1
12400 1
12400 1
12400 1
12400 1
12400 1
12400 1
12400 1
12402 1
12402 1
12402 1
12402 1
12402 1
12402 1
12402 1
12402 1
12402 1
12404 1
12404 1
12404 1
12404 1
12404 1
12404 1
12404 1
12404 1
12404 1
12554 1
12554 1
12554 1
12554 1
12554 1
12554 1
12554 1
12554 1
12554 1
12555 1
12555 1
12555 1
12555 1
12555 1
12555 1
12555 1
12555 1
12555 1
12552 1
12552 1
12552 1
12552 1
12552 1
12552 1
12552 1
12552 1
12552 1
12553 1
12553 1
12553 1
12553 1
12553 1
12553 1
12553 1
12553 1
12553 1
12550 1
12550 1
12550 1
12550 1
12550 1
12550 1
12550 1
12550 1
12550 1
12551 1
12551 1
12551 1
12551 1
12551 1
12551 1
12551 1
12551 1
12551 1
12547 1
12547 1
12547 1
12547 1
12547 1
12547 1
12547 1
12547 1
12547 1
12549 1
12549 1
12549 1
12549 1
12549 1
12549 1
12549 1
12549 1
12549 1
12544 1
12544 1
12544 1
12544 1
12544 1
12544 1
12544 1
12544 1
12544 1
12540 1
12540 1
12540 1
12540 1
12540 1
12540 1
12540 1
12540 1
12540 1
12543 1
12543 1
12543 1
12543 1
12543 1
12543 1
12543 1
12543 1
12543 1
12539 1
12539 1
12539 1
12539 1
12539 1
12539 1
12539 1
12539 1
12539 1
12678 1
12678 1
12678 1
12678 1
12678 1
12678 1
12678 1
12678 1
12678 1
12677 1
12677 1
12677 1
12677 1
12677 1
12677 1
12677 1
12677 1
12677 1
12672 1
12672 1
12672 1
12672 1
12672 1
12672 1
12672 1
12672 1
12672 1
12669 1
12669 1
12669 1
12669 1
12669 1
12669 1
12669 1
12669 1
12669 1
12670 1
12670 1
12670 1
12670 1
12670 1
12670 1
12670 1
12670 1
12670 1
12671 1
12671 1
12671 1
12671 1
12671 1
12671 1
12671 1
12671 1
12671 1
12657 1
12657 1
12657 1
12657 1
12657 1
12657 1
12657 1
12657 1
12657 1
12660 1
12660 1
12660 1
12660 1
12660 1
12660 1
12660 1
12660 1
12660 1
12794 1
12794 1
12794 1
12794 1
12794 1
12794 1
12794 1
12794 1
12794 1
12792 1
12792 1
12792 1
12792 1
12792 1
12792 1
12792 1
12792 1
12792 1
12793 1
12793 1
12793 1
12793 1
12793 1
12793 1
12793 1
12793 1
12793 1
12790 1
12790 1
12790 1
12790 1
12790 1
12790 1
12790 1
12790 1
12790 1
12791 1
12791 1
12791 1
12791 1
12791 1
12791 1
12791 1
12791 1
12791 1
12788 1
12788 1
12788 1
12788 1
12788 1
12788 1
12788 1
12788 1
12788 1
12789 1
12789 1
12789 1
12789 1
12789 1
12789 1
12789 1
12789 1
12789 1
12786 1
12786 1
12786 1
12786 1
12786 1
12786 1
12786 1
12786 1
12786 1
12787 1
12787 1
12787 1
12787 1
12787 1
12787 1
12787 1
12787 1
12787 1
12778 1
12778 1
12778 1
12778 1
12778 1
12778 1
12778 1
12778 1
12778 1
12782 1
12782 1
12782 1
12782 1
12782 1
12782 1
12782 1
12782 1
12782 1
12912 1
12912 1
12912 1
12912 1
12912 1
12912 1
12912 1
12912 1
12912 1
12911 1
12911 1
12911 1
12911 1
12911 1
12911 1
12911 1
12911 1
12911 1
12908 1
12908 1
12908 1
12908 1
12908 1
12908 1
12908 1
12908 1
12908 1
12906 1
12906 1
12906 1
12906 1
12906 1
12906 1
12906 1
12906 1
12906 1
12905 1
12905 1
12905 1
12905 1
12905 1
12905 1
12905 1
12905 1
12905 1
12886 1
12886 1
12886 1
12886 1
12886 1
12886 1
12886 1
12886 1
12886 1
13028 1
13028 1
13028 1
13028 1
13028 1
13028 1
13028 1
13028 1
13028 1
13024 1
13024 1
13024 1
13024 1
13024 1
13024 1
13024 1
13024 1
13024 1
13004 1
13004 1
13004 1
13004 1
13004 1
13004 1
13004 1
13004 1
13004 1
13021 1
13021 1
13021 1
13021 1
13021 1
13021 1
13021 1
13021 1
13021 1
13022 1
13022 1
13022 1
13022 1
13022 1
13022 1
13022 1
13022 1
13022 1
13223 1
13223 1
13223 1
13223 1
13223 1
13223 1
13223 1
13223 1
13223 1
13317 1
13317 1
13317 1
13317 1
13317 1
13317 1
13317 1
13317 1
13317 1
13318 1
13318 1
13318 1
13318 1
13318 1
13318 1
13318 1
13318 1
13318 1
13319 1
13319 1
13319 1
13319 1
13319 1
13319 1
13319 1
13319 1
13319 1
13321 1
13321 1
13321 1
13321 1
13321 1
13321 1
13321 1
13321 1
13321 1
13322 1
13322 1
13322 1
13322 1
13322 1
13322 1
13322 1
13322 1
13322 1
13402 1
13402 1
13402 1
13402 1
13402 1
13402 1
13402 1
13402 1
13402 1
13403 1
13403 1
13403 1
13403 1
13403 1
13403 1
13403 1
13403 1
13403 1
13404 1
13404 1
13404 1
13404 1
13404 1
13404 1
13404 1
13404 1
13404 1
13405 1
13405 1
13405 1
13405 1
13405 1
13405 1
13405 1
13405 1
13405 1
13406 1
13406 1
13406 1
13406 1
13406 1
13406 1
13406 1
13406 1
13406 1
13462 1
13462 1
13462 1
13462 1
13462 1
13462 1
13462 1
13462 1
13462 1
13483 1
13483 1
13483 1
13483 1
13483 1
13483 1
13483 1
13483 1
13483 1
13484 1
13484 1
13484 1
13484 1
13484 1
13484 1
13484 1
13484 1
13484 1
13485 1
13485 1
13485 1
13485 1
13485 1
13485 1
13485 1
13485 1
13485 1
13553 1
13553 1
13553 1
13553 1
13553 1
13553 1
13553 1
13553 1
13553 1
13554 1
13554 1
13554 1
13554 1
13554 1
13554 1
13554 1
13554 1
13554 1
13555 1
13555 1
13555 1
13555 1
13555 1
13555 1
13555 1
13555 1
13555 1
13556 1
13556 1
13556 1
13556 1
13556 1
13556 1
13556 1
13556 1
13556 1
13557 1
13557 1
13557 1
13557 1
13557 1
13557 1
13557 1
13557 1
13557 1
13558 1
13558 1
13558 1
13558 1
13558 1
13558 1
13558 1
13558 1
13558 1
13614 1
13614 1
13614 1
13614 1
13614 1
13614 1
13614 1
13614 1
13614 1
13615 1
13615 1
13615 1
13615 1
13615 1
13615 1
13615 1
13615 1
13615 1
13616 1
13616 1
13616 1
13616 1
13616 1
13616 1
13616 1
13616 1
13616 1
13663 1
13663 1
13663 1
13663 1
13663 1
13663 1
13663 1
13663 1
13663 1
13671 1
13671 1
13671 1
13671 1
13671 1
13671 1
13671 1
13671 1
13671 1
13675 1
13675 1
13675 1
13675 1
13675 1
13675 1
13675 1
13675 1
13675 1
13726 1
13726 1
13726 1
13726 1
13726 1
13726 1
13726 1
13726 1
13726 1
13727 1
13727 1
13727 1
13727 1
13727 1
13727 1
13727 1
13727 1
13727 1
13773 1
13773 1
13773 1
13773 1
13773 1
13773 1
13773 1
13773 1
13773 1
13780 1
13780 1
13780 1
13780 1
13780 1
13780 1
13780 1
13780 1
13780 1
13781 1
13781 1
13781 1
13781 1
13781 1
13781 1
13781 1
13781 1
13781 1
13782 1
13782 1
13782 1
13782 1
13782 1
13782 1
13782 1
13782 1
13782 1
13834 1
13834 1
13834 1
13834 1
13834 1
13834 1
13834 1
13834 1
13834 1
13874 1
13874 1
13874 1
13874 1
13874 1
13874 1
13874 1
13874 1
13874 1
13891 1
13891 1
13891 1
13891 1
13891 1
13891 1
13891 1
13891 1
13891 1
13943 1
13943 1
13943 1
13943 1
13943 1
13943 1
13943 1
13943 1
13943 1
13947 1
13947 1
13947 1
13947 1
13947 1
13947 1
13947 1
13947 1
13947 1
13952 1
13952 1
13952 1
13952 1
13952 1
13952 1
13952 1
13952 1
13952 1
13979 1
13979 1
13979 1
13979 1
13979 1
13979 1
13979 1
13979 1
13979 1
13999 1
13999 1
13999 1
13999 1
13999 1
13999 1
13999 1
13999 1
13999 1
14001 1
14001 1
14001 1
14001 1
14001 1
14001 1
14001 1
14001 1
14001 1
14005 1
14005 1
14005 1
14005 1
14005 1
14005 1
14005 1
14005 1
14005 1
14055 1
14055 1
14055 1
14055 1
14055 1
14055 1
14055 1
14055 1
14055 1
14061 1
14061 1
14061 1
14061 1
14061 1
14061 1
14061 1
14061 1
14061 1
14064 1
14064 1
14064 1
14064 1
14064 1
14064 1
14064 1
14064 1
14064 1
14089 1
14089 1
14089 1
14089 1
14089 1
14089 1
14089 1
14089 1
14089 1
14114 1
14114 1
14114 1
14114 1
14114 1
14114 1
14114 1
14114 1
14114 1
14164 1
14164 1
14164 1
14164 1
14164 1
14164 1
14164 1
14164 1
14164 1
14168 1
14168 1
14168 1
14168 1
14168 1
14168 1
14168 1
14168 1
14168 1
14212 1
14212 1
14212 1
14212 1
14212 1
14212 1
14212 1
14212 1
14212 1
14213 1
14213 1
14213 1
14213 1
14213 1
14213 1
14213 1
14213 1
14213 1
14240 1
14240 1
14240 1
14240 1
14240 1
14240 1
14240 1
14240 1
14240 1
14256 1
14256 1
14256 1
14256 1
14256 1
14256 1
14256 1
14256 1
14256 1
14260 1
14260 1
14260 1
14260 1
14260 1
14260 1
14260 1
14260 1
14260 1
14261 1
14261 1
14261 1
14261 1
14261 1
14261 1
14261 1
14261 1
14261 1
14263 1
14263 1
14263 1
14263 1
14263 1
14263 1
14263 1
14263 1
14263 1
14264 1
14264 1
14264 1
14264 1
14264 1
14264 1
14264 1
14264 1
14264 1
14290 1
14290 1
14290 1
14290 1
14290 1
14290 1
14290 1
14290 1
14290 1
14303 1
14303 1
14303 1
14303 1
14303 1
14303 1
14303 1
14303 1
14303 1
14307 1
14307 1
14307 1
14307 1
14307 1
14307 1
14307 1
14307 1
14307 1
14308 1
14308 1
14308 1
14308 1
14308 1
14308 1
14308 1
14308 1
14308 1
14309 1
14309 1
14309 1
14309 1
14309 1
14309 1
14309 1
14309 1
14309 1
14310 1
14310 1
14310 1
14310 1
14310 1
14310 1
14310 1
14310 1
14310 1
14311 1
14311 1
14311 1
14311 1
14311 1
14311 1
14311 1
14311 1
14311 1
14345 1
14345 1
14345 1
14345 1
14345 1
14345 1
14345 1
14345 1
14345 1
14348 1
14348 1
14348 1
14348 1
14348 1
14348 1
14348 1
14348 1
14348 1
14351 1
14351 1
14351 1
14351 1
14351 1
14351 1
14351 1
14351 1
14351 1
14352 1
14352 1
14352 1
14352 1
14352 1
14352 1
14352 1
14352 1
14352 1
14354 1
14354 1
14354 1
14354 1
14354 1
14354 1
14354 1
14354 1
14354 1
14355 1
14355 1
14355 1
14355 1
14355 1
14355 1
14355 1
14355 1
14355 1
14394 1
14394 1
14394 1
14394 1
14394 1
14394 1
14394 1
14394 1
14394 1
14395 1
14395 1
14395 1
14395 1
14395 1
14395 1
14395 1
14395 1
14395 1
14396 1
14396 1
14396 1
14396 1
14396 1
14396 1
14396 1
14396 1
14396 1
14397 1
14397 1
14397 1
14397 1
14397 1
14397 1
14397 1
14397 1
14397 1
14421 1
14421 1
14421 1
14421 1
14421 1
14421 1
14421 1
14421 1
14421 1
14426 1
14426 1
14426 1
14426 1
14426 1
14426 1
14426 1
14426 1
14426 1
14428 1
14428 1
14428 1
14428 1
14428 1
14428 1
14428 1
14428 1
14428 1
14429 1
14429 1
14429 1
14429 1
14429 1
14429 1
14429 1
14429 1
14429 1
14437 1
14437 1
14437 1
14437 1
14437 1
14437 1
14437 1
14437 1
14437 1
14438 1
14438 1
14438 1
14438 1
14438 1
14438 1
14438 1
14438 1
14438 1
14464 1
14464 1
14464 1
14464 1
14464 1
14464 1
14464 1
14464 1
14464 1
14467 1
14467 1
14467 1
14467 1
14467 1
14467 1
14467 1
14467 1
14467 1
14468 1
14468 1
14468 1
14468 1
14468 1
14468 1
14468 1
14468 1
14468 1
14473 1
14473 1
14473 1
14473 1
14473 1
14473 1
14473 1
14473 1
14473 1
14474 1
14474 1
14474 1
14474 1
14474 1
14474 1
14474 1
14474 1
14474 1
14500 1
14500 1
14500 1
14500 1
14500 1
14500 1
14500 1
14500 1
14500 1
14501 1
14501 1
14501 1
14501 1
14501 1
14501 1
14501 1
14501 1
14501 1
14507 1
14507 1
14507 1
14507 1
14507 1
14507 1
14507 1
14507 1
14507 1
14508 1
14508 1
14508 1
14508 1
14508 1
14508 1
14508 1
14508 1
14508 1
14535 1
14535 1
14535 1
14535 1
14535 1
14535 1
14535 1
14535 1
14535 1
14539 1
14539 1
14539 1
14539 1
14539 1
14539 1
14539 1
14539 1
14539 1
14567 1
14567 1
14567 1
14567 1
14567 1
14567 1
14567 1
14567 1
14567 1
14571 1
14571 1
14571 1
14571 1
14571 1
14571 1
14571 1
14571 1
14571 1
14572 1
14572 1
14572 1
14572 1
14572 1
14572 1
14572 1
14572 1
14572 1
14600 1
14600 1
14600 1
14600 1
14600 1
14600 1
14600 1
14600 1
14600 1
14602 1
14602 1
14602 1
14602 1
14602 1
14602 1
14602 1
14602 1
14602 1
14603 1
14603 1
14603 1
14603 1
14603 1
14603 1
14603 1
14603 1
14603 1
14604 1
14604 1
14604 1
14604 1
14604 1
14604 1
14604 1
14604 1
14604 1
14608 1
14608 1
14608 1
14608 1
14608 1
14608 1
14608 1
14608 1
14608 1
14632 1
14632 1
14632 1
14632 1
14632 1
14632 1
14632 1
14632 1
14632 1
14633 1
14633 1
14633 1
14633 1
14633 1
14633 1
14633 1
14633 1
14633 1
14636 1
14636 1
14636 1
14636 1
14636 1
14636 1
14636 1
14636 1
14636 1
14640 1
14640 1
14640 1
14640 1
14640 1
14640 1
14640 1
14640 1
14640 1
14664 1
14664 1
14664 1
14664 1
14664 1
14664 1
14664 1
14664 1
14664 1
14665 1
14665 1
14665 1
14665 1
14665 1
14665 1
14665 1
14665 1
14665 1
14667 1
14667 1
14667 1
14667 1
14667 1
14667 1
14667 1
14667 1
14667 1
14668 1
14668 1
14668 1
14668 1
14668 1
14668 1
14668 1
14668 1
14668 1
14670 1
14670 1
14670 1
14670 1
14670 1
14670 1
14670 1
14670 1
14670 1
14672 1
14672 1
14672 1
14672 1
14672 1
14672 1
14672 1
14672 1
14672 1
14673 1
14673 1
14673 1
14673 1
14673 1
14673 1
14673 1
14673 1
14673 1
14698 1
14698 1
14698 1
14698 1
14698 1
14698 1
14698 1
14698 1
14698 1
14700 1
14700 1
14700 1
14700 1
14700 1
14700 1
14700 1
14700 1
14700 1
14701 1
14701 1
14701 1
14701 1
14701 1
14701 1
14701 1
14701 1
14701 1
14702 1
14702 1
14702 1
14702 1
14702 1
14702 1
14702 1
14702 1
14702 1
14705 1
14705 1
14705 1
14705 1
14705 1
14705 1
14705 1
14705 1
14705 1
14706 1
14706 1
14706 1
14706 1
14706 1
14706 1
14706 1
14706 1
14706 1
14733 1
14733 1
14733 1
14733 1
14733 1
14733 1
14733 1
14733 1
14733 1
14734 1
14734 1
14734 1
14734 1
14734 1
14734 1
14734 1
14734 1
14734 1
14735 1
14735 1
14735 1
14735 1
14735 1
14735 1
14735 1
14735 1
14735 1
14736 1
14736 1
14736 1
14736 1
14736 1
14736 1
14736 1
14736 1
14736 1
14737 1
14737 1
14737 1
14737 1
14737 1
14737 1
14737 1
14737 1
14737 1
14738 1
14738 1
14738 1
14738 1
14738 1
14738 1
14738 1
14738 1
14738 1
14762 1
14762 1
14762 1
14762 1
14762 1
14762 1
14762 1
14762 1
14762 1
14763 1
14763 1
14763 1
14763 1
14763 1
14763 1
14763 1
14763 1
14763 1
14764 1
14764 1
14764 1
14764 1
14764 1
14764 1
14764 1
14764 1
14764 1
14765 1
14765 1
14765 1
14765 1
14765 1
14765 1
14765 1
14765 1
14765 1
14766 1
14766 1
14766 1
14766 1
14766 1
14766 1
14766 1
14766 1
14766 1
14767 1
14767 1
14767 1
14767 1
14767 1
14767 1
14767 1
14767 1
14767 1
14768 1
14768 1
14768 1
14768 1
14768 1
14768 1
14768 1
14768 1
14768 1
14769 1
14769 1
14769 1
14769 1
14769 1
14769 1
14769 1
14769 1
14769 1
14794 1
14794 1
14794 1
14794 1
14794 1
14794 1
14794 1
14794 1
14794 1
14795 1
14795 1
14795 1
14795 1
14795 1
14795 1
14795 1
14795 1
14795 1
14796 1
14796 1
14796 1
14796 1
14796 1
14796 1
14796 1
14796 1
14796 1
14798 1
14798 1
14798 1
14798 1
14798 1
14798 1
14798 1
14798 1
14798 1
14799 1
14799 1
14799 1
14799 1
14799 1
14799 1
14799 1
14799 1
14799 1
14800 1
14800 1
14800 1
14800 1
14800 1
14800 1
14800 1
14800 1
14800 1
14826 1
14826 1
14826 1
14826 1
14826 1
14826 1
14826 1
14826 1
14826 1
14827 1
14827 1
14827 1
14827 1
14827 1
14827 1
14827 1
14827 1
14827 1
14830 1
14830 1
14830 1
14830 1
14830 1
14830 1
14830 1
14830 1
14830 1
14831 1
14831 1
14831 1
14831 1
14831 1
14831 1
14831 1
14831 1
14831 1
14918 1
14918 1
14918 1
14918 1
14918 1
14918 1
14918 1
14918 1
14918 1
