pt_graph scale
14098 1.17684210526316
14098 0
14098 3.36789473684211
14098 2.46578947368421
14098 3.14236842105263
14098 2.89868421052632
14098 0.00263157894736842
14098 0.0197368421052632
14098 0.0184210526315789
14105 1.17684210526316
14105 0
14105 3.36789473684211
14105 2.46578947368421
14105 3.14236842105263
14105 2.89868421052632
14105 0.00263157894736842
14105 0.0197368421052632
14105 0.0184210526315789
14107 1.17684210526316
14107 0
14107 3.36789473684211
14107 2.46578947368421
14107 3.14236842105263
14107 2.89868421052632
14107 0.00263157894736842
14107 0.0197368421052632
14107 0.0184210526315789
14143 1.17684210526316
14143 0
14143 3.36789473684211
14143 2.46578947368421
14143 3.14236842105263
14143 2.89868421052632
14143 0.00263157894736842
14143 0.0197368421052632
14143 0.0184210526315789
14150 1.17684210526316
14150 0
14150 3.36789473684211
14150 2.46578947368421
14150 3.14236842105263
14150 2.89868421052632
14150 0.00263157894736842
14150 0.0197368421052632
14150 0.0184210526315789
14151 1.17684210526316
14151 0
14151 3.36789473684211
14151 2.46578947368421
14151 3.14236842105263
14151 2.89868421052632
14151 0.00263157894736842
14151 0.0197368421052632
14151 0.0184210526315789
14152 1.17684210526316
14152 0
14152 3.36789473684211
14152 2.46578947368421
14152 3.14236842105263
14152 2.89868421052632
14152 0.00263157894736842
14152 0.0197368421052632
14152 0.0184210526315789
14158 1.17684210526316
14158 0
14158 3.36789473684211
14158 2.46578947368421
14158 3.14236842105263
14158 2.89868421052632
14158 0.00263157894736842
14158 0.0197368421052632
14158 0.0184210526315789
14160 1.17684210526316
14160 0
14160 3.36789473684211
14160 2.46578947368421
14160 3.14236842105263
14160 2.89868421052632
14160 0.00263157894736842
14160 0.0197368421052632
14160 0.0184210526315789
14201 1.17684210526316
14201 0
14201 3.36789473684211
14201 2.46578947368421
14201 3.14236842105263
14201 2.89868421052632
14201 0.00263157894736842
14201 0.0197368421052632
14201 0.0184210526315789
14209 1.17684210526316
14209 0
14209 3.36789473684211
14209 2.46578947368421
14209 3.14236842105263
14209 2.89868421052632
14209 0.00263157894736842
14209 0.0197368421052632
14209 0.0184210526315789
14211 1.17684210526316
14211 0
14211 3.36789473684211
14211 2.46578947368421
14211 3.14236842105263
14211 2.89868421052632
14211 0.00263157894736842
14211 0.0197368421052632
14211 0.0184210526315789
14212 1.17684210526316
14212 0
14212 3.36789473684211
14212 2.46578947368421
14212 3.14236842105263
14212 2.89868421052632
14212 0.00263157894736842
14212 0.0197368421052632
14212 0.0184210526315789
14241 1.17684210526316
14241 0
14241 3.36789473684211
14241 2.46578947368421
14241 3.14236842105263
14241 2.89868421052632
14241 0.00263157894736842
14241 0.0197368421052632
14241 0.0184210526315789
14255 1.17684210526316
14255 0
14255 3.36789473684211
14255 2.46578947368421
14255 3.14236842105263
14255 2.89868421052632
14255 0.00263157894736842
14255 0.0197368421052632
14255 0.0184210526315789
14256 1.17684210526316
14256 0
14256 3.36789473684211
14256 2.46578947368421
14256 3.14236842105263
14256 2.89868421052632
14256 0.00263157894736842
14256 0.0197368421052632
14256 0.0184210526315789
14257 1.17684210526316
14257 0
14257 3.36789473684211
14257 2.46578947368421
14257 3.14236842105263
14257 2.89868421052632
14257 0.00263157894736842
14257 0.0197368421052632
14257 0.0184210526315789
14258 1.17684210526316
14258 0
14258 3.36789473684211
14258 2.46578947368421
14258 3.14236842105263
14258 2.89868421052632
14258 0.00263157894736842
14258 0.0197368421052632
14258 0.0184210526315789
14259 1.17684210526316
14259 0
14259 3.36789473684211
14259 2.46578947368421
14259 3.14236842105263
14259 2.89868421052632
14259 0.00263157894736842
14259 0.0197368421052632
14259 0.0184210526315789
14289 1.17684210526316
14289 0
14289 3.36789473684211
14289 2.46578947368421
14289 3.14236842105263
14289 2.89868421052632
14289 0.00263157894736842
14289 0.0197368421052632
14289 0.0184210526315789
14291 1.17684210526316
14291 0
14291 3.36789473684211
14291 2.46578947368421
14291 3.14236842105263
14291 2.89868421052632
14291 0.00263157894736842
14291 0.0197368421052632
14291 0.0184210526315789
14298 1.17684210526316
14298 0
14298 3.36789473684211
14298 2.46578947368421
14298 3.14236842105263
14298 2.89868421052632
14298 0.00263157894736842
14298 0.0197368421052632
14298 0.0184210526315789
14300 1.17684210526316
14300 0
14300 3.36789473684211
14300 2.46578947368421
14300 3.14236842105263
14300 2.89868421052632
14300 0.00263157894736842
14300 0.0197368421052632
14300 0.0184210526315789
14302 1.17684210526316
14302 0
14302 3.36789473684211
14302 2.46578947368421
14302 3.14236842105263
14302 2.89868421052632
14302 0.00263157894736842
14302 0.0197368421052632
14302 0.0184210526315789
14303 1.17684210526316
14303 0
14303 3.36789473684211
14303 2.46578947368421
14303 3.14236842105263
14303 2.89868421052632
14303 0.00263157894736842
14303 0.0197368421052632
14303 0.0184210526315789
14304 1.17684210526316
14304 0
14304 3.36789473684211
14304 2.46578947368421
14304 3.14236842105263
14304 2.89868421052632
14304 0.00263157894736842
14304 0.0197368421052632
14304 0.0184210526315789
14305 1.17684210526316
14305 0
14305 3.36789473684211
14305 2.46578947368421
14305 3.14236842105263
14305 2.89868421052632
14305 0.00263157894736842
14305 0.0197368421052632
14305 0.0184210526315789
14306 1.17684210526316
14306 0
14306 3.36789473684211
14306 2.46578947368421
14306 3.14236842105263
14306 2.89868421052632
14306 0.00263157894736842
14306 0.0197368421052632
14306 0.0184210526315789
14331 1.17684210526316
14331 0
14331 3.36789473684211
14331 2.46578947368421
14331 3.14236842105263
14331 2.89868421052632
14331 0.00263157894736842
14331 0.0197368421052632
14331 0.0184210526315789
14344 1.17684210526316
14344 0
14344 3.36789473684211
14344 2.46578947368421
14344 3.14236842105263
14344 2.89868421052632
14344 0.00263157894736842
14344 0.0197368421052632
14344 0.0184210526315789
14345 1.17684210526316
14345 0
14345 3.36789473684211
14345 2.46578947368421
14345 3.14236842105263
14345 2.89868421052632
14345 0.00263157894736842
14345 0.0197368421052632
14345 0.0184210526315789
14349 1.17684210526316
14349 0
14349 3.36789473684211
14349 2.46578947368421
14349 3.14236842105263
14349 2.89868421052632
14349 0.00263157894736842
14349 0.0197368421052632
14349 0.0184210526315789
14350 1.17684210526316
14350 0
14350 3.36789473684211
14350 2.46578947368421
14350 3.14236842105263
14350 2.89868421052632
14350 0.00263157894736842
14350 0.0197368421052632
14350 0.0184210526315789
14351 1.17684210526316
14351 0
14351 3.36789473684211
14351 2.46578947368421
14351 3.14236842105263
14351 2.89868421052632
14351 0.00263157894736842
14351 0.0197368421052632
14351 0.0184210526315789
14353 1.17684210526316
14353 0
14353 3.36789473684211
14353 2.46578947368421
14353 3.14236842105263
14353 2.89868421052632
14353 0.00263157894736842
14353 0.0197368421052632
14353 0.0184210526315789
14375 1.17684210526316
14375 0
14375 3.36789473684211
14375 2.46578947368421
14375 3.14236842105263
14375 2.89868421052632
14375 0.00263157894736842
14375 0.0197368421052632
14375 0.0184210526315789
14380 1.17684210526316
14380 0
14380 3.36789473684211
14380 2.46578947368421
14380 3.14236842105263
14380 2.89868421052632
14380 0.00263157894736842
14380 0.0197368421052632
14380 0.0184210526315789
14384 1.17684210526316
14384 0
14384 3.36789473684211
14384 2.46578947368421
14384 3.14236842105263
14384 2.89868421052632
14384 0.00263157894736842
14384 0.0197368421052632
14384 0.0184210526315789
14386 1.17684210526316
14386 0
14386 3.36789473684211
14386 2.46578947368421
14386 3.14236842105263
14386 2.89868421052632
14386 0.00263157894736842
14386 0.0197368421052632
14386 0.0184210526315789
14390 1.17684210526316
14390 0
14390 3.36789473684211
14390 2.46578947368421
14390 3.14236842105263
14390 2.89868421052632
14390 0.00263157894736842
14390 0.0197368421052632
14390 0.0184210526315789
14391 1.17684210526316
14391 0
14391 3.36789473684211
14391 2.46578947368421
14391 3.14236842105263
14391 2.89868421052632
14391 0.00263157894736842
14391 0.0197368421052632
14391 0.0184210526315789
14392 1.17684210526316
14392 0
14392 3.36789473684211
14392 2.46578947368421
14392 3.14236842105263
14392 2.89868421052632
14392 0.00263157894736842
14392 0.0197368421052632
14392 0.0184210526315789
14394 1.17684210526316
14394 0
14394 3.36789473684211
14394 2.46578947368421
14394 3.14236842105263
14394 2.89868421052632
14394 0.00263157894736842
14394 0.0197368421052632
14394 0.0184210526315789
14396 1.17684210526316
14396 0
14396 3.36789473684211
14396 2.46578947368421
14396 3.14236842105263
14396 2.89868421052632
14396 0.00263157894736842
14396 0.0197368421052632
14396 0.0184210526315789
14419 1.17684210526316
14419 0
14419 3.36789473684211
14419 2.46578947368421
14419 3.14236842105263
14419 2.89868421052632
14419 0.00263157894736842
14419 0.0197368421052632
14419 0.0184210526315789
14422 1.17684210526316
14422 0
14422 3.36789473684211
14422 2.46578947368421
14422 3.14236842105263
14422 2.89868421052632
14422 0.00263157894736842
14422 0.0197368421052632
14422 0.0184210526315789
14423 1.17684210526316
14423 0
14423 3.36789473684211
14423 2.46578947368421
14423 3.14236842105263
14423 2.89868421052632
14423 0.00263157894736842
14423 0.0197368421052632
14423 0.0184210526315789
14426 1.17684210526316
14426 0
14426 3.36789473684211
14426 2.46578947368421
14426 3.14236842105263
14426 2.89868421052632
14426 0.00263157894736842
14426 0.0197368421052632
14426 0.0184210526315789
14432 1.17684210526316
14432 0
14432 3.36789473684211
14432 2.46578947368421
14432 3.14236842105263
14432 2.89868421052632
14432 0.00263157894736842
14432 0.0197368421052632
14432 0.0184210526315789
14433 1.17684210526316
14433 0
14433 3.36789473684211
14433 2.46578947368421
14433 3.14236842105263
14433 2.89868421052632
14433 0.00263157894736842
14433 0.0197368421052632
14433 0.0184210526315789
14435 1.17684210526316
14435 0
14435 3.36789473684211
14435 2.46578947368421
14435 3.14236842105263
14435 2.89868421052632
14435 0.00263157894736842
14435 0.0197368421052632
14435 0.0184210526315789
14437 1.17684210526316
14437 0
14437 3.36789473684211
14437 2.46578947368421
14437 3.14236842105263
14437 2.89868421052632
14437 0.00263157894736842
14437 0.0197368421052632
14437 0.0184210526315789
14438 1.17684210526316
14438 0
14438 3.36789473684211
14438 2.46578947368421
14438 3.14236842105263
14438 2.89868421052632
14438 0.00263157894736842
14438 0.0197368421052632
14438 0.0184210526315789
14464 1.17684210526316
14464 0
14464 3.36789473684211
14464 2.46578947368421
14464 3.14236842105263
14464 2.89868421052632
14464 0.00263157894736842
14464 0.0197368421052632
14464 0.0184210526315789
14465 1.17684210526316
14465 0
14465 3.36789473684211
14465 2.46578947368421
14465 3.14236842105263
14465 2.89868421052632
14465 0.00263157894736842
14465 0.0197368421052632
14465 0.0184210526315789
14470 1.17684210526316
14470 0
14470 3.36789473684211
14470 2.46578947368421
14470 3.14236842105263
14470 2.89868421052632
14470 0.00263157894736842
14470 0.0197368421052632
14470 0.0184210526315789
14472 1.17684210526316
14472 0
14472 3.36789473684211
14472 2.46578947368421
14472 3.14236842105263
14472 2.89868421052632
14472 0.00263157894736842
14472 0.0197368421052632
14472 0.0184210526315789
14473 1.17684210526316
14473 0
14473 3.36789473684211
14473 2.46578947368421
14473 3.14236842105263
14473 2.89868421052632
14473 0.00263157894736842
14473 0.0197368421052632
14473 0.0184210526315789
14475 1.17684210526316
14475 0
14475 3.36789473684211
14475 2.46578947368421
14475 3.14236842105263
14475 2.89868421052632
14475 0.00263157894736842
14475 0.0197368421052632
14475 0.0184210526315789
14499 1.17684210526316
14499 0
14499 3.36789473684211
14499 2.46578947368421
14499 3.14236842105263
14499 2.89868421052632
14499 0.00263157894736842
14499 0.0197368421052632
14499 0.0184210526315789
14500 1.17684210526316
14500 0
14500 3.36789473684211
14500 2.46578947368421
14500 3.14236842105263
14500 2.89868421052632
14500 0.00263157894736842
14500 0.0197368421052632
14500 0.0184210526315789
14501 1.17684210526316
14501 0
14501 3.36789473684211
14501 2.46578947368421
14501 3.14236842105263
14501 2.89868421052632
14501 0.00263157894736842
14501 0.0197368421052632
14501 0.0184210526315789
14502 1.17684210526316
14502 0
14502 3.36789473684211
14502 2.46578947368421
14502 3.14236842105263
14502 2.89868421052632
14502 0.00263157894736842
14502 0.0197368421052632
14502 0.0184210526315789
14504 1.17684210526316
14504 0
14504 3.36789473684211
14504 2.46578947368421
14504 3.14236842105263
14504 2.89868421052632
14504 0.00263157894736842
14504 0.0197368421052632
14504 0.0184210526315789
14507 1.17684210526316
14507 0
14507 3.36789473684211
14507 2.46578947368421
14507 3.14236842105263
14507 2.89868421052632
14507 0.00263157894736842
14507 0.0197368421052632
14507 0.0184210526315789
14508 1.17684210526316
14508 0
14508 3.36789473684211
14508 2.46578947368421
14508 3.14236842105263
14508 2.89868421052632
14508 0.00263157894736842
14508 0.0197368421052632
14508 0.0184210526315789
14509 1.17684210526316
14509 0
14509 3.36789473684211
14509 2.46578947368421
14509 3.14236842105263
14509 2.89868421052632
14509 0.00263157894736842
14509 0.0197368421052632
14509 0.0184210526315789
14531 1.17684210526316
14531 0
14531 3.36789473684211
14531 2.46578947368421
14531 3.14236842105263
14531 2.89868421052632
14531 0.00263157894736842
14531 0.0197368421052632
14531 0.0184210526315789
14533 1.17684210526316
14533 0
14533 3.36789473684211
14533 2.46578947368421
14533 3.14236842105263
14533 2.89868421052632
14533 0.00263157894736842
14533 0.0197368421052632
14533 0.0184210526315789
14535 1.17684210526316
14535 0
14535 3.36789473684211
14535 2.46578947368421
14535 3.14236842105263
14535 2.89868421052632
14535 0.00263157894736842
14535 0.0197368421052632
14535 0.0184210526315789
14536 1.17684210526316
14536 0
14536 3.36789473684211
14536 2.46578947368421
14536 3.14236842105263
14536 2.89868421052632
14536 0.00263157894736842
14536 0.0197368421052632
14536 0.0184210526315789
14538 1.17684210526316
14538 0
14538 3.36789473684211
14538 2.46578947368421
14538 3.14236842105263
14538 2.89868421052632
14538 0.00263157894736842
14538 0.0197368421052632
14538 0.0184210526315789
14540 1.17684210526316
14540 0
14540 3.36789473684211
14540 2.46578947368421
14540 3.14236842105263
14540 2.89868421052632
14540 0.00263157894736842
14540 0.0197368421052632
14540 0.0184210526315789
14561 1.17684210526316
14561 0
14561 3.36789473684211
14561 2.46578947368421
14561 3.14236842105263
14561 2.89868421052632
14561 0.00263157894736842
14561 0.0197368421052632
14561 0.0184210526315789
14565 1.17684210526316
14565 0
14565 3.36789473684211
14565 2.46578947368421
14565 3.14236842105263
14565 2.89868421052632
14565 0.00263157894736842
14565 0.0197368421052632
14565 0.0184210526315789
14569 1.17684210526316
14569 0
14569 3.36789473684211
14569 2.46578947368421
14569 3.14236842105263
14569 2.89868421052632
14569 0.00263157894736842
14569 0.0197368421052632
14569 0.0184210526315789
14570 1.17684210526316
14570 0
14570 3.36789473684211
14570 2.46578947368421
14570 3.14236842105263
14570 2.89868421052632
14570 0.00263157894736842
14570 0.0197368421052632
14570 0.0184210526315789
14571 1.17684210526316
14571 0
14571 3.36789473684211
14571 2.46578947368421
14571 3.14236842105263
14571 2.89868421052632
14571 0.00263157894736842
14571 0.0197368421052632
14571 0.0184210526315789
14572 1.17684210526316
14572 0
14572 3.36789473684211
14572 2.46578947368421
14572 3.14236842105263
14572 2.89868421052632
14572 0.00263157894736842
14572 0.0197368421052632
14572 0.0184210526315789
14573 1.17684210526316
14573 0
14573 3.36789473684211
14573 2.46578947368421
14573 3.14236842105263
14573 2.89868421052632
14573 0.00263157894736842
14573 0.0197368421052632
14573 0.0184210526315789
14598 1.17684210526316
14598 0
14598 3.36789473684211
14598 2.46578947368421
14598 3.14236842105263
14598 2.89868421052632
14598 0.00263157894736842
14598 0.0197368421052632
14598 0.0184210526315789
14600 1.17684210526316
14600 0
14600 3.36789473684211
14600 2.46578947368421
14600 3.14236842105263
14600 2.89868421052632
14600 0.00263157894736842
14600 0.0197368421052632
14600 0.0184210526315789
14602 1.17684210526316
14602 0
14602 3.36789473684211
14602 2.46578947368421
14602 3.14236842105263
14602 2.89868421052632
14602 0.00263157894736842
14602 0.0197368421052632
14602 0.0184210526315789
14603 1.17684210526316
14603 0
14603 3.36789473684211
14603 2.46578947368421
14603 3.14236842105263
14603 2.89868421052632
14603 0.00263157894736842
14603 0.0197368421052632
14603 0.0184210526315789
14604 1.17684210526316
14604 0
14604 3.36789473684211
14604 2.46578947368421
14604 3.14236842105263
14604 2.89868421052632
14604 0.00263157894736842
14604 0.0197368421052632
14604 0.0184210526315789
14605 1.17684210526316
14605 0
14605 3.36789473684211
14605 2.46578947368421
14605 3.14236842105263
14605 2.89868421052632
14605 0.00263157894736842
14605 0.0197368421052632
14605 0.0184210526315789
14606 1.17684210526316
14606 0
14606 3.36789473684211
14606 2.46578947368421
14606 3.14236842105263
14606 2.89868421052632
14606 0.00263157894736842
14606 0.0197368421052632
14606 0.0184210526315789
14607 1.17684210526316
14607 0
14607 3.36789473684211
14607 2.46578947368421
14607 3.14236842105263
14607 2.89868421052632
14607 0.00263157894736842
14607 0.0197368421052632
14607 0.0184210526315789
14627 1.17684210526316
14627 0
14627 3.36789473684211
14627 2.46578947368421
14627 3.14236842105263
14627 2.89868421052632
14627 0.00263157894736842
14627 0.0197368421052632
14627 0.0184210526315789
14632 1.17684210526316
14632 0
14632 3.36789473684211
14632 2.46578947368421
14632 3.14236842105263
14632 2.89868421052632
14632 0.00263157894736842
14632 0.0197368421052632
14632 0.0184210526315789
14634 1.17684210526316
14634 0
14634 3.36789473684211
14634 2.46578947368421
14634 3.14236842105263
14634 2.89868421052632
14634 0.00263157894736842
14634 0.0197368421052632
14634 0.0184210526315789
14640 1.17684210526316
14640 0
14640 3.36789473684211
14640 2.46578947368421
14640 3.14236842105263
14640 2.89868421052632
14640 0.00263157894736842
14640 0.0197368421052632
14640 0.0184210526315789
14641 1.17684210526316
14641 0
14641 3.36789473684211
14641 2.46578947368421
14641 3.14236842105263
14641 2.89868421052632
14641 0.00263157894736842
14641 0.0197368421052632
14641 0.0184210526315789
14662 1.17684210526316
14662 0
14662 3.36789473684211
14662 2.46578947368421
14662 3.14236842105263
14662 2.89868421052632
14662 0.00263157894736842
14662 0.0197368421052632
14662 0.0184210526315789
14663 1.17684210526316
14663 0
14663 3.36789473684211
14663 2.46578947368421
14663 3.14236842105263
14663 2.89868421052632
14663 0.00263157894736842
14663 0.0197368421052632
14663 0.0184210526315789
14664 1.17684210526316
14664 0
14664 3.36789473684211
14664 2.46578947368421
14664 3.14236842105263
14664 2.89868421052632
14664 0.00263157894736842
14664 0.0197368421052632
14664 0.0184210526315789
14665 1.17684210526316
14665 0
14665 3.36789473684211
14665 2.46578947368421
14665 3.14236842105263
14665 2.89868421052632
14665 0.00263157894736842
14665 0.0197368421052632
14665 0.0184210526315789
14666 1.17684210526316
14666 0
14666 3.36789473684211
14666 2.46578947368421
14666 3.14236842105263
14666 2.89868421052632
14666 0.00263157894736842
14666 0.0197368421052632
14666 0.0184210526315789
14667 1.17684210526316
14667 0
14667 3.36789473684211
14667 2.46578947368421
14667 3.14236842105263
14667 2.89868421052632
14667 0.00263157894736842
14667 0.0197368421052632
14667 0.0184210526315789
14668 1.17684210526316
14668 0
14668 3.36789473684211
14668 2.46578947368421
14668 3.14236842105263
14668 2.89868421052632
14668 0.00263157894736842
14668 0.0197368421052632
14668 0.0184210526315789
14672 1.17684210526316
14672 0
14672 3.36789473684211
14672 2.46578947368421
14672 3.14236842105263
14672 2.89868421052632
14672 0.00263157894736842
14672 0.0197368421052632
14672 0.0184210526315789
14673 1.17684210526316
14673 0
14673 3.36789473684211
14673 2.46578947368421
14673 3.14236842105263
14673 2.89868421052632
14673 0.00263157894736842
14673 0.0197368421052632
14673 0.0184210526315789
14674 1.17684210526316
14674 0
14674 3.36789473684211
14674 2.46578947368421
14674 3.14236842105263
14674 2.89868421052632
14674 0.00263157894736842
14674 0.0197368421052632
14674 0.0184210526315789
14698 1.17684210526316
14698 0
14698 3.36789473684211
14698 2.46578947368421
14698 3.14236842105263
14698 2.89868421052632
14698 0.00263157894736842
14698 0.0197368421052632
14698 0.0184210526315789
14699 1.17684210526316
14699 0
14699 3.36789473684211
14699 2.46578947368421
14699 3.14236842105263
14699 2.89868421052632
14699 0.00263157894736842
14699 0.0197368421052632
14699 0.0184210526315789
14701 1.17684210526316
14701 0
14701 3.36789473684211
14701 2.46578947368421
14701 3.14236842105263
14701 2.89868421052632
14701 0.00263157894736842
14701 0.0197368421052632
14701 0.0184210526315789
14702 1.17684210526316
14702 0
14702 3.36789473684211
14702 2.46578947368421
14702 3.14236842105263
14702 2.89868421052632
14702 0.00263157894736842
14702 0.0197368421052632
14702 0.0184210526315789
14706 1.17684210526316
14706 0
14706 3.36789473684211
14706 2.46578947368421
14706 3.14236842105263
14706 2.89868421052632
14706 0.00263157894736842
14706 0.0197368421052632
14706 0.0184210526315789
14707 1.17684210526316
14707 0
14707 3.36789473684211
14707 2.46578947368421
14707 3.14236842105263
14707 2.89868421052632
14707 0.00263157894736842
14707 0.0197368421052632
14707 0.0184210526315789
14728 1.17684210526316
14728 0
14728 3.36789473684211
14728 2.46578947368421
14728 3.14236842105263
14728 2.89868421052632
14728 0.00263157894736842
14728 0.0197368421052632
14728 0.0184210526315789
14731 1.17684210526316
14731 0
14731 3.36789473684211
14731 2.46578947368421
14731 3.14236842105263
14731 2.89868421052632
14731 0.00263157894736842
14731 0.0197368421052632
14731 0.0184210526315789
14732 1.17684210526316
14732 0
14732 3.36789473684211
14732 2.46578947368421
14732 3.14236842105263
14732 2.89868421052632
14732 0.00263157894736842
14732 0.0197368421052632
14732 0.0184210526315789
14738 1.17684210526316
14738 0
14738 3.36789473684211
14738 2.46578947368421
14738 3.14236842105263
14738 2.89868421052632
14738 0.00263157894736842
14738 0.0197368421052632
14738 0.0184210526315789
14760 1.17684210526316
14760 0
14760 3.36789473684211
14760 2.46578947368421
14760 3.14236842105263
14760 2.89868421052632
14760 0.00263157894736842
14760 0.0197368421052632
14760 0.0184210526315789
14761 1.17684210526316
14761 0
14761 3.36789473684211
14761 2.46578947368421
14761 3.14236842105263
14761 2.89868421052632
14761 0.00263157894736842
14761 0.0197368421052632
14761 0.0184210526315789
14762 1.17684210526316
14762 0
14762 3.36789473684211
14762 2.46578947368421
14762 3.14236842105263
14762 2.89868421052632
14762 0.00263157894736842
14762 0.0197368421052632
14762 0.0184210526315789
14763 1.17684210526316
14763 0
14763 3.36789473684211
14763 2.46578947368421
14763 3.14236842105263
14763 2.89868421052632
14763 0.00263157894736842
14763 0.0197368421052632
14763 0.0184210526315789
14767 1.17684210526316
14767 0
14767 3.36789473684211
14767 2.46578947368421
14767 3.14236842105263
14767 2.89868421052632
14767 0.00263157894736842
14767 0.0197368421052632
14767 0.0184210526315789
14768 1.17684210526316
14768 0
14768 3.36789473684211
14768 2.46578947368421
14768 3.14236842105263
14768 2.89868421052632
14768 0.00263157894736842
14768 0.0197368421052632
14768 0.0184210526315789
14770 1.17684210526316
14770 0
14770 3.36789473684211
14770 2.46578947368421
14770 3.14236842105263
14770 2.89868421052632
14770 0.00263157894736842
14770 0.0197368421052632
14770 0.0184210526315789
14793 1.17684210526316
14793 0
14793 3.36789473684211
14793 2.46578947368421
14793 3.14236842105263
14793 2.89868421052632
14793 0.00263157894736842
14793 0.0197368421052632
14793 0.0184210526315789
14795 1.17684210526316
14795 0
14795 3.36789473684211
14795 2.46578947368421
14795 3.14236842105263
14795 2.89868421052632
14795 0.00263157894736842
14795 0.0197368421052632
14795 0.0184210526315789
14796 1.17684210526316
14796 0
14796 3.36789473684211
14796 2.46578947368421
14796 3.14236842105263
14796 2.89868421052632
14796 0.00263157894736842
14796 0.0197368421052632
14796 0.0184210526315789
14799 1.17684210526316
14799 0
14799 3.36789473684211
14799 2.46578947368421
14799 3.14236842105263
14799 2.89868421052632
14799 0.00263157894736842
14799 0.0197368421052632
14799 0.0184210526315789
14802 1.17684210526316
14802 0
14802 3.36789473684211
14802 2.46578947368421
14802 3.14236842105263
14802 2.89868421052632
14802 0.00263157894736842
14802 0.0197368421052632
14802 0.0184210526315789
14825 1.17684210526316
14825 0
14825 3.36789473684211
14825 2.46578947368421
14825 3.14236842105263
14825 2.89868421052632
14825 0.00263157894736842
14825 0.0197368421052632
14825 0.0184210526315789
14826 1.17684210526316
14826 0
14826 3.36789473684211
14826 2.46578947368421
14826 3.14236842105263
14826 2.89868421052632
14826 0.00263157894736842
14826 0.0197368421052632
14826 0.0184210526315789
14827 1.17684210526316
14827 0
14827 3.36789473684211
14827 2.46578947368421
14827 3.14236842105263
14827 2.89868421052632
14827 0.00263157894736842
14827 0.0197368421052632
14827 0.0184210526315789
14828 1.17684210526316
14828 0
14828 3.36789473684211
14828 2.46578947368421
14828 3.14236842105263
14828 2.89868421052632
14828 0.00263157894736842
14828 0.0197368421052632
14828 0.0184210526315789
14830 1.17684210526316
14830 0
14830 3.36789473684211
14830 2.46578947368421
14830 3.14236842105263
14830 2.89868421052632
14830 0.00263157894736842
14830 0.0197368421052632
14830 0.0184210526315789
14831 1.17684210526316
14831 0
14831 3.36789473684211
14831 2.46578947368421
14831 3.14236842105263
14831 2.89868421052632
14831 0.00263157894736842
14831 0.0197368421052632
14831 0.0184210526315789
14857 1.17684210526316
14857 0
14857 3.36789473684211
14857 2.46578947368421
14857 3.14236842105263
14857 2.89868421052632
14857 0.00263157894736842
14857 0.0197368421052632
14857 0.0184210526315789
14886 1.17684210526316
14886 0
14886 3.36789473684211
14886 2.46578947368421
14886 3.14236842105263
14886 2.89868421052632
14886 0.00263157894736842
14886 0.0197368421052632
14886 0.0184210526315789
14887 1.17684210526316
14887 0
14887 3.36789473684211
14887 2.46578947368421
14887 3.14236842105263
14887 2.89868421052632
14887 0.00263157894736842
14887 0.0197368421052632
14887 0.0184210526315789
14907 1.17684210526316
14907 0
14907 3.36789473684211
14907 2.46578947368421
14907 3.14236842105263
14907 2.89868421052632
14907 0.00263157894736842
14907 0.0197368421052632
14907 0.0184210526315789
14911 1.17684210526316
14911 0
14911 3.36789473684211
14911 2.46578947368421
14911 3.14236842105263
14911 2.89868421052632
14911 0.00263157894736842
14911 0.0197368421052632
14911 0.0184210526315789
14913 1.17684210526316
14913 0
14913 3.36789473684211
14913 2.46578947368421
14913 3.14236842105263
14913 2.89868421052632
14913 0.00263157894736842
14913 0.0197368421052632
14913 0.0184210526315789
14915 1.17684210526316
14915 0
14915 3.36789473684211
14915 2.46578947368421
14915 3.14236842105263
14915 2.89868421052632
14915 0.00263157894736842
14915 0.0197368421052632
14915 0.0184210526315789
14989 1.17684210526316
14989 0
14989 3.36789473684211
14989 2.46578947368421
14989 3.14236842105263
14989 2.89868421052632
14989 0.00263157894736842
14989 0.0197368421052632
14989 0.0184210526315789
14990 1.17684210526316
14990 0
14990 3.36789473684211
14990 2.46578947368421
14990 3.14236842105263
14990 2.89868421052632
14990 0.00263157894736842
14990 0.0197368421052632
14990 0.0184210526315789
15037 1.17684210526316
15037 0
15037 3.36789473684211
15037 2.46578947368421
15037 3.14236842105263
15037 2.89868421052632
15037 0.00263157894736842
15037 0.0197368421052632
15037 0.0184210526315789
15039 1.17684210526316
15039 0
15039 3.36789473684211
15039 2.46578947368421
15039 3.14236842105263
15039 2.89868421052632
15039 0.00263157894736842
15039 0.0197368421052632
15039 0.0184210526315789
15040 1.17684210526316
15040 0
15040 3.36789473684211
15040 2.46578947368421
15040 3.14236842105263
15040 2.89868421052632
15040 0.00263157894736842
15040 0.0197368421052632
15040 0.0184210526315789
15043 1.17684210526316
15043 0
15043 3.36789473684211
15043 2.46578947368421
15043 3.14236842105263
15043 2.89868421052632
15043 0.00263157894736842
15043 0.0197368421052632
15043 0.0184210526315789
15064 1.17684210526316
15064 0
15064 3.36789473684211
15064 2.46578947368421
15064 3.14236842105263
15064 2.89868421052632
15064 0.00263157894736842
15064 0.0197368421052632
15064 0.0184210526315789
15065 1.17684210526316
15065 0
15065 3.36789473684211
15065 2.46578947368421
15065 3.14236842105263
15065 2.89868421052632
15065 0.00263157894736842
15065 0.0197368421052632
15065 0.0184210526315789
15066 1.17684210526316
15066 0
15066 3.36789473684211
15066 2.46578947368421
15066 3.14236842105263
15066 2.89868421052632
15066 0.00263157894736842
15066 0.0197368421052632
15066 0.0184210526315789
15067 1.17684210526316
15067 0
15067 3.36789473684211
15067 2.46578947368421
15067 3.14236842105263
15067 2.89868421052632
15067 0.00263157894736842
15067 0.0197368421052632
15067 0.0184210526315789
15068 1.17684210526316
15068 0
15068 3.36789473684211
15068 2.46578947368421
15068 3.14236842105263
15068 2.89868421052632
15068 0.00263157894736842
15068 0.0197368421052632
15068 0.0184210526315789
15070 1.17684210526316
15070 0
15070 3.36789473684211
15070 2.46578947368421
15070 3.14236842105263
15070 2.89868421052632
15070 0.00263157894736842
15070 0.0197368421052632
15070 0.0184210526315789
15094 1.17684210526316
15094 0
15094 3.36789473684211
15094 2.46578947368421
15094 3.14236842105263
15094 2.89868421052632
15094 0.00263157894736842
15094 0.0197368421052632
15094 0.0184210526315789
15095 1.17684210526316
15095 0
15095 3.36789473684211
15095 2.46578947368421
15095 3.14236842105263
15095 2.89868421052632
15095 0.00263157894736842
15095 0.0197368421052632
15095 0.0184210526315789
15096 1.17684210526316
15096 0
15096 3.36789473684211
15096 2.46578947368421
15096 3.14236842105263
15096 2.89868421052632
15096 0.00263157894736842
15096 0.0197368421052632
15096 0.0184210526315789
15098 1.17684210526316
15098 0
15098 3.36789473684211
15098 2.46578947368421
15098 3.14236842105263
15098 2.89868421052632
15098 0.00263157894736842
15098 0.0197368421052632
15098 0.0184210526315789
15099 1.17684210526316
15099 0
15099 3.36789473684211
15099 2.46578947368421
15099 3.14236842105263
15099 2.89868421052632
15099 0.00263157894736842
15099 0.0197368421052632
15099 0.0184210526315789
15100 1.17684210526316
15100 0
15100 3.36789473684211
15100 2.46578947368421
15100 3.14236842105263
15100 2.89868421052632
15100 0.00263157894736842
15100 0.0197368421052632
15100 0.0184210526315789
15126 1.17684210526316
15126 0
15126 3.36789473684211
15126 2.46578947368421
15126 3.14236842105263
15126 2.89868421052632
15126 0.00263157894736842
15126 0.0197368421052632
15126 0.0184210526315789
15127 1.17684210526316
15127 0
15127 3.36789473684211
15127 2.46578947368421
15127 3.14236842105263
15127 2.89868421052632
15127 0.00263157894736842
15127 0.0197368421052632
15127 0.0184210526315789
15128 1.17684210526316
15128 0
15128 3.36789473684211
15128 2.46578947368421
15128 3.14236842105263
15128 2.89868421052632
15128 0.00263157894736842
15128 0.0197368421052632
15128 0.0184210526315789
15130 1.17684210526316
15130 0
15130 3.36789473684211
15130 2.46578947368421
15130 3.14236842105263
15130 2.89868421052632
15130 0.00263157894736842
15130 0.0197368421052632
15130 0.0184210526315789
15131 1.17684210526316
15131 0
15131 3.36789473684211
15131 2.46578947368421
15131 3.14236842105263
15131 2.89868421052632
15131 0.00263157894736842
15131 0.0197368421052632
15131 0.0184210526315789
15132 1.17684210526316
15132 0
15132 3.36789473684211
15132 2.46578947368421
15132 3.14236842105263
15132 2.89868421052632
15132 0.00263157894736842
15132 0.0197368421052632
15132 0.0184210526315789
15133 1.17684210526316
15133 0
15133 3.36789473684211
15133 2.46578947368421
15133 3.14236842105263
15133 2.89868421052632
15133 0.00263157894736842
15133 0.0197368421052632
15133 0.0184210526315789
15134 1.17684210526316
15134 0
15134 3.36789473684211
15134 2.46578947368421
15134 3.14236842105263
15134 2.89868421052632
15134 0.00263157894736842
15134 0.0197368421052632
15134 0.0184210526315789
15135 1.17684210526316
15135 0
15135 3.36789473684211
15135 2.46578947368421
15135 3.14236842105263
15135 2.89868421052632
15135 0.00263157894736842
15135 0.0197368421052632
15135 0.0184210526315789
15136 1.17684210526316
15136 0
15136 3.36789473684211
15136 2.46578947368421
15136 3.14236842105263
15136 2.89868421052632
15136 0.00263157894736842
15136 0.0197368421052632
15136 0.0184210526315789
15137 1.17684210526316
15137 0
15137 3.36789473684211
15137 2.46578947368421
15137 3.14236842105263
15137 2.89868421052632
15137 0.00263157894736842
15137 0.0197368421052632
15137 0.0184210526315789
15170 1.17684210526316
15170 0
15170 3.36789473684211
15170 2.46578947368421
15170 3.14236842105263
15170 2.89868421052632
15170 0.00263157894736842
15170 0.0197368421052632
15170 0.0184210526315789
15173 1.17684210526316
15173 0
15173 3.36789473684211
15173 2.46578947368421
15173 3.14236842105263
15173 2.89868421052632
15173 0.00263157894736842
15173 0.0197368421052632
15173 0.0184210526315789
15174 1.17684210526316
15174 0
15174 3.36789473684211
15174 2.46578947368421
15174 3.14236842105263
15174 2.89868421052632
15174 0.00263157894736842
15174 0.0197368421052632
15174 0.0184210526315789
15175 1.17684210526316
15175 0
15175 3.36789473684211
15175 2.46578947368421
15175 3.14236842105263
15175 2.89868421052632
15175 0.00263157894736842
15175 0.0197368421052632
15175 0.0184210526315789
15176 1.17684210526316
15176 0
15176 3.36789473684211
15176 2.46578947368421
15176 3.14236842105263
15176 2.89868421052632
15176 0.00263157894736842
15176 0.0197368421052632
15176 0.0184210526315789
15177 1.17684210526316
15177 0
15177 3.36789473684211
15177 2.46578947368421
15177 3.14236842105263
15177 2.89868421052632
15177 0.00263157894736842
15177 0.0197368421052632
15177 0.0184210526315789
15178 1.17684210526316
15178 0
15178 3.36789473684211
15178 2.46578947368421
15178 3.14236842105263
15178 2.89868421052632
15178 0.00263157894736842
15178 0.0197368421052632
15178 0.0184210526315789
15215 1.17684210526316
15215 0
15215 3.36789473684211
15215 2.46578947368421
15215 3.14236842105263
15215 2.89868421052632
15215 0.00263157894736842
15215 0.0197368421052632
15215 0.0184210526315789
15216 1.17684210526316
15216 0
15216 3.36789473684211
15216 2.46578947368421
15216 3.14236842105263
15216 2.89868421052632
15216 0.00263157894736842
15216 0.0197368421052632
15216 0.0184210526315789
15217 1.17684210526316
15217 0
15217 3.36789473684211
15217 2.46578947368421
15217 3.14236842105263
15217 2.89868421052632
15217 0.00263157894736842
15217 0.0197368421052632
15217 0.0184210526315789
15218 1.17684210526316
15218 0
15218 3.36789473684211
15218 2.46578947368421
15218 3.14236842105263
15218 2.89868421052632
15218 0.00263157894736842
15218 0.0197368421052632
15218 0.0184210526315789
15219 1.17684210526316
15219 0
15219 3.36789473684211
15219 2.46578947368421
15219 3.14236842105263
15219 2.89868421052632
15219 0.00263157894736842
15219 0.0197368421052632
15219 0.0184210526315789
15220 1.17684210526316
15220 0
15220 3.36789473684211
15220 2.46578947368421
15220 3.14236842105263
15220 2.89868421052632
15220 0.00263157894736842
15220 0.0197368421052632
15220 0.0184210526315789
15221 1.17684210526316
15221 0
15221 3.36789473684211
15221 2.46578947368421
15221 3.14236842105263
15221 2.89868421052632
15221 0.00263157894736842
15221 0.0197368421052632
15221 0.0184210526315789
15222 1.17684210526316
15222 0
15222 3.36789473684211
15222 2.46578947368421
15222 3.14236842105263
15222 2.89868421052632
15222 0.00263157894736842
15222 0.0197368421052632
15222 0.0184210526315789
15262 1.17684210526316
15262 0
15262 3.36789473684211
15262 2.46578947368421
15262 3.14236842105263
15262 2.89868421052632
15262 0.00263157894736842
15262 0.0197368421052632
15262 0.0184210526315789
15263 1.17684210526316
15263 0
15263 3.36789473684211
15263 2.46578947368421
15263 3.14236842105263
15263 2.89868421052632
15263 0.00263157894736842
15263 0.0197368421052632
15263 0.0184210526315789
15264 1.17684210526316
15264 0
15264 3.36789473684211
15264 2.46578947368421
15264 3.14236842105263
15264 2.89868421052632
15264 0.00263157894736842
15264 0.0197368421052632
15264 0.0184210526315789
15265 1.17684210526316
15265 0
15265 3.36789473684211
15265 2.46578947368421
15265 3.14236842105263
15265 2.89868421052632
15265 0.00263157894736842
15265 0.0197368421052632
15265 0.0184210526315789
15266 1.17684210526316
15266 0
15266 3.36789473684211
15266 2.46578947368421
15266 3.14236842105263
15266 2.89868421052632
15266 0.00263157894736842
15266 0.0197368421052632
15266 0.0184210526315789
15267 1.17684210526316
15267 0
15267 3.36789473684211
15267 2.46578947368421
15267 3.14236842105263
15267 2.89868421052632
15267 0.00263157894736842
15267 0.0197368421052632
15267 0.0184210526315789
15268 1.17684210526316
15268 0
15268 3.36789473684211
15268 2.46578947368421
15268 3.14236842105263
15268 2.89868421052632
15268 0.00263157894736842
15268 0.0197368421052632
15268 0.0184210526315789
15269 1.17684210526316
15269 0
15269 3.36789473684211
15269 2.46578947368421
15269 3.14236842105263
15269 2.89868421052632
15269 0.00263157894736842
15269 0.0197368421052632
15269 0.0184210526315789
15270 1.17684210526316
15270 0
15270 3.36789473684211
15270 2.46578947368421
15270 3.14236842105263
15270 2.89868421052632
15270 0.00263157894736842
15270 0.0197368421052632
15270 0.0184210526315789
15310 1.17684210526316
15310 0
15310 3.36789473684211
15310 2.46578947368421
15310 3.14236842105263
15310 2.89868421052632
15310 0.00263157894736842
15310 0.0197368421052632
15310 0.0184210526315789
15311 1.17684210526316
15311 0
15311 3.36789473684211
15311 2.46578947368421
15311 3.14236842105263
15311 2.89868421052632
15311 0.00263157894736842
15311 0.0197368421052632
15311 0.0184210526315789
15313 1.17684210526316
15313 0
15313 3.36789473684211
15313 2.46578947368421
15313 3.14236842105263
15313 2.89868421052632
15313 0.00263157894736842
15313 0.0197368421052632
15313 0.0184210526315789
15315 1.17684210526316
15315 0
15315 3.36789473684211
15315 2.46578947368421
15315 3.14236842105263
15315 2.89868421052632
15315 0.00263157894736842
15315 0.0197368421052632
15315 0.0184210526315789
15316 1.17684210526316
15316 0
15316 3.36789473684211
15316 2.46578947368421
15316 3.14236842105263
15316 2.89868421052632
15316 0.00263157894736842
15316 0.0197368421052632
15316 0.0184210526315789
15317 1.17684210526316
15317 0
15317 3.36789473684211
15317 2.46578947368421
15317 3.14236842105263
15317 2.89868421052632
15317 0.00263157894736842
15317 0.0197368421052632
15317 0.0184210526315789
15318 1.17684210526316
15318 0
15318 3.36789473684211
15318 2.46578947368421
15318 3.14236842105263
15318 2.89868421052632
15318 0.00263157894736842
15318 0.0197368421052632
15318 0.0184210526315789
15366 1.17684210526316
15366 0
15366 3.36789473684211
15366 2.46578947368421
15366 3.14236842105263
15366 2.89868421052632
15366 0.00263157894736842
15366 0.0197368421052632
15366 0.0184210526315789
15367 1.17684210526316
15367 0
15367 3.36789473684211
15367 2.46578947368421
15367 3.14236842105263
15367 2.89868421052632
15367 0.00263157894736842
15367 0.0197368421052632
15367 0.0184210526315789
15369 1.17684210526316
15369 0
15369 3.36789473684211
15369 2.46578947368421
15369 3.14236842105263
15369 2.89868421052632
15369 0.00263157894736842
15369 0.0197368421052632
15369 0.0184210526315789
15370 1.17684210526316
15370 0
15370 3.36789473684211
15370 2.46578947368421
15370 3.14236842105263
15370 2.89868421052632
15370 0.00263157894736842
15370 0.0197368421052632
15370 0.0184210526315789
15371 1.17684210526316
15371 0
15371 3.36789473684211
15371 2.46578947368421
15371 3.14236842105263
15371 2.89868421052632
15371 0.00263157894736842
15371 0.0197368421052632
15371 0.0184210526315789
15372 1.17684210526316
15372 0
15372 3.36789473684211
15372 2.46578947368421
15372 3.14236842105263
15372 2.89868421052632
15372 0.00263157894736842
15372 0.0197368421052632
15372 0.0184210526315789
15423 1.17684210526316
15423 0
15423 3.36789473684211
15423 2.46578947368421
15423 3.14236842105263
15423 2.89868421052632
15423 0.00263157894736842
15423 0.0197368421052632
15423 0.0184210526315789
15425 1.17684210526316
15425 0
15425 3.36789473684211
15425 2.46578947368421
15425 3.14236842105263
15425 2.89868421052632
15425 0.00263157894736842
15425 0.0197368421052632
15425 0.0184210526315789
15426 1.17684210526316
15426 0
15426 3.36789473684211
15426 2.46578947368421
15426 3.14236842105263
15426 2.89868421052632
15426 0.00263157894736842
15426 0.0197368421052632
15426 0.0184210526315789
15427 1.17684210526316
15427 0
15427 3.36789473684211
15427 2.46578947368421
15427 3.14236842105263
15427 2.89868421052632
15427 0.00263157894736842
15427 0.0197368421052632
15427 0.0184210526315789
15428 1.17684210526316
15428 0
15428 3.36789473684211
15428 2.46578947368421
15428 3.14236842105263
15428 2.89868421052632
15428 0.00263157894736842
15428 0.0197368421052632
15428 0.0184210526315789
15429 1.17684210526316
15429 0
15429 3.36789473684211
15429 2.46578947368421
15429 3.14236842105263
15429 2.89868421052632
15429 0.00263157894736842
15429 0.0197368421052632
15429 0.0184210526315789
15430 1.17684210526316
15430 0
15430 3.36789473684211
15430 2.46578947368421
15430 3.14236842105263
15430 2.89868421052632
15430 0.00263157894736842
15430 0.0197368421052632
15430 0.0184210526315789
15431 1.17684210526316
15431 0
15431 3.36789473684211
15431 2.46578947368421
15431 3.14236842105263
15431 2.89868421052632
15431 0.00263157894736842
15431 0.0197368421052632
15431 0.0184210526315789
15489 1.17684210526316
15489 0
15489 3.36789473684211
15489 2.46578947368421
15489 3.14236842105263
15489 2.89868421052632
15489 0.00263157894736842
15489 0.0197368421052632
15489 0.0184210526315789
15490 1.17684210526316
15490 0
15490 3.36789473684211
15490 2.46578947368421
15490 3.14236842105263
15490 2.89868421052632
15490 0.00263157894736842
15490 0.0197368421052632
15490 0.0184210526315789
15491 1.17684210526316
15491 0
15491 3.36789473684211
15491 2.46578947368421
15491 3.14236842105263
15491 2.89868421052632
15491 0.00263157894736842
15491 0.0197368421052632
15491 0.0184210526315789
15492 1.17684210526316
15492 0
15492 3.36789473684211
15492 2.46578947368421
15492 3.14236842105263
15492 2.89868421052632
15492 0.00263157894736842
15492 0.0197368421052632
15492 0.0184210526315789
15493 1.17684210526316
15493 0
15493 3.36789473684211
15493 2.46578947368421
15493 3.14236842105263
15493 2.89868421052632
15493 0.00263157894736842
15493 0.0197368421052632
15493 0.0184210526315789
15494 1.17684210526316
15494 0
15494 3.36789473684211
15494 2.46578947368421
15494 3.14236842105263
15494 2.89868421052632
15494 0.00263157894736842
15494 0.0197368421052632
15494 0.0184210526315789
15513 1.17684210526316
15513 0
15513 3.36789473684211
15513 2.46578947368421
15513 3.14236842105263
15513 2.89868421052632
15513 0.00263157894736842
15513 0.0197368421052632
15513 0.0184210526315789
15552 1.17684210526316
15552 0
15552 3.36789473684211
15552 2.46578947368421
15552 3.14236842105263
15552 2.89868421052632
15552 0.00263157894736842
15552 0.0197368421052632
15552 0.0184210526315789
15556 1.17684210526316
15556 0
15556 3.36789473684211
15556 2.46578947368421
15556 3.14236842105263
15556 2.89868421052632
15556 0.00263157894736842
15556 0.0197368421052632
15556 0.0184210526315789
15557 1.17684210526316
15557 0
15557 3.36789473684211
15557 2.46578947368421
15557 3.14236842105263
15557 2.89868421052632
15557 0.00263157894736842
15557 0.0197368421052632
15557 0.0184210526315789
15558 1.17684210526316
15558 0
15558 3.36789473684211
15558 2.46578947368421
15558 3.14236842105263
15558 2.89868421052632
15558 0.00263157894736842
15558 0.0197368421052632
15558 0.0184210526315789
15616 1.17684210526316
15616 0
15616 3.36789473684211
15616 2.46578947368421
15616 3.14236842105263
15616 2.89868421052632
15616 0.00263157894736842
15616 0.0197368421052632
15616 0.0184210526315789
15619 1.17684210526316
15619 0
15619 3.36789473684211
15619 2.46578947368421
15619 3.14236842105263
15619 2.89868421052632
15619 0.00263157894736842
15619 0.0197368421052632
15619 0.0184210526315789
15620 1.17684210526316
15620 0
15620 3.36789473684211
15620 2.46578947368421
15620 3.14236842105263
15620 2.89868421052632
15620 0.00263157894736842
15620 0.0197368421052632
15620 0.0184210526315789
15621 1.17684210526316
15621 0
15621 3.36789473684211
15621 2.46578947368421
15621 3.14236842105263
15621 2.89868421052632
15621 0.00263157894736842
15621 0.0197368421052632
15621 0.0184210526315789
15622 1.17684210526316
15622 0
15622 3.36789473684211
15622 2.46578947368421
15622 3.14236842105263
15622 2.89868421052632
15622 0.00263157894736842
15622 0.0197368421052632
15622 0.0184210526315789
15681 1.17684210526316
15681 0
15681 3.36789473684211
15681 2.46578947368421
15681 3.14236842105263
15681 2.89868421052632
15681 0.00263157894736842
15681 0.0197368421052632
15681 0.0184210526315789
15683 1.17684210526316
15683 0
15683 3.36789473684211
15683 2.46578947368421
15683 3.14236842105263
15683 2.89868421052632
15683 0.00263157894736842
15683 0.0197368421052632
15683 0.0184210526315789
15684 1.17684210526316
15684 0
15684 3.36789473684211
15684 2.46578947368421
15684 3.14236842105263
15684 2.89868421052632
15684 0.00263157894736842
15684 0.0197368421052632
15684 0.0184210526315789
15685 1.17684210526316
15685 0
15685 3.36789473684211
15685 2.46578947368421
15685 3.14236842105263
15685 2.89868421052632
15685 0.00263157894736842
15685 0.0197368421052632
15685 0.0184210526315789
15686 1.17684210526316
15686 0
15686 3.36789473684211
15686 2.46578947368421
15686 3.14236842105263
15686 2.89868421052632
15686 0.00263157894736842
15686 0.0197368421052632
15686 0.0184210526315789
15748 1.17684210526316
15748 0
15748 3.36789473684211
15748 2.46578947368421
15748 3.14236842105263
15748 2.89868421052632
15748 0.00263157894736842
15748 0.0197368421052632
15748 0.0184210526315789
15750 1.17684210526316
15750 0
15750 3.36789473684211
15750 2.46578947368421
15750 3.14236842105263
15750 2.89868421052632
15750 0.00263157894736842
15750 0.0197368421052632
15750 0.0184210526315789
15751 1.17684210526316
15751 0
15751 3.36789473684211
15751 2.46578947368421
15751 3.14236842105263
15751 2.89868421052632
15751 0.00263157894736842
15751 0.0197368421052632
15751 0.0184210526315789
15752 1.17684210526316
15752 0
15752 3.36789473684211
15752 2.46578947368421
15752 3.14236842105263
15752 2.89868421052632
15752 0.00263157894736842
15752 0.0197368421052632
15752 0.0184210526315789
15753 1.17684210526316
15753 0
15753 3.36789473684211
15753 2.46578947368421
15753 3.14236842105263
15753 2.89868421052632
15753 0.00263157894736842
15753 0.0197368421052632
15753 0.0184210526315789
15754 1.17684210526316
15754 0
15754 3.36789473684211
15754 2.46578947368421
15754 3.14236842105263
15754 2.89868421052632
15754 0.00263157894736842
15754 0.0197368421052632
15754 0.0184210526315789
15817 1.17684210526316
15817 0
15817 3.36789473684211
15817 2.46578947368421
15817 3.14236842105263
15817 2.89868421052632
15817 0.00263157894736842
15817 0.0197368421052632
15817 0.0184210526315789
15818 1.17684210526316
15818 0
15818 3.36789473684211
15818 2.46578947368421
15818 3.14236842105263
15818 2.89868421052632
15818 0.00263157894736842
15818 0.0197368421052632
15818 0.0184210526315789
15819 1.17684210526316
15819 0
15819 3.36789473684211
15819 2.46578947368421
15819 3.14236842105263
15819 2.89868421052632
15819 0.00263157894736842
15819 0.0197368421052632
15819 0.0184210526315789
15820 1.17684210526316
15820 0
15820 3.36789473684211
15820 2.46578947368421
15820 3.14236842105263
15820 2.89868421052632
15820 0.00263157894736842
15820 0.0197368421052632
15820 0.0184210526315789
15821 1.17684210526316
15821 0
15821 3.36789473684211
15821 2.46578947368421
15821 3.14236842105263
15821 2.89868421052632
15821 0.00263157894736842
15821 0.0197368421052632
15821 0.0184210526315789
15822 1.17684210526316
15822 0
15822 3.36789473684211
15822 2.46578947368421
15822 3.14236842105263
15822 2.89868421052632
15822 0.00263157894736842
15822 0.0197368421052632
15822 0.0184210526315789
15881 1.17684210526316
15881 0
15881 3.36789473684211
15881 2.46578947368421
15881 3.14236842105263
15881 2.89868421052632
15881 0.00263157894736842
15881 0.0197368421052632
15881 0.0184210526315789
15882 1.17684210526316
15882 0
15882 3.36789473684211
15882 2.46578947368421
15882 3.14236842105263
15882 2.89868421052632
15882 0.00263157894736842
15882 0.0197368421052632
15882 0.0184210526315789
15884 1.17684210526316
15884 0
15884 3.36789473684211
15884 2.46578947368421
15884 3.14236842105263
15884 2.89868421052632
15884 0.00263157894736842
15884 0.0197368421052632
15884 0.0184210526315789
15885 1.17684210526316
15885 0
15885 3.36789473684211
15885 2.46578947368421
15885 3.14236842105263
15885 2.89868421052632
15885 0.00263157894736842
15885 0.0197368421052632
15885 0.0184210526315789
15886 1.17684210526316
15886 0
15886 3.36789473684211
15886 2.46578947368421
15886 3.14236842105263
15886 2.89868421052632
15886 0.00263157894736842
15886 0.0197368421052632
15886 0.0184210526315789
15887 1.17684210526316
15887 0
15887 3.36789473684211
15887 2.46578947368421
15887 3.14236842105263
15887 2.89868421052632
15887 0.00263157894736842
15887 0.0197368421052632
15887 0.0184210526315789
15945 1.17684210526316
15945 0
15945 3.36789473684211
15945 2.46578947368421
15945 3.14236842105263
15945 2.89868421052632
15945 0.00263157894736842
15945 0.0197368421052632
15945 0.0184210526315789
15946 1.17684210526316
15946 0
15946 3.36789473684211
15946 2.46578947368421
15946 3.14236842105263
15946 2.89868421052632
15946 0.00263157894736842
15946 0.0197368421052632
15946 0.0184210526315789
15947 1.17684210526316
15947 0
15947 3.36789473684211
15947 2.46578947368421
15947 3.14236842105263
15947 2.89868421052632
15947 0.00263157894736842
15947 0.0197368421052632
15947 0.0184210526315789
15948 1.17684210526316
15948 0
15948 3.36789473684211
15948 2.46578947368421
15948 3.14236842105263
15948 2.89868421052632
15948 0.00263157894736842
15948 0.0197368421052632
15948 0.0184210526315789
15949 1.17684210526316
15949 0
15949 3.36789473684211
15949 2.46578947368421
15949 3.14236842105263
15949 2.89868421052632
15949 0.00263157894736842
15949 0.0197368421052632
15949 0.0184210526315789
15950 1.17684210526316
15950 0
15950 3.36789473684211
15950 2.46578947368421
15950 3.14236842105263
15950 2.89868421052632
15950 0.00263157894736842
15950 0.0197368421052632
15950 0.0184210526315789
15951 1.17684210526316
15951 0
15951 3.36789473684211
15951 2.46578947368421
15951 3.14236842105263
15951 2.89868421052632
15951 0.00263157894736842
15951 0.0197368421052632
15951 0.0184210526315789
15997 1.17684210526316
15997 0
15997 3.36789473684211
15997 2.46578947368421
15997 3.14236842105263
15997 2.89868421052632
15997 0.00263157894736842
15997 0.0197368421052632
15997 0.0184210526315789
16000 1.17684210526316
16000 0
16000 3.36789473684211
16000 2.46578947368421
16000 3.14236842105263
16000 2.89868421052632
16000 0.00263157894736842
16000 0.0197368421052632
16000 0.0184210526315789
16001 1.17684210526316
16001 0
16001 3.36789473684211
16001 2.46578947368421
16001 3.14236842105263
16001 2.89868421052632
16001 0.00263157894736842
16001 0.0197368421052632
16001 0.0184210526315789
16002 1.17684210526316
16002 0
16002 3.36789473684211
16002 2.46578947368421
16002 3.14236842105263
16002 2.89868421052632
16002 0.00263157894736842
16002 0.0197368421052632
16002 0.0184210526315789
16003 1.17684210526316
16003 0
16003 3.36789473684211
16003 2.46578947368421
16003 3.14236842105263
16003 2.89868421052632
16003 0.00263157894736842
16003 0.0197368421052632
16003 0.0184210526315789
16004 1.17684210526316
16004 0
16004 3.36789473684211
16004 2.46578947368421
16004 3.14236842105263
16004 2.89868421052632
16004 0.00263157894736842
16004 0.0197368421052632
16004 0.0184210526315789
16005 1.17684210526316
16005 0
16005 3.36789473684211
16005 2.46578947368421
16005 3.14236842105263
16005 2.89868421052632
16005 0.00263157894736842
16005 0.0197368421052632
16005 0.0184210526315789
16006 1.17684210526316
16006 0
16006 3.36789473684211
16006 2.46578947368421
16006 3.14236842105263
16006 2.89868421052632
16006 0.00263157894736842
16006 0.0197368421052632
16006 0.0184210526315789
16007 1.17684210526316
16007 0
16007 3.36789473684211
16007 2.46578947368421
16007 3.14236842105263
16007 2.89868421052632
16007 0.00263157894736842
16007 0.0197368421052632
16007 0.0184210526315789
16052 1.17684210526316
16052 0
16052 3.36789473684211
16052 2.46578947368421
16052 3.14236842105263
16052 2.89868421052632
16052 0.00263157894736842
16052 0.0197368421052632
16052 0.0184210526315789
16054 1.17684210526316
16054 0
16054 3.36789473684211
16054 2.46578947368421
16054 3.14236842105263
16054 2.89868421052632
16054 0.00263157894736842
16054 0.0197368421052632
16054 0.0184210526315789
16055 1.17684210526316
16055 0
16055 3.36789473684211
16055 2.46578947368421
16055 3.14236842105263
16055 2.89868421052632
16055 0.00263157894736842
16055 0.0197368421052632
16055 0.0184210526315789
16056 1.17684210526316
16056 0
16056 3.36789473684211
16056 2.46578947368421
16056 3.14236842105263
16056 2.89868421052632
16056 0.00263157894736842
16056 0.0197368421052632
16056 0.0184210526315789
16057 1.17684210526316
16057 0
16057 3.36789473684211
16057 2.46578947368421
16057 3.14236842105263
16057 2.89868421052632
16057 0.00263157894736842
16057 0.0197368421052632
16057 0.0184210526315789
16058 1.17684210526316
16058 0
16058 3.36789473684211
16058 2.46578947368421
16058 3.14236842105263
16058 2.89868421052632
16058 0.00263157894736842
16058 0.0197368421052632
16058 0.0184210526315789
16059 1.17684210526316
16059 0
16059 3.36789473684211
16059 2.46578947368421
16059 3.14236842105263
16059 2.89868421052632
16059 0.00263157894736842
16059 0.0197368421052632
16059 0.0184210526315789
16100 1.17684210526316
16100 0
16100 3.36789473684211
16100 2.46578947368421
16100 3.14236842105263
16100 2.89868421052632
16100 0.00263157894736842
16100 0.0197368421052632
16100 0.0184210526315789
16102 1.17684210526316
16102 0
16102 3.36789473684211
16102 2.46578947368421
16102 3.14236842105263
16102 2.89868421052632
16102 0.00263157894736842
16102 0.0197368421052632
16102 0.0184210526315789
16103 1.17684210526316
16103 0
16103 3.36789473684211
16103 2.46578947368421
16103 3.14236842105263
16103 2.89868421052632
16103 0.00263157894736842
16103 0.0197368421052632
16103 0.0184210526315789
16104 1.17684210526316
16104 0
16104 3.36789473684211
16104 2.46578947368421
16104 3.14236842105263
16104 2.89868421052632
16104 0.00263157894736842
16104 0.0197368421052632
16104 0.0184210526315789
16105 1.17684210526316
16105 0
16105 3.36789473684211
16105 2.46578947368421
16105 3.14236842105263
16105 2.89868421052632
16105 0.00263157894736842
16105 0.0197368421052632
16105 0.0184210526315789
16106 1.17684210526316
16106 0
16106 3.36789473684211
16106 2.46578947368421
16106 3.14236842105263
16106 2.89868421052632
16106 0.00263157894736842
16106 0.0197368421052632
16106 0.0184210526315789
16107 1.17684210526316
16107 0
16107 3.36789473684211
16107 2.46578947368421
16107 3.14236842105263
16107 2.89868421052632
16107 0.00263157894736842
16107 0.0197368421052632
16107 0.0184210526315789
16148 1.17684210526316
16148 0
16148 3.36789473684211
16148 2.46578947368421
16148 3.14236842105263
16148 2.89868421052632
16148 0.00263157894736842
16148 0.0197368421052632
16148 0.0184210526315789
16149 1.17684210526316
16149 0
16149 3.36789473684211
16149 2.46578947368421
16149 3.14236842105263
16149 2.89868421052632
16149 0.00263157894736842
16149 0.0197368421052632
16149 0.0184210526315789
16150 1.17684210526316
16150 0
16150 3.36789473684211
16150 2.46578947368421
16150 3.14236842105263
16150 2.89868421052632
16150 0.00263157894736842
16150 0.0197368421052632
16150 0.0184210526315789
16151 1.17684210526316
16151 0
16151 3.36789473684211
16151 2.46578947368421
16151 3.14236842105263
16151 2.89868421052632
16151 0.00263157894736842
16151 0.0197368421052632
16151 0.0184210526315789
16152 1.17684210526316
16152 0
16152 3.36789473684211
16152 2.46578947368421
16152 3.14236842105263
16152 2.89868421052632
16152 0.00263157894736842
16152 0.0197368421052632
16152 0.0184210526315789
16153 1.17684210526316
16153 0
16153 3.36789473684211
16153 2.46578947368421
16153 3.14236842105263
16153 2.89868421052632
16153 0.00263157894736842
16153 0.0197368421052632
16153 0.0184210526315789
16154 1.17684210526316
16154 0
16154 3.36789473684211
16154 2.46578947368421
16154 3.14236842105263
16154 2.89868421052632
16154 0.00263157894736842
16154 0.0197368421052632
16154 0.0184210526315789
16155 1.17684210526316
16155 0
16155 3.36789473684211
16155 2.46578947368421
16155 3.14236842105263
16155 2.89868421052632
16155 0.00263157894736842
16155 0.0197368421052632
16155 0.0184210526315789
16198 1.17684210526316
16198 0
16198 3.36789473684211
16198 2.46578947368421
16198 3.14236842105263
16198 2.89868421052632
16198 0.00263157894736842
16198 0.0197368421052632
16198 0.0184210526315789
16199 1.17684210526316
16199 0
16199 3.36789473684211
16199 2.46578947368421
16199 3.14236842105263
16199 2.89868421052632
16199 0.00263157894736842
16199 0.0197368421052632
16199 0.0184210526315789
16200 1.17684210526316
16200 0
16200 3.36789473684211
16200 2.46578947368421
16200 3.14236842105263
16200 2.89868421052632
16200 0.00263157894736842
16200 0.0197368421052632
16200 0.0184210526315789
16201 1.17684210526316
16201 0
16201 3.36789473684211
16201 2.46578947368421
16201 3.14236842105263
16201 2.89868421052632
16201 0.00263157894736842
16201 0.0197368421052632
16201 0.0184210526315789
16202 1.17684210526316
16202 0
16202 3.36789473684211
16202 2.46578947368421
16202 3.14236842105263
16202 2.89868421052632
16202 0.00263157894736842
16202 0.0197368421052632
16202 0.0184210526315789
16243 1.17684210526316
16243 0
16243 3.36789473684211
16243 2.46578947368421
16243 3.14236842105263
16243 2.89868421052632
16243 0.00263157894736842
16243 0.0197368421052632
16243 0.0184210526315789
16244 1.17684210526316
16244 0
16244 3.36789473684211
16244 2.46578947368421
16244 3.14236842105263
16244 2.89868421052632
16244 0.00263157894736842
16244 0.0197368421052632
16244 0.0184210526315789
16245 1.17684210526316
16245 0
16245 3.36789473684211
16245 2.46578947368421
16245 3.14236842105263
16245 2.89868421052632
16245 0.00263157894736842
16245 0.0197368421052632
16245 0.0184210526315789
16246 1.17684210526316
16246 0
16246 3.36789473684211
16246 2.46578947368421
16246 3.14236842105263
16246 2.89868421052632
16246 0.00263157894736842
16246 0.0197368421052632
16246 0.0184210526315789
16247 1.17684210526316
16247 0
16247 3.36789473684211
16247 2.46578947368421
16247 3.14236842105263
16247 2.89868421052632
16247 0.00263157894736842
16247 0.0197368421052632
16247 0.0184210526315789
16248 1.17684210526316
16248 0
16248 3.36789473684211
16248 2.46578947368421
16248 3.14236842105263
16248 2.89868421052632
16248 0.00263157894736842
16248 0.0197368421052632
16248 0.0184210526315789
16294 1.17684210526316
16294 0
16294 3.36789473684211
16294 2.46578947368421
16294 3.14236842105263
16294 2.89868421052632
16294 0.00263157894736842
16294 0.0197368421052632
16294 0.0184210526315789
16337 1.17684210526316
16337 0
16337 3.36789473684211
16337 2.46578947368421
16337 3.14236842105263
16337 2.89868421052632
16337 0.00263157894736842
16337 0.0197368421052632
16337 0.0184210526315789
16339 1.17684210526316
16339 0
16339 3.36789473684211
16339 2.46578947368421
16339 3.14236842105263
16339 2.89868421052632
16339 0.00263157894736842
16339 0.0197368421052632
16339 0.0184210526315789
16340 1.17684210526316
16340 0
16340 3.36789473684211
16340 2.46578947368421
16340 3.14236842105263
16340 2.89868421052632
16340 0.00263157894736842
16340 0.0197368421052632
16340 0.0184210526315789
16341 1.17684210526316
16341 0
16341 3.36789473684211
16341 2.46578947368421
16341 3.14236842105263
16341 2.89868421052632
16341 0.00263157894736842
16341 0.0197368421052632
16341 0.0184210526315789
16384 1.17684210526316
16384 0
16384 3.36789473684211
16384 2.46578947368421
16384 3.14236842105263
16384 2.89868421052632
16384 0.00263157894736842
16384 0.0197368421052632
16384 0.0184210526315789
