pt_graph scale
8148 1.17684210526316
8148 0
8148 3.36789473684211
8148 2.46578947368421
8148 3.14236842105263
8148 2.89868421052632
8148 0.00263157894736842
8148 0.0197368421052632
8148 0.0184210526315789
8211 1.17684210526316
8211 0
8211 3.36789473684211
8211 2.46578947368421
8211 3.14236842105263
8211 2.89868421052632
8211 0.00263157894736842
8211 0.0197368421052632
8211 0.0184210526315789
8212 1.17684210526316
8212 0
8212 3.36789473684211
8212 2.46578947368421
8212 3.14236842105263
8212 2.89868421052632
8212 0.00263157894736842
8212 0.0197368421052632
8212 0.0184210526315789
8215 1.17684210526316
8215 0
8215 3.36789473684211
8215 2.46578947368421
8215 3.14236842105263
8215 2.89868421052632
8215 0.00263157894736842
8215 0.0197368421052632
8215 0.0184210526315789
8216 1.17684210526316
8216 0
8216 3.36789473684211
8216 2.46578947368421
8216 3.14236842105263
8216 2.89868421052632
8216 0.00263157894736842
8216 0.0197368421052632
8216 0.0184210526315789
8221 1.17684210526316
8221 0
8221 3.36789473684211
8221 2.46578947368421
8221 3.14236842105263
8221 2.89868421052632
8221 0.00263157894736842
8221 0.0197368421052632
8221 0.0184210526315789
8224 1.17684210526316
8224 0
8224 3.36789473684211
8224 2.46578947368421
8224 3.14236842105263
8224 2.89868421052632
8224 0.00263157894736842
8224 0.0197368421052632
8224 0.0184210526315789
8239 1.17684210526316
8239 0
8239 3.36789473684211
8239 2.46578947368421
8239 3.14236842105263
8239 2.89868421052632
8239 0.00263157894736842
8239 0.0197368421052632
8239 0.0184210526315789
8273 1.17684210526316
8273 0
8273 3.36789473684211
8273 2.46578947368421
8273 3.14236842105263
8273 2.89868421052632
8273 0.00263157894736842
8273 0.0197368421052632
8273 0.0184210526315789
8275 1.17684210526316
8275 0
8275 3.36789473684211
8275 2.46578947368421
8275 3.14236842105263
8275 2.89868421052632
8275 0.00263157894736842
8275 0.0197368421052632
8275 0.0184210526315789
8276 1.17684210526316
8276 0
8276 3.36789473684211
8276 2.46578947368421
8276 3.14236842105263
8276 2.89868421052632
8276 0.00263157894736842
8276 0.0197368421052632
8276 0.0184210526315789
8278 1.17684210526316
8278 0
8278 3.36789473684211
8278 2.46578947368421
8278 3.14236842105263
8278 2.89868421052632
8278 0.00263157894736842
8278 0.0197368421052632
8278 0.0184210526315789
8279 1.17684210526316
8279 0
8279 3.36789473684211
8279 2.46578947368421
8279 3.14236842105263
8279 2.89868421052632
8279 0.00263157894736842
8279 0.0197368421052632
8279 0.0184210526315789
8280 1.17684210526316
8280 0
8280 3.36789473684211
8280 2.46578947368421
8280 3.14236842105263
8280 2.89868421052632
8280 0.00263157894736842
8280 0.0197368421052632
8280 0.0184210526315789
8281 1.17684210526316
8281 0
8281 3.36789473684211
8281 2.46578947368421
8281 3.14236842105263
8281 2.89868421052632
8281 0.00263157894736842
8281 0.0197368421052632
8281 0.0184210526315789
8282 1.17684210526316
8282 0
8282 3.36789473684211
8282 2.46578947368421
8282 3.14236842105263
8282 2.89868421052632
8282 0.00263157894736842
8282 0.0197368421052632
8282 0.0184210526315789
8283 1.17684210526316
8283 0
8283 3.36789473684211
8283 2.46578947368421
8283 3.14236842105263
8283 2.89868421052632
8283 0.00263157894736842
8283 0.0197368421052632
8283 0.0184210526315789
8298 1.17684210526316
8298 0
8298 3.36789473684211
8298 2.46578947368421
8298 3.14236842105263
8298 2.89868421052632
8298 0.00263157894736842
8298 0.0197368421052632
8298 0.0184210526315789
8332 1.17684210526316
8332 0
8332 3.36789473684211
8332 2.46578947368421
8332 3.14236842105263
8332 2.89868421052632
8332 0.00263157894736842
8332 0.0197368421052632
8332 0.0184210526315789
8333 1.17684210526316
8333 0
8333 3.36789473684211
8333 2.46578947368421
8333 3.14236842105263
8333 2.89868421052632
8333 0.00263157894736842
8333 0.0197368421052632
8333 0.0184210526315789
8334 1.17684210526316
8334 0
8334 3.36789473684211
8334 2.46578947368421
8334 3.14236842105263
8334 2.89868421052632
8334 0.00263157894736842
8334 0.0197368421052632
8334 0.0184210526315789
8335 1.17684210526316
8335 0
8335 3.36789473684211
8335 2.46578947368421
8335 3.14236842105263
8335 2.89868421052632
8335 0.00263157894736842
8335 0.0197368421052632
8335 0.0184210526315789
8336 1.17684210526316
8336 0
8336 3.36789473684211
8336 2.46578947368421
8336 3.14236842105263
8336 2.89868421052632
8336 0.00263157894736842
8336 0.0197368421052632
8336 0.0184210526315789
8337 1.17684210526316
8337 0
8337 3.36789473684211
8337 2.46578947368421
8337 3.14236842105263
8337 2.89868421052632
8337 0.00263157894736842
8337 0.0197368421052632
8337 0.0184210526315789
8338 1.17684210526316
8338 0
8338 3.36789473684211
8338 2.46578947368421
8338 3.14236842105263
8338 2.89868421052632
8338 0.00263157894736842
8338 0.0197368421052632
8338 0.0184210526315789
8339 1.17684210526316
8339 0
8339 3.36789473684211
8339 2.46578947368421
8339 3.14236842105263
8339 2.89868421052632
8339 0.00263157894736842
8339 0.0197368421052632
8339 0.0184210526315789
8340 1.17684210526316
8340 0
8340 3.36789473684211
8340 2.46578947368421
8340 3.14236842105263
8340 2.89868421052632
8340 0.00263157894736842
8340 0.0197368421052632
8340 0.0184210526315789
8341 1.17684210526316
8341 0
8341 3.36789473684211
8341 2.46578947368421
8341 3.14236842105263
8341 2.89868421052632
8341 0.00263157894736842
8341 0.0197368421052632
8341 0.0184210526315789
8342 1.17684210526316
8342 0
8342 3.36789473684211
8342 2.46578947368421
8342 3.14236842105263
8342 2.89868421052632
8342 0.00263157894736842
8342 0.0197368421052632
8342 0.0184210526315789
8387 1.17684210526316
8387 0
8387 3.36789473684211
8387 2.46578947368421
8387 3.14236842105263
8387 2.89868421052632
8387 0.00263157894736842
8387 0.0197368421052632
8387 0.0184210526315789
8389 1.17684210526316
8389 0
8389 3.36789473684211
8389 2.46578947368421
8389 3.14236842105263
8389 2.89868421052632
8389 0.00263157894736842
8389 0.0197368421052632
8389 0.0184210526315789
8390 1.17684210526316
8390 0
8390 3.36789473684211
8390 2.46578947368421
8390 3.14236842105263
8390 2.89868421052632
8390 0.00263157894736842
8390 0.0197368421052632
8390 0.0184210526315789
8391 1.17684210526316
8391 0
8391 3.36789473684211
8391 2.46578947368421
8391 3.14236842105263
8391 2.89868421052632
8391 0.00263157894736842
8391 0.0197368421052632
8391 0.0184210526315789
8392 1.17684210526316
8392 0
8392 3.36789473684211
8392 2.46578947368421
8392 3.14236842105263
8392 2.89868421052632
8392 0.00263157894736842
8392 0.0197368421052632
8392 0.0184210526315789
8393 1.17684210526316
8393 0
8393 3.36789473684211
8393 2.46578947368421
8393 3.14236842105263
8393 2.89868421052632
8393 0.00263157894736842
8393 0.0197368421052632
8393 0.0184210526315789
8394 1.17684210526316
8394 0
8394 3.36789473684211
8394 2.46578947368421
8394 3.14236842105263
8394 2.89868421052632
8394 0.00263157894736842
8394 0.0197368421052632
8394 0.0184210526315789
8395 1.17684210526316
8395 0
8395 3.36789473684211
8395 2.46578947368421
8395 3.14236842105263
8395 2.89868421052632
8395 0.00263157894736842
8395 0.0197368421052632
8395 0.0184210526315789
8396 1.17684210526316
8396 0
8396 3.36789473684211
8396 2.46578947368421
8396 3.14236842105263
8396 2.89868421052632
8396 0.00263157894736842
8396 0.0197368421052632
8396 0.0184210526315789
8397 1.17684210526316
8397 0
8397 3.36789473684211
8397 2.46578947368421
8397 3.14236842105263
8397 2.89868421052632
8397 0.00263157894736842
8397 0.0197368421052632
8397 0.0184210526315789
8398 1.17684210526316
8398 0
8398 3.36789473684211
8398 2.46578947368421
8398 3.14236842105263
8398 2.89868421052632
8398 0.00263157894736842
8398 0.0197368421052632
8398 0.0184210526315789
8440 1.17684210526316
8440 0
8440 3.36789473684211
8440 2.46578947368421
8440 3.14236842105263
8440 2.89868421052632
8440 0.00263157894736842
8440 0.0197368421052632
8440 0.0184210526315789
8442 1.17684210526316
8442 0
8442 3.36789473684211
8442 2.46578947368421
8442 3.14236842105263
8442 2.89868421052632
8442 0.00263157894736842
8442 0.0197368421052632
8442 0.0184210526315789
8443 1.17684210526316
8443 0
8443 3.36789473684211
8443 2.46578947368421
8443 3.14236842105263
8443 2.89868421052632
8443 0.00263157894736842
8443 0.0197368421052632
8443 0.0184210526315789
8444 1.17684210526316
8444 0
8444 3.36789473684211
8444 2.46578947368421
8444 3.14236842105263
8444 2.89868421052632
8444 0.00263157894736842
8444 0.0197368421052632
8444 0.0184210526315789
8445 1.17684210526316
8445 0
8445 3.36789473684211
8445 2.46578947368421
8445 3.14236842105263
8445 2.89868421052632
8445 0.00263157894736842
8445 0.0197368421052632
8445 0.0184210526315789
8446 1.17684210526316
8446 0
8446 3.36789473684211
8446 2.46578947368421
8446 3.14236842105263
8446 2.89868421052632
8446 0.00263157894736842
8446 0.0197368421052632
8446 0.0184210526315789
8447 1.17684210526316
8447 0
8447 3.36789473684211
8447 2.46578947368421
8447 3.14236842105263
8447 2.89868421052632
8447 0.00263157894736842
8447 0.0197368421052632
8447 0.0184210526315789
8448 1.17684210526316
8448 0
8448 3.36789473684211
8448 2.46578947368421
8448 3.14236842105263
8448 2.89868421052632
8448 0.00263157894736842
8448 0.0197368421052632
8448 0.0184210526315789
8449 1.17684210526316
8449 0
8449 3.36789473684211
8449 2.46578947368421
8449 3.14236842105263
8449 2.89868421052632
8449 0.00263157894736842
8449 0.0197368421052632
8449 0.0184210526315789
8450 1.17684210526316
8450 0
8450 3.36789473684211
8450 2.46578947368421
8450 3.14236842105263
8450 2.89868421052632
8450 0.00263157894736842
8450 0.0197368421052632
8450 0.0184210526315789
8451 1.17684210526316
8451 0
8451 3.36789473684211
8451 2.46578947368421
8451 3.14236842105263
8451 2.89868421052632
8451 0.00263157894736842
8451 0.0197368421052632
8451 0.0184210526315789
8495 1.17684210526316
8495 0
8495 3.36789473684211
8495 2.46578947368421
8495 3.14236842105263
8495 2.89868421052632
8495 0.00263157894736842
8495 0.0197368421052632
8495 0.0184210526315789
8496 1.17684210526316
8496 0
8496 3.36789473684211
8496 2.46578947368421
8496 3.14236842105263
8496 2.89868421052632
8496 0.00263157894736842
8496 0.0197368421052632
8496 0.0184210526315789
8497 1.17684210526316
8497 0
8497 3.36789473684211
8497 2.46578947368421
8497 3.14236842105263
8497 2.89868421052632
8497 0.00263157894736842
8497 0.0197368421052632
8497 0.0184210526315789
8498 1.17684210526316
8498 0
8498 3.36789473684211
8498 2.46578947368421
8498 3.14236842105263
8498 2.89868421052632
8498 0.00263157894736842
8498 0.0197368421052632
8498 0.0184210526315789
8499 1.17684210526316
8499 0
8499 3.36789473684211
8499 2.46578947368421
8499 3.14236842105263
8499 2.89868421052632
8499 0.00263157894736842
8499 0.0197368421052632
8499 0.0184210526315789
8500 1.17684210526316
8500 0
8500 3.36789473684211
8500 2.46578947368421
8500 3.14236842105263
8500 2.89868421052632
8500 0.00263157894736842
8500 0.0197368421052632
8500 0.0184210526315789
8501 1.17684210526316
8501 0
8501 3.36789473684211
8501 2.46578947368421
8501 3.14236842105263
8501 2.89868421052632
8501 0.00263157894736842
8501 0.0197368421052632
8501 0.0184210526315789
8502 1.17684210526316
8502 0
8502 3.36789473684211
8502 2.46578947368421
8502 3.14236842105263
8502 2.89868421052632
8502 0.00263157894736842
8502 0.0197368421052632
8502 0.0184210526315789
8503 1.17684210526316
8503 0
8503 3.36789473684211
8503 2.46578947368421
8503 3.14236842105263
8503 2.89868421052632
8503 0.00263157894736842
8503 0.0197368421052632
8503 0.0184210526315789
8504 1.17684210526316
8504 0
8504 3.36789473684211
8504 2.46578947368421
8504 3.14236842105263
8504 2.89868421052632
8504 0.00263157894736842
8504 0.0197368421052632
8504 0.0184210526315789
8521 1.17684210526316
8521 0
8521 3.36789473684211
8521 2.46578947368421
8521 3.14236842105263
8521 2.89868421052632
8521 0.00263157894736842
8521 0.0197368421052632
8521 0.0184210526315789
8547 1.17684210526316
8547 0
8547 3.36789473684211
8547 2.46578947368421
8547 3.14236842105263
8547 2.89868421052632
8547 0.00263157894736842
8547 0.0197368421052632
8547 0.0184210526315789
8550 1.17684210526316
8550 0
8550 3.36789473684211
8550 2.46578947368421
8550 3.14236842105263
8550 2.89868421052632
8550 0.00263157894736842
8550 0.0197368421052632
8550 0.0184210526315789
8551 1.17684210526316
8551 0
8551 3.36789473684211
8551 2.46578947368421
8551 3.14236842105263
8551 2.89868421052632
8551 0.00263157894736842
8551 0.0197368421052632
8551 0.0184210526315789
8552 1.17684210526316
8552 0
8552 3.36789473684211
8552 2.46578947368421
8552 3.14236842105263
8552 2.89868421052632
8552 0.00263157894736842
8552 0.0197368421052632
8552 0.0184210526315789
8553 1.17684210526316
8553 0
8553 3.36789473684211
8553 2.46578947368421
8553 3.14236842105263
8553 2.89868421052632
8553 0.00263157894736842
8553 0.0197368421052632
8553 0.0184210526315789
8554 1.17684210526316
8554 0
8554 3.36789473684211
8554 2.46578947368421
8554 3.14236842105263
8554 2.89868421052632
8554 0.00263157894736842
8554 0.0197368421052632
8554 0.0184210526315789
8570 1.17684210526316
8570 0
8570 3.36789473684211
8570 2.46578947368421
8570 3.14236842105263
8570 2.89868421052632
8570 0.00263157894736842
8570 0.0197368421052632
8570 0.0184210526315789
8573 1.17684210526316
8573 0
8573 3.36789473684211
8573 2.46578947368421
8573 3.14236842105263
8573 2.89868421052632
8573 0.00263157894736842
8573 0.0197368421052632
8573 0.0184210526315789
8574 1.17684210526316
8574 0
8574 3.36789473684211
8574 2.46578947368421
8574 3.14236842105263
8574 2.89868421052632
8574 0.00263157894736842
8574 0.0197368421052632
8574 0.0184210526315789
8596 1.17684210526316
8596 0
8596 3.36789473684211
8596 2.46578947368421
8596 3.14236842105263
8596 2.89868421052632
8596 0.00263157894736842
8596 0.0197368421052632
8596 0.0184210526315789
8597 1.17684210526316
8597 0
8597 3.36789473684211
8597 2.46578947368421
8597 3.14236842105263
8597 2.89868421052632
8597 0.00263157894736842
8597 0.0197368421052632
8597 0.0184210526315789
8600 1.17684210526316
8600 0
8600 3.36789473684211
8600 2.46578947368421
8600 3.14236842105263
8600 2.89868421052632
8600 0.00263157894736842
8600 0.0197368421052632
8600 0.0184210526315789
8601 1.17684210526316
8601 0
8601 3.36789473684211
8601 2.46578947368421
8601 3.14236842105263
8601 2.89868421052632
8601 0.00263157894736842
8601 0.0197368421052632
8601 0.0184210526315789
8602 1.17684210526316
8602 0
8602 3.36789473684211
8602 2.46578947368421
8602 3.14236842105263
8602 2.89868421052632
8602 0.00263157894736842
8602 0.0197368421052632
8602 0.0184210526315789
8603 1.17684210526316
8603 0
8603 3.36789473684211
8603 2.46578947368421
8603 3.14236842105263
8603 2.89868421052632
8603 0.00263157894736842
8603 0.0197368421052632
8603 0.0184210526315789
8622 1.17684210526316
8622 0
8622 3.36789473684211
8622 2.46578947368421
8622 3.14236842105263
8622 2.89868421052632
8622 0.00263157894736842
8622 0.0197368421052632
8622 0.0184210526315789
8624 1.17684210526316
8624 0
8624 3.36789473684211
8624 2.46578947368421
8624 3.14236842105263
8624 2.89868421052632
8624 0.00263157894736842
8624 0.0197368421052632
8624 0.0184210526315789
8649 1.17684210526316
8649 0
8649 3.36789473684211
8649 2.46578947368421
8649 3.14236842105263
8649 2.89868421052632
8649 0.00263157894736842
8649 0.0197368421052632
8649 0.0184210526315789
8650 1.17684210526316
8650 0
8650 3.36789473684211
8650 2.46578947368421
8650 3.14236842105263
8650 2.89868421052632
8650 0.00263157894736842
8650 0.0197368421052632
8650 0.0184210526315789
8669 1.17684210526316
8669 0
8669 3.36789473684211
8669 2.46578947368421
8669 3.14236842105263
8669 2.89868421052632
8669 0.00263157894736842
8669 0.0197368421052632
8669 0.0184210526315789
8670 1.17684210526316
8670 0
8670 3.36789473684211
8670 2.46578947368421
8670 3.14236842105263
8670 2.89868421052632
8670 0.00263157894736842
8670 0.0197368421052632
8670 0.0184210526315789
8708 1.17684210526316
8708 0
8708 3.36789473684211
8708 2.46578947368421
8708 3.14236842105263
8708 2.89868421052632
8708 0.00263157894736842
8708 0.0197368421052632
8708 0.0184210526315789
8709 1.17684210526316
8709 0
8709 3.36789473684211
8709 2.46578947368421
8709 3.14236842105263
8709 2.89868421052632
8709 0.00263157894736842
8709 0.0197368421052632
8709 0.0184210526315789
8711 1.17684210526316
8711 0
8711 3.36789473684211
8711 2.46578947368421
8711 3.14236842105263
8711 2.89868421052632
8711 0.00263157894736842
8711 0.0197368421052632
8711 0.0184210526315789
8712 1.17684210526316
8712 0
8712 3.36789473684211
8712 2.46578947368421
8712 3.14236842105263
8712 2.89868421052632
8712 0.00263157894736842
8712 0.0197368421052632
8712 0.0184210526315789
8713 1.17684210526316
8713 0
8713 3.36789473684211
8713 2.46578947368421
8713 3.14236842105263
8713 2.89868421052632
8713 0.00263157894736842
8713 0.0197368421052632
8713 0.0184210526315789
8714 1.17684210526316
8714 0
8714 3.36789473684211
8714 2.46578947368421
8714 3.14236842105263
8714 2.89868421052632
8714 0.00263157894736842
8714 0.0197368421052632
8714 0.0184210526315789
8755 1.17684210526316
8755 0
8755 3.36789473684211
8755 2.46578947368421
8755 3.14236842105263
8755 2.89868421052632
8755 0.00263157894736842
8755 0.0197368421052632
8755 0.0184210526315789
8756 1.17684210526316
8756 0
8756 3.36789473684211
8756 2.46578947368421
8756 3.14236842105263
8756 2.89868421052632
8756 0.00263157894736842
8756 0.0197368421052632
8756 0.0184210526315789
8757 1.17684210526316
8757 0
8757 3.36789473684211
8757 2.46578947368421
8757 3.14236842105263
8757 2.89868421052632
8757 0.00263157894736842
8757 0.0197368421052632
8757 0.0184210526315789
8758 1.17684210526316
8758 0
8758 3.36789473684211
8758 2.46578947368421
8758 3.14236842105263
8758 2.89868421052632
8758 0.00263157894736842
8758 0.0197368421052632
8758 0.0184210526315789
8784 1.17684210526316
8784 0
8784 3.36789473684211
8784 2.46578947368421
8784 3.14236842105263
8784 2.89868421052632
8784 0.00263157894736842
8784 0.0197368421052632
8784 0.0184210526315789
8799 1.17684210526316
8799 0
8799 3.36789473684211
8799 2.46578947368421
8799 3.14236842105263
8799 2.89868421052632
8799 0.00263157894736842
8799 0.0197368421052632
8799 0.0184210526315789
8800 1.17684210526316
8800 0
8800 3.36789473684211
8800 2.46578947368421
8800 3.14236842105263
8800 2.89868421052632
8800 0.00263157894736842
8800 0.0197368421052632
8800 0.0184210526315789
8801 1.17684210526316
8801 0
8801 3.36789473684211
8801 2.46578947368421
8801 3.14236842105263
8801 2.89868421052632
8801 0.00263157894736842
8801 0.0197368421052632
8801 0.0184210526315789
8802 1.17684210526316
8802 0
8802 3.36789473684211
8802 2.46578947368421
8802 3.14236842105263
8802 2.89868421052632
8802 0.00263157894736842
8802 0.0197368421052632
8802 0.0184210526315789
8829 1.17684210526316
8829 0
8829 3.36789473684211
8829 2.46578947368421
8829 3.14236842105263
8829 2.89868421052632
8829 0.00263157894736842
8829 0.0197368421052632
8829 0.0184210526315789
8841 1.17684210526316
8841 0
8841 3.36789473684211
8841 2.46578947368421
8841 3.14236842105263
8841 2.89868421052632
8841 0.00263157894736842
8841 0.0197368421052632
8841 0.0184210526315789
8844 1.17684210526316
8844 0
8844 3.36789473684211
8844 2.46578947368421
8844 3.14236842105263
8844 2.89868421052632
8844 0.00263157894736842
8844 0.0197368421052632
8844 0.0184210526315789
8845 1.17684210526316
8845 0
8845 3.36789473684211
8845 2.46578947368421
8845 3.14236842105263
8845 2.89868421052632
8845 0.00263157894736842
8845 0.0197368421052632
8845 0.0184210526315789
8846 1.17684210526316
8846 0
8846 3.36789473684211
8846 2.46578947368421
8846 3.14236842105263
8846 2.89868421052632
8846 0.00263157894736842
8846 0.0197368421052632
8846 0.0184210526315789
8848 1.17684210526316
8848 0
8848 3.36789473684211
8848 2.46578947368421
8848 3.14236842105263
8848 2.89868421052632
8848 0.00263157894736842
8848 0.0197368421052632
8848 0.0184210526315789
8869 1.17684210526316
8869 0
8869 3.36789473684211
8869 2.46578947368421
8869 3.14236842105263
8869 2.89868421052632
8869 0.00263157894736842
8869 0.0197368421052632
8869 0.0184210526315789
8873 1.17684210526316
8873 0
8873 3.36789473684211
8873 2.46578947368421
8873 3.14236842105263
8873 2.89868421052632
8873 0.00263157894736842
8873 0.0197368421052632
8873 0.0184210526315789
8884 1.17684210526316
8884 0
8884 3.36789473684211
8884 2.46578947368421
8884 3.14236842105263
8884 2.89868421052632
8884 0.00263157894736842
8884 0.0197368421052632
8884 0.0184210526315789
8886 1.17684210526316
8886 0
8886 3.36789473684211
8886 2.46578947368421
8886 3.14236842105263
8886 2.89868421052632
8886 0.00263157894736842
8886 0.0197368421052632
8886 0.0184210526315789
8887 1.17684210526316
8887 0
8887 3.36789473684211
8887 2.46578947368421
8887 3.14236842105263
8887 2.89868421052632
8887 0.00263157894736842
8887 0.0197368421052632
8887 0.0184210526315789
8888 1.17684210526316
8888 0
8888 3.36789473684211
8888 2.46578947368421
8888 3.14236842105263
8888 2.89868421052632
8888 0.00263157894736842
8888 0.0197368421052632
8888 0.0184210526315789
8889 1.17684210526316
8889 0
8889 3.36789473684211
8889 2.46578947368421
8889 3.14236842105263
8889 2.89868421052632
8889 0.00263157894736842
8889 0.0197368421052632
8889 0.0184210526315789
8890 1.17684210526316
8890 0
8890 3.36789473684211
8890 2.46578947368421
8890 3.14236842105263
8890 2.89868421052632
8890 0.00263157894736842
8890 0.0197368421052632
8890 0.0184210526315789
8891 1.17684210526316
8891 0
8891 3.36789473684211
8891 2.46578947368421
8891 3.14236842105263
8891 2.89868421052632
8891 0.00263157894736842
8891 0.0197368421052632
8891 0.0184210526315789
8892 1.17684210526316
8892 0
8892 3.36789473684211
8892 2.46578947368421
8892 3.14236842105263
8892 2.89868421052632
8892 0.00263157894736842
8892 0.0197368421052632
8892 0.0184210526315789
8893 1.17684210526316
8893 0
8893 3.36789473684211
8893 2.46578947368421
8893 3.14236842105263
8893 2.89868421052632
8893 0.00263157894736842
8893 0.0197368421052632
8893 0.0184210526315789
8916 1.17684210526316
8916 0
8916 3.36789473684211
8916 2.46578947368421
8916 3.14236842105263
8916 2.89868421052632
8916 0.00263157894736842
8916 0.0197368421052632
8916 0.0184210526315789
8917 1.17684210526316
8917 0
8917 3.36789473684211
8917 2.46578947368421
8917 3.14236842105263
8917 2.89868421052632
8917 0.00263157894736842
8917 0.0197368421052632
8917 0.0184210526315789
8928 1.17684210526316
8928 0
8928 3.36789473684211
8928 2.46578947368421
8928 3.14236842105263
8928 2.89868421052632
8928 0.00263157894736842
8928 0.0197368421052632
8928 0.0184210526315789
8931 1.17684210526316
8931 0
8931 3.36789473684211
8931 2.46578947368421
8931 3.14236842105263
8931 2.89868421052632
8931 0.00263157894736842
8931 0.0197368421052632
8931 0.0184210526315789
8932 1.17684210526316
8932 0
8932 3.36789473684211
8932 2.46578947368421
8932 3.14236842105263
8932 2.89868421052632
8932 0.00263157894736842
8932 0.0197368421052632
8932 0.0184210526315789
8933 1.17684210526316
8933 0
8933 3.36789473684211
8933 2.46578947368421
8933 3.14236842105263
8933 2.89868421052632
8933 0.00263157894736842
8933 0.0197368421052632
8933 0.0184210526315789
8934 1.17684210526316
8934 0
8934 3.36789473684211
8934 2.46578947368421
8934 3.14236842105263
8934 2.89868421052632
8934 0.00263157894736842
8934 0.0197368421052632
8934 0.0184210526315789
8935 1.17684210526316
8935 0
8935 3.36789473684211
8935 2.46578947368421
8935 3.14236842105263
8935 2.89868421052632
8935 0.00263157894736842
8935 0.0197368421052632
8935 0.0184210526315789
8956 1.17684210526316
8956 0
8956 3.36789473684211
8956 2.46578947368421
8956 3.14236842105263
8956 2.89868421052632
8956 0.00263157894736842
8956 0.0197368421052632
8956 0.0184210526315789
8957 1.17684210526316
8957 0
8957 3.36789473684211
8957 2.46578947368421
8957 3.14236842105263
8957 2.89868421052632
8957 0.00263157894736842
8957 0.0197368421052632
8957 0.0184210526315789
8966 1.17684210526316
8966 0
8966 3.36789473684211
8966 2.46578947368421
8966 3.14236842105263
8966 2.89868421052632
8966 0.00263157894736842
8966 0.0197368421052632
8966 0.0184210526315789
8969 1.17684210526316
8969 0
8969 3.36789473684211
8969 2.46578947368421
8969 3.14236842105263
8969 2.89868421052632
8969 0.00263157894736842
8969 0.0197368421052632
8969 0.0184210526315789
8970 1.17684210526316
8970 0
8970 3.36789473684211
8970 2.46578947368421
8970 3.14236842105263
8970 2.89868421052632
8970 0.00263157894736842
8970 0.0197368421052632
8970 0.0184210526315789
8971 1.17684210526316
8971 0
8971 3.36789473684211
8971 2.46578947368421
8971 3.14236842105263
8971 2.89868421052632
8971 0.00263157894736842
8971 0.0197368421052632
8971 0.0184210526315789
8972 1.17684210526316
8972 0
8972 3.36789473684211
8972 2.46578947368421
8972 3.14236842105263
8972 2.89868421052632
8972 0.00263157894736842
8972 0.0197368421052632
8972 0.0184210526315789
8973 1.17684210526316
8973 0
8973 3.36789473684211
8973 2.46578947368421
8973 3.14236842105263
8973 2.89868421052632
8973 0.00263157894736842
8973 0.0197368421052632
8973 0.0184210526315789
8974 1.17684210526316
8974 0
8974 3.36789473684211
8974 2.46578947368421
8974 3.14236842105263
8974 2.89868421052632
8974 0.00263157894736842
8974 0.0197368421052632
8974 0.0184210526315789
8997 1.17684210526316
8997 0
8997 3.36789473684211
8997 2.46578947368421
8997 3.14236842105263
8997 2.89868421052632
8997 0.00263157894736842
8997 0.0197368421052632
8997 0.0184210526315789
8998 1.17684210526316
8998 0
8998 3.36789473684211
8998 2.46578947368421
8998 3.14236842105263
8998 2.89868421052632
8998 0.00263157894736842
8998 0.0197368421052632
8998 0.0184210526315789
8999 1.17684210526316
8999 0
8999 3.36789473684211
8999 2.46578947368421
8999 3.14236842105263
8999 2.89868421052632
8999 0.00263157894736842
8999 0.0197368421052632
8999 0.0184210526315789
9010 1.17684210526316
9010 0
9010 3.36789473684211
9010 2.46578947368421
9010 3.14236842105263
9010 2.89868421052632
9010 0.00263157894736842
9010 0.0197368421052632
9010 0.0184210526315789
9011 1.17684210526316
9011 0
9011 3.36789473684211
9011 2.46578947368421
9011 3.14236842105263
9011 2.89868421052632
9011 0.00263157894736842
9011 0.0197368421052632
9011 0.0184210526315789
9012 1.17684210526316
9012 0
9012 3.36789473684211
9012 2.46578947368421
9012 3.14236842105263
9012 2.89868421052632
9012 0.00263157894736842
9012 0.0197368421052632
9012 0.0184210526315789
9013 1.17684210526316
9013 0
9013 3.36789473684211
9013 2.46578947368421
9013 3.14236842105263
9013 2.89868421052632
9013 0.00263157894736842
9013 0.0197368421052632
9013 0.0184210526315789
9036 1.17684210526316
9036 0
9036 3.36789473684211
9036 2.46578947368421
9036 3.14236842105263
9036 2.89868421052632
9036 0.00263157894736842
9036 0.0197368421052632
9036 0.0184210526315789
9037 1.17684210526316
9037 0
9037 3.36789473684211
9037 2.46578947368421
9037 3.14236842105263
9037 2.89868421052632
9037 0.00263157894736842
9037 0.0197368421052632
9037 0.0184210526315789
9038 1.17684210526316
9038 0
9038 3.36789473684211
9038 2.46578947368421
9038 3.14236842105263
9038 2.89868421052632
9038 0.00263157894736842
9038 0.0197368421052632
9038 0.0184210526315789
9039 1.17684210526316
9039 0
9039 3.36789473684211
9039 2.46578947368421
9039 3.14236842105263
9039 2.89868421052632
9039 0.00263157894736842
9039 0.0197368421052632
9039 0.0184210526315789
9044 1.17684210526316
9044 0
9044 3.36789473684211
9044 2.46578947368421
9044 3.14236842105263
9044 2.89868421052632
9044 0.00263157894736842
9044 0.0197368421052632
9044 0.0184210526315789
9074 1.17684210526316
9074 0
9074 3.36789473684211
9074 2.46578947368421
9074 3.14236842105263
9074 2.89868421052632
9074 0.00263157894736842
9074 0.0197368421052632
9074 0.0184210526315789
9075 1.17684210526316
9075 0
9075 3.36789473684211
9075 2.46578947368421
9075 3.14236842105263
9075 2.89868421052632
9075 0.00263157894736842
9075 0.0197368421052632
9075 0.0184210526315789
9076 1.17684210526316
9076 0
9076 3.36789473684211
9076 2.46578947368421
9076 3.14236842105263
9076 2.89868421052632
9076 0.00263157894736842
9076 0.0197368421052632
9076 0.0184210526315789
9077 1.17684210526316
9077 0
9077 3.36789473684211
9077 2.46578947368421
9077 3.14236842105263
9077 2.89868421052632
9077 0.00263157894736842
9077 0.0197368421052632
9077 0.0184210526315789
9078 1.17684210526316
9078 0
9078 3.36789473684211
9078 2.46578947368421
9078 3.14236842105263
9078 2.89868421052632
9078 0.00263157894736842
9078 0.0197368421052632
9078 0.0184210526315789
9080 1.17684210526316
9080 0
9080 3.36789473684211
9080 2.46578947368421
9080 3.14236842105263
9080 2.89868421052632
9080 0.00263157894736842
9080 0.0197368421052632
9080 0.0184210526315789
9082 1.17684210526316
9082 0
9082 3.36789473684211
9082 2.46578947368421
9082 3.14236842105263
9082 2.89868421052632
9082 0.00263157894736842
9082 0.0197368421052632
9082 0.0184210526315789
9092 1.17684210526316
9092 0
9092 3.36789473684211
9092 2.46578947368421
9092 3.14236842105263
9092 2.89868421052632
9092 0.00263157894736842
9092 0.0197368421052632
9092 0.0184210526315789
9115 1.17684210526316
9115 0
9115 3.36789473684211
9115 2.46578947368421
9115 3.14236842105263
9115 2.89868421052632
9115 0.00263157894736842
9115 0.0197368421052632
9115 0.0184210526315789
9116 1.17684210526316
9116 0
9116 3.36789473684211
9116 2.46578947368421
9116 3.14236842105263
9116 2.89868421052632
9116 0.00263157894736842
9116 0.0197368421052632
9116 0.0184210526315789
9117 1.17684210526316
9117 0
9117 3.36789473684211
9117 2.46578947368421
9117 3.14236842105263
9117 2.89868421052632
9117 0.00263157894736842
9117 0.0197368421052632
9117 0.0184210526315789
9118 1.17684210526316
9118 0
9118 3.36789473684211
9118 2.46578947368421
9118 3.14236842105263
9118 2.89868421052632
9118 0.00263157894736842
9118 0.0197368421052632
9118 0.0184210526315789
9119 1.17684210526316
9119 0
9119 3.36789473684211
9119 2.46578947368421
9119 3.14236842105263
9119 2.89868421052632
9119 0.00263157894736842
9119 0.0197368421052632
9119 0.0184210526315789
9120 1.17684210526316
9120 0
9120 3.36789473684211
9120 2.46578947368421
9120 3.14236842105263
9120 2.89868421052632
9120 0.00263157894736842
9120 0.0197368421052632
9120 0.0184210526315789
9130 1.17684210526316
9130 0
9130 3.36789473684211
9130 2.46578947368421
9130 3.14236842105263
9130 2.89868421052632
9130 0.00263157894736842
9130 0.0197368421052632
9130 0.0184210526315789
9133 1.17684210526316
9133 0
9133 3.36789473684211
9133 2.46578947368421
9133 3.14236842105263
9133 2.89868421052632
9133 0.00263157894736842
9133 0.0197368421052632
9133 0.0184210526315789
9157 1.17684210526316
9157 0
9157 3.36789473684211
9157 2.46578947368421
9157 3.14236842105263
9157 2.89868421052632
9157 0.00263157894736842
9157 0.0197368421052632
9157 0.0184210526315789
9158 1.17684210526316
9158 0
9158 3.36789473684211
9158 2.46578947368421
9158 3.14236842105263
9158 2.89868421052632
9158 0.00263157894736842
9158 0.0197368421052632
9158 0.0184210526315789
9159 1.17684210526316
9159 0
9159 3.36789473684211
9159 2.46578947368421
9159 3.14236842105263
9159 2.89868421052632
9159 0.00263157894736842
9159 0.0197368421052632
9159 0.0184210526315789
9160 1.17684210526316
9160 0
9160 3.36789473684211
9160 2.46578947368421
9160 3.14236842105263
9160 2.89868421052632
9160 0.00263157894736842
9160 0.0197368421052632
9160 0.0184210526315789
9161 1.17684210526316
9161 0
9161 3.36789473684211
9161 2.46578947368421
9161 3.14236842105263
9161 2.89868421052632
9161 0.00263157894736842
9161 0.0197368421052632
9161 0.0184210526315789
9176 1.17684210526316
9176 0
9176 3.36789473684211
9176 2.46578947368421
9176 3.14236842105263
9176 2.89868421052632
9176 0.00263157894736842
9176 0.0197368421052632
9176 0.0184210526315789
9196 1.17684210526316
9196 0
9196 3.36789473684211
9196 2.46578947368421
9196 3.14236842105263
9196 2.89868421052632
9196 0.00263157894736842
9196 0.0197368421052632
9196 0.0184210526315789
9198 1.17684210526316
9198 0
9198 3.36789473684211
9198 2.46578947368421
9198 3.14236842105263
9198 2.89868421052632
9198 0.00263157894736842
9198 0.0197368421052632
9198 0.0184210526315789
9200 1.17684210526316
9200 0
9200 3.36789473684211
9200 2.46578947368421
9200 3.14236842105263
9200 2.89868421052632
9200 0.00263157894736842
9200 0.0197368421052632
9200 0.0184210526315789
9201 1.17684210526316
9201 0
9201 3.36789473684211
9201 2.46578947368421
9201 3.14236842105263
9201 2.89868421052632
9201 0.00263157894736842
9201 0.0197368421052632
9201 0.0184210526315789
9202 1.17684210526316
9202 0
9202 3.36789473684211
9202 2.46578947368421
9202 3.14236842105263
9202 2.89868421052632
9202 0.00263157894736842
9202 0.0197368421052632
9202 0.0184210526315789
9203 1.17684210526316
9203 0
9203 3.36789473684211
9203 2.46578947368421
9203 3.14236842105263
9203 2.89868421052632
9203 0.00263157894736842
9203 0.0197368421052632
9203 0.0184210526315789
9216 1.17684210526316
9216 0
9216 3.36789473684211
9216 2.46578947368421
9216 3.14236842105263
9216 2.89868421052632
9216 0.00263157894736842
9216 0.0197368421052632
9216 0.0184210526315789
9242 1.17684210526316
9242 0
9242 3.36789473684211
9242 2.46578947368421
9242 3.14236842105263
9242 2.89868421052632
9242 0.00263157894736842
9242 0.0197368421052632
9242 0.0184210526315789
9243 1.17684210526316
9243 0
9243 3.36789473684211
9243 2.46578947368421
9243 3.14236842105263
9243 2.89868421052632
9243 0.00263157894736842
9243 0.0197368421052632
9243 0.0184210526315789
9244 1.17684210526316
9244 0
9244 3.36789473684211
9244 2.46578947368421
9244 3.14236842105263
9244 2.89868421052632
9244 0.00263157894736842
9244 0.0197368421052632
9244 0.0184210526315789
9245 1.17684210526316
9245 0
9245 3.36789473684211
9245 2.46578947368421
9245 3.14236842105263
9245 2.89868421052632
9245 0.00263157894736842
9245 0.0197368421052632
9245 0.0184210526315789
9247 1.17684210526316
9247 0
9247 3.36789473684211
9247 2.46578947368421
9247 3.14236842105263
9247 2.89868421052632
9247 0.00263157894736842
9247 0.0197368421052632
9247 0.0184210526315789
9257 1.17684210526316
9257 0
9257 3.36789473684211
9257 2.46578947368421
9257 3.14236842105263
9257 2.89868421052632
9257 0.00263157894736842
9257 0.0197368421052632
9257 0.0184210526315789
9259 1.17684210526316
9259 0
9259 3.36789473684211
9259 2.46578947368421
9259 3.14236842105263
9259 2.89868421052632
9259 0.00263157894736842
9259 0.0197368421052632
9259 0.0184210526315789
9261 1.17684210526316
9261 0
9261 3.36789473684211
9261 2.46578947368421
9261 3.14236842105263
9261 2.89868421052632
9261 0.00263157894736842
9261 0.0197368421052632
9261 0.0184210526315789
9287 1.17684210526316
9287 0
9287 3.36789473684211
9287 2.46578947368421
9287 3.14236842105263
9287 2.89868421052632
9287 0.00263157894736842
9287 0.0197368421052632
9287 0.0184210526315789
9288 1.17684210526316
9288 0
9288 3.36789473684211
9288 2.46578947368421
9288 3.14236842105263
9288 2.89868421052632
9288 0.00263157894736842
9288 0.0197368421052632
9288 0.0184210526315789
9290 1.17684210526316
9290 0
9290 3.36789473684211
9290 2.46578947368421
9290 3.14236842105263
9290 2.89868421052632
9290 0.00263157894736842
9290 0.0197368421052632
9290 0.0184210526315789
9291 1.17684210526316
9291 0
9291 3.36789473684211
9291 2.46578947368421
9291 3.14236842105263
9291 2.89868421052632
9291 0.00263157894736842
9291 0.0197368421052632
9291 0.0184210526315789
9292 1.17684210526316
9292 0
9292 3.36789473684211
9292 2.46578947368421
9292 3.14236842105263
9292 2.89868421052632
9292 0.00263157894736842
9292 0.0197368421052632
9292 0.0184210526315789
9294 1.17684210526316
9294 0
9294 3.36789473684211
9294 2.46578947368421
9294 3.14236842105263
9294 2.89868421052632
9294 0.00263157894736842
9294 0.0197368421052632
9294 0.0184210526315789
9296 1.17684210526316
9296 0
9296 3.36789473684211
9296 2.46578947368421
9296 3.14236842105263
9296 2.89868421052632
9296 0.00263157894736842
9296 0.0197368421052632
9296 0.0184210526315789
9305 1.17684210526316
9305 0
9305 3.36789473684211
9305 2.46578947368421
9305 3.14236842105263
9305 2.89868421052632
9305 0.00263157894736842
9305 0.0197368421052632
9305 0.0184210526315789
9338 1.17684210526316
9338 0
9338 3.36789473684211
9338 2.46578947368421
9338 3.14236842105263
9338 2.89868421052632
9338 0.00263157894736842
9338 0.0197368421052632
9338 0.0184210526315789
9341 1.17684210526316
9341 0
9341 3.36789473684211
9341 2.46578947368421
9341 3.14236842105263
9341 2.89868421052632
9341 0.00263157894736842
9341 0.0197368421052632
9341 0.0184210526315789
9342 1.17684210526316
9342 0
9342 3.36789473684211
9342 2.46578947368421
9342 3.14236842105263
9342 2.89868421052632
9342 0.00263157894736842
9342 0.0197368421052632
9342 0.0184210526315789
9343 1.17684210526316
9343 0
9343 3.36789473684211
9343 2.46578947368421
9343 3.14236842105263
9343 2.89868421052632
9343 0.00263157894736842
9343 0.0197368421052632
9343 0.0184210526315789
9344 1.17684210526316
9344 0
9344 3.36789473684211
9344 2.46578947368421
9344 3.14236842105263
9344 2.89868421052632
9344 0.00263157894736842
9344 0.0197368421052632
9344 0.0184210526315789
9349 1.17684210526316
9349 0
9349 3.36789473684211
9349 2.46578947368421
9349 3.14236842105263
9349 2.89868421052632
9349 0.00263157894736842
9349 0.0197368421052632
9349 0.0184210526315789
9357 1.17684210526316
9357 0
9357 3.36789473684211
9357 2.46578947368421
9357 3.14236842105263
9357 2.89868421052632
9357 0.00263157894736842
9357 0.0197368421052632
9357 0.0184210526315789
9359 1.17684210526316
9359 0
9359 3.36789473684211
9359 2.46578947368421
9359 3.14236842105263
9359 2.89868421052632
9359 0.00263157894736842
9359 0.0197368421052632
9359 0.0184210526315789
9362 1.17684210526316
9362 0
9362 3.36789473684211
9362 2.46578947368421
9362 3.14236842105263
9362 2.89868421052632
9362 0.00263157894736842
9362 0.0197368421052632
9362 0.0184210526315789
9363 1.17684210526316
9363 0
9363 3.36789473684211
9363 2.46578947368421
9363 3.14236842105263
9363 2.89868421052632
9363 0.00263157894736842
9363 0.0197368421052632
9363 0.0184210526315789
9364 1.17684210526316
9364 0
9364 3.36789473684211
9364 2.46578947368421
9364 3.14236842105263
9364 2.89868421052632
9364 0.00263157894736842
9364 0.0197368421052632
9364 0.0184210526315789
9394 1.17684210526316
9394 0
9394 3.36789473684211
9394 2.46578947368421
9394 3.14236842105263
9394 2.89868421052632
9394 0.00263157894736842
9394 0.0197368421052632
9394 0.0184210526315789
9395 1.17684210526316
9395 0
9395 3.36789473684211
9395 2.46578947368421
9395 3.14236842105263
9395 2.89868421052632
9395 0.00263157894736842
9395 0.0197368421052632
9395 0.0184210526315789
9396 1.17684210526316
9396 0
9396 3.36789473684211
9396 2.46578947368421
9396 3.14236842105263
9396 2.89868421052632
9396 0.00263157894736842
9396 0.0197368421052632
9396 0.0184210526315789
9397 1.17684210526316
9397 0
9397 3.36789473684211
9397 2.46578947368421
9397 3.14236842105263
9397 2.89868421052632
9397 0.00263157894736842
9397 0.0197368421052632
9397 0.0184210526315789
9398 1.17684210526316
9398 0
9398 3.36789473684211
9398 2.46578947368421
9398 3.14236842105263
9398 2.89868421052632
9398 0.00263157894736842
9398 0.0197368421052632
9398 0.0184210526315789
9402 1.17684210526316
9402 0
9402 3.36789473684211
9402 2.46578947368421
9402 3.14236842105263
9402 2.89868421052632
9402 0.00263157894736842
9402 0.0197368421052632
9402 0.0184210526315789
9403 1.17684210526316
9403 0
9403 3.36789473684211
9403 2.46578947368421
9403 3.14236842105263
9403 2.89868421052632
9403 0.00263157894736842
9403 0.0197368421052632
9403 0.0184210526315789
9414 1.17684210526316
9414 0
9414 3.36789473684211
9414 2.46578947368421
9414 3.14236842105263
9414 2.89868421052632
9414 0.00263157894736842
9414 0.0197368421052632
9414 0.0184210526315789
9416 1.17684210526316
9416 0
9416 3.36789473684211
9416 2.46578947368421
9416 3.14236842105263
9416 2.89868421052632
9416 0.00263157894736842
9416 0.0197368421052632
9416 0.0184210526315789
9420 1.17684210526316
9420 0
9420 3.36789473684211
9420 2.46578947368421
9420 3.14236842105263
9420 2.89868421052632
9420 0.00263157894736842
9420 0.0197368421052632
9420 0.0184210526315789
9450 1.17684210526316
9450 0
9450 3.36789473684211
9450 2.46578947368421
9450 3.14236842105263
9450 2.89868421052632
9450 0.00263157894736842
9450 0.0197368421052632
9450 0.0184210526315789
9451 1.17684210526316
9451 0
9451 3.36789473684211
9451 2.46578947368421
9451 3.14236842105263
9451 2.89868421052632
9451 0.00263157894736842
9451 0.0197368421052632
9451 0.0184210526315789
9452 1.17684210526316
9452 0
9452 3.36789473684211
9452 2.46578947368421
9452 3.14236842105263
9452 2.89868421052632
9452 0.00263157894736842
9452 0.0197368421052632
9452 0.0184210526315789
9455 1.17684210526316
9455 0
9455 3.36789473684211
9455 2.46578947368421
9455 3.14236842105263
9455 2.89868421052632
9455 0.00263157894736842
9455 0.0197368421052632
9455 0.0184210526315789
9456 1.17684210526316
9456 0
9456 3.36789473684211
9456 2.46578947368421
9456 3.14236842105263
9456 2.89868421052632
9456 0.00263157894736842
9456 0.0197368421052632
9456 0.0184210526315789
9474 1.17684210526316
9474 0
9474 3.36789473684211
9474 2.46578947368421
9474 3.14236842105263
9474 2.89868421052632
9474 0.00263157894736842
9474 0.0197368421052632
9474 0.0184210526315789
9476 1.17684210526316
9476 0
9476 3.36789473684211
9476 2.46578947368421
9476 3.14236842105263
9476 2.89868421052632
9476 0.00263157894736842
9476 0.0197368421052632
9476 0.0184210526315789
9477 1.17684210526316
9477 0
9477 3.36789473684211
9477 2.46578947368421
9477 3.14236842105263
9477 2.89868421052632
9477 0.00263157894736842
9477 0.0197368421052632
9477 0.0184210526315789
9478 1.17684210526316
9478 0
9478 3.36789473684211
9478 2.46578947368421
9478 3.14236842105263
9478 2.89868421052632
9478 0.00263157894736842
9478 0.0197368421052632
9478 0.0184210526315789
9479 1.17684210526316
9479 0
9479 3.36789473684211
9479 2.46578947368421
9479 3.14236842105263
9479 2.89868421052632
9479 0.00263157894736842
9479 0.0197368421052632
9479 0.0184210526315789
9480 1.17684210526316
9480 0
9480 3.36789473684211
9480 2.46578947368421
9480 3.14236842105263
9480 2.89868421052632
9480 0.00263157894736842
9480 0.0197368421052632
9480 0.0184210526315789
9507 1.17684210526316
9507 0
9507 3.36789473684211
9507 2.46578947368421
9507 3.14236842105263
9507 2.89868421052632
9507 0.00263157894736842
9507 0.0197368421052632
9507 0.0184210526315789
9510 1.17684210526316
9510 0
9510 3.36789473684211
9510 2.46578947368421
9510 3.14236842105263
9510 2.89868421052632
9510 0.00263157894736842
9510 0.0197368421052632
9510 0.0184210526315789
9511 1.17684210526316
9511 0
9511 3.36789473684211
9511 2.46578947368421
9511 3.14236842105263
9511 2.89868421052632
9511 0.00263157894736842
9511 0.0197368421052632
9511 0.0184210526315789
9512 1.17684210526316
9512 0
9512 3.36789473684211
9512 2.46578947368421
9512 3.14236842105263
9512 2.89868421052632
9512 0.00263157894736842
9512 0.0197368421052632
9512 0.0184210526315789
9513 1.17684210526316
9513 0
9513 3.36789473684211
9513 2.46578947368421
9513 3.14236842105263
9513 2.89868421052632
9513 0.00263157894736842
9513 0.0197368421052632
9513 0.0184210526315789
9515 1.17684210526316
9515 0
9515 3.36789473684211
9515 2.46578947368421
9515 3.14236842105263
9515 2.89868421052632
9515 0.00263157894736842
9515 0.0197368421052632
9515 0.0184210526315789
9516 1.17684210526316
9516 0
9516 3.36789473684211
9516 2.46578947368421
9516 3.14236842105263
9516 2.89868421052632
9516 0.00263157894736842
9516 0.0197368421052632
9516 0.0184210526315789
9537 1.17684210526316
9537 0
9537 3.36789473684211
9537 2.46578947368421
9537 3.14236842105263
9537 2.89868421052632
9537 0.00263157894736842
9537 0.0197368421052632
9537 0.0184210526315789
9538 1.17684210526316
9538 0
9538 3.36789473684211
9538 2.46578947368421
9538 3.14236842105263
9538 2.89868421052632
9538 0.00263157894736842
9538 0.0197368421052632
9538 0.0184210526315789
9539 1.17684210526316
9539 0
9539 3.36789473684211
9539 2.46578947368421
9539 3.14236842105263
9539 2.89868421052632
9539 0.00263157894736842
9539 0.0197368421052632
9539 0.0184210526315789
9540 1.17684210526316
9540 0
9540 3.36789473684211
9540 2.46578947368421
9540 3.14236842105263
9540 2.89868421052632
9540 0.00263157894736842
9540 0.0197368421052632
9540 0.0184210526315789
9541 1.17684210526316
9541 0
9541 3.36789473684211
9541 2.46578947368421
9541 3.14236842105263
9541 2.89868421052632
9541 0.00263157894736842
9541 0.0197368421052632
9541 0.0184210526315789
9542 1.17684210526316
9542 0
9542 3.36789473684211
9542 2.46578947368421
9542 3.14236842105263
9542 2.89868421052632
9542 0.00263157894736842
9542 0.0197368421052632
9542 0.0184210526315789
9543 1.17684210526316
9543 0
9543 3.36789473684211
9543 2.46578947368421
9543 3.14236842105263
9543 2.89868421052632
9543 0.00263157894736842
9543 0.0197368421052632
9543 0.0184210526315789
9581 1.17684210526316
9581 0
9581 3.36789473684211
9581 2.46578947368421
9581 3.14236842105263
9581 2.89868421052632
9581 0.00263157894736842
9581 0.0197368421052632
9581 0.0184210526315789
9582 1.17684210526316
9582 0
9582 3.36789473684211
9582 2.46578947368421
9582 3.14236842105263
9582 2.89868421052632
9582 0.00263157894736842
9582 0.0197368421052632
9582 0.0184210526315789
9583 1.17684210526316
9583 0
9583 3.36789473684211
9583 2.46578947368421
9583 3.14236842105263
9583 2.89868421052632
9583 0.00263157894736842
9583 0.0197368421052632
9583 0.0184210526315789
9585 1.17684210526316
9585 0
9585 3.36789473684211
9585 2.46578947368421
9585 3.14236842105263
9585 2.89868421052632
9585 0.00263157894736842
9585 0.0197368421052632
9585 0.0184210526315789
9603 1.17684210526316
9603 0
9603 3.36789473684211
9603 2.46578947368421
9603 3.14236842105263
9603 2.89868421052632
9603 0.00263157894736842
9603 0.0197368421052632
9603 0.0184210526315789
9605 1.17684210526316
9605 0
9605 3.36789473684211
9605 2.46578947368421
9605 3.14236842105263
9605 2.89868421052632
9605 0.00263157894736842
9605 0.0197368421052632
9605 0.0184210526315789
9607 1.17684210526316
9607 0
9607 3.36789473684211
9607 2.46578947368421
9607 3.14236842105263
9607 2.89868421052632
9607 0.00263157894736842
9607 0.0197368421052632
9607 0.0184210526315789
9608 1.17684210526316
9608 0
9608 3.36789473684211
9608 2.46578947368421
9608 3.14236842105263
9608 2.89868421052632
9608 0.00263157894736842
9608 0.0197368421052632
9608 0.0184210526315789
9610 1.17684210526316
9610 0
9610 3.36789473684211
9610 2.46578947368421
9610 3.14236842105263
9610 2.89868421052632
9610 0.00263157894736842
9610 0.0197368421052632
9610 0.0184210526315789
9611 1.17684210526316
9611 0
9611 3.36789473684211
9611 2.46578947368421
9611 3.14236842105263
9611 2.89868421052632
9611 0.00263157894736842
9611 0.0197368421052632
9611 0.0184210526315789
9612 1.17684210526316
9612 0
9612 3.36789473684211
9612 2.46578947368421
9612 3.14236842105263
9612 2.89868421052632
9612 0.00263157894736842
9612 0.0197368421052632
9612 0.0184210526315789
9613 1.17684210526316
9613 0
9613 3.36789473684211
9613 2.46578947368421
9613 3.14236842105263
9613 2.89868421052632
9613 0.00263157894736842
9613 0.0197368421052632
9613 0.0184210526315789
9654 1.17684210526316
9654 0
9654 3.36789473684211
9654 2.46578947368421
9654 3.14236842105263
9654 2.89868421052632
9654 0.00263157894736842
9654 0.0197368421052632
9654 0.0184210526315789
9656 1.17684210526316
9656 0
9656 3.36789473684211
9656 2.46578947368421
9656 3.14236842105263
9656 2.89868421052632
9656 0.00263157894736842
9656 0.0197368421052632
9656 0.0184210526315789
9657 1.17684210526316
9657 0
9657 3.36789473684211
9657 2.46578947368421
9657 3.14236842105263
9657 2.89868421052632
9657 0.00263157894736842
9657 0.0197368421052632
9657 0.0184210526315789
9658 1.17684210526316
9658 0
9658 3.36789473684211
9658 2.46578947368421
9658 3.14236842105263
9658 2.89868421052632
9658 0.00263157894736842
9658 0.0197368421052632
9658 0.0184210526315789
9659 1.17684210526316
9659 0
9659 3.36789473684211
9659 2.46578947368421
9659 3.14236842105263
9659 2.89868421052632
9659 0.00263157894736842
9659 0.0197368421052632
9659 0.0184210526315789
9660 1.17684210526316
9660 0
9660 3.36789473684211
9660 2.46578947368421
9660 3.14236842105263
9660 2.89868421052632
9660 0.00263157894736842
9660 0.0197368421052632
9660 0.0184210526315789
9666 1.17684210526316
9666 0
9666 3.36789473684211
9666 2.46578947368421
9666 3.14236842105263
9666 2.89868421052632
9666 0.00263157894736842
9666 0.0197368421052632
9666 0.0184210526315789
9677 1.17684210526316
9677 0
9677 3.36789473684211
9677 2.46578947368421
9677 3.14236842105263
9677 2.89868421052632
9677 0.00263157894736842
9677 0.0197368421052632
9677 0.0184210526315789
9680 1.17684210526316
9680 0
9680 3.36789473684211
9680 2.46578947368421
9680 3.14236842105263
9680 2.89868421052632
9680 0.00263157894736842
9680 0.0197368421052632
9680 0.0184210526315789
9681 1.17684210526316
9681 0
9681 3.36789473684211
9681 2.46578947368421
9681 3.14236842105263
9681 2.89868421052632
9681 0.00263157894736842
9681 0.0197368421052632
9681 0.0184210526315789
9683 1.17684210526316
9683 0
9683 3.36789473684211
9683 2.46578947368421
9683 3.14236842105263
9683 2.89868421052632
9683 0.00263157894736842
9683 0.0197368421052632
9683 0.0184210526315789
9685 1.17684210526316
9685 0
9685 3.36789473684211
9685 2.46578947368421
9685 3.14236842105263
9685 2.89868421052632
9685 0.00263157894736842
9685 0.0197368421052632
9685 0.0184210526315789
9686 1.17684210526316
9686 0
9686 3.36789473684211
9686 2.46578947368421
9686 3.14236842105263
9686 2.89868421052632
9686 0.00263157894736842
9686 0.0197368421052632
9686 0.0184210526315789
9687 1.17684210526316
9687 0
9687 3.36789473684211
9687 2.46578947368421
9687 3.14236842105263
9687 2.89868421052632
9687 0.00263157894736842
9687 0.0197368421052632
9687 0.0184210526315789
9688 1.17684210526316
9688 0
9688 3.36789473684211
9688 2.46578947368421
9688 3.14236842105263
9688 2.89868421052632
9688 0.00263157894736842
9688 0.0197368421052632
9688 0.0184210526315789
9689 1.17684210526316
9689 0
9689 3.36789473684211
9689 2.46578947368421
9689 3.14236842105263
9689 2.89868421052632
9689 0.00263157894736842
9689 0.0197368421052632
9689 0.0184210526315789
9732 1.17684210526316
9732 0
9732 3.36789473684211
9732 2.46578947368421
9732 3.14236842105263
9732 2.89868421052632
9732 0.00263157894736842
9732 0.0197368421052632
9732 0.0184210526315789
9733 1.17684210526316
9733 0
9733 3.36789473684211
9733 2.46578947368421
9733 3.14236842105263
9733 2.89868421052632
9733 0.00263157894736842
9733 0.0197368421052632
9733 0.0184210526315789
9734 1.17684210526316
9734 0
9734 3.36789473684211
9734 2.46578947368421
9734 3.14236842105263
9734 2.89868421052632
9734 0.00263157894736842
9734 0.0197368421052632
9734 0.0184210526315789
9735 1.17684210526316
9735 0
9735 3.36789473684211
9735 2.46578947368421
9735 3.14236842105263
9735 2.89868421052632
9735 0.00263157894736842
9735 0.0197368421052632
9735 0.0184210526315789
9736 1.17684210526316
9736 0
9736 3.36789473684211
9736 2.46578947368421
9736 3.14236842105263
9736 2.89868421052632
9736 0.00263157894736842
9736 0.0197368421052632
9736 0.0184210526315789
9738 1.17684210526316
9738 0
9738 3.36789473684211
9738 2.46578947368421
9738 3.14236842105263
9738 2.89868421052632
9738 0.00263157894736842
9738 0.0197368421052632
9738 0.0184210526315789
9739 1.17684210526316
9739 0
9739 3.36789473684211
9739 2.46578947368421
9739 3.14236842105263
9739 2.89868421052632
9739 0.00263157894736842
9739 0.0197368421052632
9739 0.0184210526315789
9742 1.17684210526316
9742 0
9742 3.36789473684211
9742 2.46578947368421
9742 3.14236842105263
9742 2.89868421052632
9742 0.00263157894736842
9742 0.0197368421052632
9742 0.0184210526315789
9744 1.17684210526316
9744 0
9744 3.36789473684211
9744 2.46578947368421
9744 3.14236842105263
9744 2.89868421052632
9744 0.00263157894736842
9744 0.0197368421052632
9744 0.0184210526315789
9758 1.17684210526316
9758 0
9758 3.36789473684211
9758 2.46578947368421
9758 3.14236842105263
9758 2.89868421052632
9758 0.00263157894736842
9758 0.0197368421052632
9758 0.0184210526315789
9759 1.17684210526316
9759 0
9759 3.36789473684211
9759 2.46578947368421
9759 3.14236842105263
9759 2.89868421052632
9759 0.00263157894736842
9759 0.0197368421052632
9759 0.0184210526315789
9762 1.17684210526316
9762 0
9762 3.36789473684211
9762 2.46578947368421
9762 3.14236842105263
9762 2.89868421052632
9762 0.00263157894736842
9762 0.0197368421052632
9762 0.0184210526315789
9763 1.17684210526316
9763 0
9763 3.36789473684211
9763 2.46578947368421
9763 3.14236842105263
9763 2.89868421052632
9763 0.00263157894736842
9763 0.0197368421052632
9763 0.0184210526315789
9764 1.17684210526316
9764 0
9764 3.36789473684211
9764 2.46578947368421
9764 3.14236842105263
9764 2.89868421052632
9764 0.00263157894736842
9764 0.0197368421052632
9764 0.0184210526315789
9765 1.17684210526316
9765 0
9765 3.36789473684211
9765 2.46578947368421
9765 3.14236842105263
9765 2.89868421052632
9765 0.00263157894736842
9765 0.0197368421052632
9765 0.0184210526315789
9766 1.17684210526316
9766 0
9766 3.36789473684211
9766 2.46578947368421
9766 3.14236842105263
9766 2.89868421052632
9766 0.00263157894736842
9766 0.0197368421052632
9766 0.0184210526315789
9812 1.17684210526316
9812 0
9812 3.36789473684211
9812 2.46578947368421
9812 3.14236842105263
9812 2.89868421052632
9812 0.00263157894736842
9812 0.0197368421052632
9812 0.0184210526315789
9813 1.17684210526316
9813 0
9813 3.36789473684211
9813 2.46578947368421
9813 3.14236842105263
9813 2.89868421052632
9813 0.00263157894736842
9813 0.0197368421052632
9813 0.0184210526315789
9814 1.17684210526316
9814 0
9814 3.36789473684211
9814 2.46578947368421
9814 3.14236842105263
9814 2.89868421052632
9814 0.00263157894736842
9814 0.0197368421052632
9814 0.0184210526315789
9815 1.17684210526316
9815 0
9815 3.36789473684211
9815 2.46578947368421
9815 3.14236842105263
9815 2.89868421052632
9815 0.00263157894736842
9815 0.0197368421052632
9815 0.0184210526315789
9816 1.17684210526316
9816 0
9816 3.36789473684211
9816 2.46578947368421
9816 3.14236842105263
9816 2.89868421052632
9816 0.00263157894736842
9816 0.0197368421052632
9816 0.0184210526315789
9817 1.17684210526316
9817 0
9817 3.36789473684211
9817 2.46578947368421
9817 3.14236842105263
9817 2.89868421052632
9817 0.00263157894736842
9817 0.0197368421052632
9817 0.0184210526315789
9818 1.17684210526316
9818 0
9818 3.36789473684211
9818 2.46578947368421
9818 3.14236842105263
9818 2.89868421052632
9818 0.00263157894736842
9818 0.0197368421052632
9818 0.0184210526315789
9819 1.17684210526316
9819 0
9819 3.36789473684211
9819 2.46578947368421
9819 3.14236842105263
9819 2.89868421052632
9819 0.00263157894736842
9819 0.0197368421052632
9819 0.0184210526315789
9820 1.17684210526316
9820 0
9820 3.36789473684211
9820 2.46578947368421
9820 3.14236842105263
9820 2.89868421052632
9820 0.00263157894736842
9820 0.0197368421052632
9820 0.0184210526315789
9822 1.17684210526316
9822 0
9822 3.36789473684211
9822 2.46578947368421
9822 3.14236842105263
9822 2.89868421052632
9822 0.00263157894736842
9822 0.0197368421052632
9822 0.0184210526315789
9838 1.17684210526316
9838 0
9838 3.36789473684211
9838 2.46578947368421
9838 3.14236842105263
9838 2.89868421052632
9838 0.00263157894736842
9838 0.0197368421052632
9838 0.0184210526315789
9840 1.17684210526316
9840 0
9840 3.36789473684211
9840 2.46578947368421
9840 3.14236842105263
9840 2.89868421052632
9840 0.00263157894736842
9840 0.0197368421052632
9840 0.0184210526315789
9841 1.17684210526316
9841 0
9841 3.36789473684211
9841 2.46578947368421
9841 3.14236842105263
9841 2.89868421052632
9841 0.00263157894736842
9841 0.0197368421052632
9841 0.0184210526315789
9843 1.17684210526316
9843 0
9843 3.36789473684211
9843 2.46578947368421
9843 3.14236842105263
9843 2.89868421052632
9843 0.00263157894736842
9843 0.0197368421052632
9843 0.0184210526315789
9844 1.17684210526316
9844 0
9844 3.36789473684211
9844 2.46578947368421
9844 3.14236842105263
9844 2.89868421052632
9844 0.00263157894736842
9844 0.0197368421052632
9844 0.0184210526315789
9845 1.17684210526316
9845 0
9845 3.36789473684211
9845 2.46578947368421
9845 3.14236842105263
9845 2.89868421052632
9845 0.00263157894736842
9845 0.0197368421052632
9845 0.0184210526315789
9891 1.17684210526316
9891 0
9891 3.36789473684211
9891 2.46578947368421
9891 3.14236842105263
9891 2.89868421052632
9891 0.00263157894736842
9891 0.0197368421052632
9891 0.0184210526315789
9892 1.17684210526316
9892 0
9892 3.36789473684211
9892 2.46578947368421
9892 3.14236842105263
9892 2.89868421052632
9892 0.00263157894736842
9892 0.0197368421052632
9892 0.0184210526315789
9893 1.17684210526316
9893 0
9893 3.36789473684211
9893 2.46578947368421
9893 3.14236842105263
9893 2.89868421052632
9893 0.00263157894736842
9893 0.0197368421052632
9893 0.0184210526315789
9894 1.17684210526316
9894 0
9894 3.36789473684211
9894 2.46578947368421
9894 3.14236842105263
9894 2.89868421052632
9894 0.00263157894736842
9894 0.0197368421052632
9894 0.0184210526315789
9895 1.17684210526316
9895 0
9895 3.36789473684211
9895 2.46578947368421
9895 3.14236842105263
9895 2.89868421052632
9895 0.00263157894736842
9895 0.0197368421052632
9895 0.0184210526315789
9896 1.17684210526316
9896 0
9896 3.36789473684211
9896 2.46578947368421
9896 3.14236842105263
9896 2.89868421052632
9896 0.00263157894736842
9896 0.0197368421052632
9896 0.0184210526315789
9897 1.17684210526316
9897 0
9897 3.36789473684211
9897 2.46578947368421
9897 3.14236842105263
9897 2.89868421052632
9897 0.00263157894736842
9897 0.0197368421052632
9897 0.0184210526315789
9898 1.17684210526316
9898 0
9898 3.36789473684211
9898 2.46578947368421
9898 3.14236842105263
9898 2.89868421052632
9898 0.00263157894736842
9898 0.0197368421052632
9898 0.0184210526315789
9900 1.17684210526316
9900 0
9900 3.36789473684211
9900 2.46578947368421
9900 3.14236842105263
9900 2.89868421052632
9900 0.00263157894736842
9900 0.0197368421052632
9900 0.0184210526315789
9901 1.17684210526316
9901 0
9901 3.36789473684211
9901 2.46578947368421
9901 3.14236842105263
9901 2.89868421052632
9901 0.00263157894736842
9901 0.0197368421052632
9901 0.0184210526315789
9920 1.17684210526316
9920 0
9920 3.36789473684211
9920 2.46578947368421
9920 3.14236842105263
9920 2.89868421052632
9920 0.00263157894736842
9920 0.0197368421052632
9920 0.0184210526315789
9922 1.17684210526316
9922 0
9922 3.36789473684211
9922 2.46578947368421
9922 3.14236842105263
9922 2.89868421052632
9922 0.00263157894736842
9922 0.0197368421052632
9922 0.0184210526315789
9925 1.17684210526316
9925 0
9925 3.36789473684211
9925 2.46578947368421
9925 3.14236842105263
9925 2.89868421052632
9925 0.00263157894736842
9925 0.0197368421052632
9925 0.0184210526315789
9974 1.17684210526316
9974 0
9974 3.36789473684211
9974 2.46578947368421
9974 3.14236842105263
9974 2.89868421052632
9974 0.00263157894736842
9974 0.0197368421052632
9974 0.0184210526315789
9975 1.17684210526316
9975 0
9975 3.36789473684211
9975 2.46578947368421
9975 3.14236842105263
9975 2.89868421052632
9975 0.00263157894736842
9975 0.0197368421052632
9975 0.0184210526315789
9976 1.17684210526316
9976 0
9976 3.36789473684211
9976 2.46578947368421
9976 3.14236842105263
9976 2.89868421052632
9976 0.00263157894736842
9976 0.0197368421052632
9976 0.0184210526315789
9977 1.17684210526316
9977 0
9977 3.36789473684211
9977 2.46578947368421
9977 3.14236842105263
9977 2.89868421052632
9977 0.00263157894736842
9977 0.0197368421052632
9977 0.0184210526315789
9978 1.17684210526316
9978 0
9978 3.36789473684211
9978 2.46578947368421
9978 3.14236842105263
9978 2.89868421052632
9978 0.00263157894736842
9978 0.0197368421052632
9978 0.0184210526315789
9979 1.17684210526316
9979 0
9979 3.36789473684211
9979 2.46578947368421
9979 3.14236842105263
9979 2.89868421052632
9979 0.00263157894736842
9979 0.0197368421052632
9979 0.0184210526315789
9980 1.17684210526316
9980 0
9980 3.36789473684211
9980 2.46578947368421
9980 3.14236842105263
9980 2.89868421052632
9980 0.00263157894736842
9980 0.0197368421052632
9980 0.0184210526315789
9981 1.17684210526316
9981 0
9981 3.36789473684211
9981 2.46578947368421
9981 3.14236842105263
9981 2.89868421052632
9981 0.00263157894736842
9981 0.0197368421052632
9981 0.0184210526315789
9982 1.17684210526316
9982 0
9982 3.36789473684211
9982 2.46578947368421
9982 3.14236842105263
9982 2.89868421052632
9982 0.00263157894736842
9982 0.0197368421052632
9982 0.0184210526315789
9983 1.17684210526316
9983 0
9983 3.36789473684211
9983 2.46578947368421
9983 3.14236842105263
9983 2.89868421052632
9983 0.00263157894736842
9983 0.0197368421052632
9983 0.0184210526315789
9984 1.17684210526316
9984 0
9984 3.36789473684211
9984 2.46578947368421
9984 3.14236842105263
9984 2.89868421052632
9984 0.00263157894736842
9984 0.0197368421052632
9984 0.0184210526315789
10001 1.17684210526316
10001 0
10001 3.36789473684211
10001 2.46578947368421
10001 3.14236842105263
10001 2.89868421052632
10001 0.00263157894736842
10001 0.0197368421052632
10001 0.0184210526315789
10002 1.17684210526316
10002 0
10002 3.36789473684211
10002 2.46578947368421
10002 3.14236842105263
10002 2.89868421052632
10002 0.00263157894736842
10002 0.0197368421052632
10002 0.0184210526315789
10004 1.17684210526316
10004 0
10004 3.36789473684211
10004 2.46578947368421
10004 3.14236842105263
10004 2.89868421052632
10004 0.00263157894736842
10004 0.0197368421052632
10004 0.0184210526315789
10007 1.17684210526316
10007 0
10007 3.36789473684211
10007 2.46578947368421
10007 3.14236842105263
10007 2.89868421052632
10007 0.00263157894736842
10007 0.0197368421052632
10007 0.0184210526315789
10057 1.17684210526316
10057 0
10057 3.36789473684211
10057 2.46578947368421
10057 3.14236842105263
10057 2.89868421052632
10057 0.00263157894736842
10057 0.0197368421052632
10057 0.0184210526315789
10058 1.17684210526316
10058 0
10058 3.36789473684211
10058 2.46578947368421
10058 3.14236842105263
10058 2.89868421052632
10058 0.00263157894736842
10058 0.0197368421052632
10058 0.0184210526315789
10059 1.17684210526316
10059 0
10059 3.36789473684211
10059 2.46578947368421
10059 3.14236842105263
10059 2.89868421052632
10059 0.00263157894736842
10059 0.0197368421052632
10059 0.0184210526315789
10060 1.17684210526316
10060 0
10060 3.36789473684211
10060 2.46578947368421
10060 3.14236842105263
10060 2.89868421052632
10060 0.00263157894736842
10060 0.0197368421052632
10060 0.0184210526315789
10061 1.17684210526316
10061 0
10061 3.36789473684211
10061 2.46578947368421
10061 3.14236842105263
10061 2.89868421052632
10061 0.00263157894736842
10061 0.0197368421052632
10061 0.0184210526315789
10062 1.17684210526316
10062 0
10062 3.36789473684211
10062 2.46578947368421
10062 3.14236842105263
10062 2.89868421052632
10062 0.00263157894736842
10062 0.0197368421052632
10062 0.0184210526315789
10063 1.17684210526316
10063 0
10063 3.36789473684211
10063 2.46578947368421
10063 3.14236842105263
10063 2.89868421052632
10063 0.00263157894736842
10063 0.0197368421052632
10063 0.0184210526315789
10064 1.17684210526316
10064 0
10064 3.36789473684211
10064 2.46578947368421
10064 3.14236842105263
10064 2.89868421052632
10064 0.00263157894736842
10064 0.0197368421052632
10064 0.0184210526315789
10065 1.17684210526316
10065 0
10065 3.36789473684211
10065 2.46578947368421
10065 3.14236842105263
10065 2.89868421052632
10065 0.00263157894736842
10065 0.0197368421052632
10065 0.0184210526315789
10085 1.17684210526316
10085 0
10085 3.36789473684211
10085 2.46578947368421
10085 3.14236842105263
10085 2.89868421052632
10085 0.00263157894736842
10085 0.0197368421052632
10085 0.0184210526315789
10087 1.17684210526316
10087 0
10087 3.36789473684211
10087 2.46578947368421
10087 3.14236842105263
10087 2.89868421052632
10087 0.00263157894736842
10087 0.0197368421052632
10087 0.0184210526315789
10088 1.17684210526316
10088 0
10088 3.36789473684211
10088 2.46578947368421
10088 3.14236842105263
10088 2.89868421052632
10088 0.00263157894736842
10088 0.0197368421052632
10088 0.0184210526315789
10139 1.17684210526316
10139 0
10139 3.36789473684211
10139 2.46578947368421
10139 3.14236842105263
10139 2.89868421052632
10139 0.00263157894736842
10139 0.0197368421052632
10139 0.0184210526315789
10140 1.17684210526316
10140 0
10140 3.36789473684211
10140 2.46578947368421
10140 3.14236842105263
10140 2.89868421052632
10140 0.00263157894736842
10140 0.0197368421052632
10140 0.0184210526315789
10141 1.17684210526316
10141 0
10141 3.36789473684211
10141 2.46578947368421
10141 3.14236842105263
10141 2.89868421052632
10141 0.00263157894736842
10141 0.0197368421052632
10141 0.0184210526315789
10142 1.17684210526316
10142 0
10142 3.36789473684211
10142 2.46578947368421
10142 3.14236842105263
10142 2.89868421052632
10142 0.00263157894736842
10142 0.0197368421052632
10142 0.0184210526315789
10143 1.17684210526316
10143 0
10143 3.36789473684211
10143 2.46578947368421
10143 3.14236842105263
10143 2.89868421052632
10143 0.00263157894736842
10143 0.0197368421052632
10143 0.0184210526315789
10144 1.17684210526316
10144 0
10144 3.36789473684211
10144 2.46578947368421
10144 3.14236842105263
10144 2.89868421052632
10144 0.00263157894736842
10144 0.0197368421052632
10144 0.0184210526315789
10145 1.17684210526316
10145 0
10145 3.36789473684211
10145 2.46578947368421
10145 3.14236842105263
10145 2.89868421052632
10145 0.00263157894736842
10145 0.0197368421052632
10145 0.0184210526315789
10146 1.17684210526316
10146 0
10146 3.36789473684211
10146 2.46578947368421
10146 3.14236842105263
10146 2.89868421052632
10146 0.00263157894736842
10146 0.0197368421052632
10146 0.0184210526315789
10147 1.17684210526316
10147 0
10147 3.36789473684211
10147 2.46578947368421
10147 3.14236842105263
10147 2.89868421052632
10147 0.00263157894736842
10147 0.0197368421052632
10147 0.0184210526315789
10148 1.17684210526316
10148 0
10148 3.36789473684211
10148 2.46578947368421
10148 3.14236842105263
10148 2.89868421052632
10148 0.00263157894736842
10148 0.0197368421052632
10148 0.0184210526315789
10223 1.17684210526316
10223 0
10223 3.36789473684211
10223 2.46578947368421
10223 3.14236842105263
10223 2.89868421052632
10223 0.00263157894736842
10223 0.0197368421052632
10223 0.0184210526315789
10224 1.17684210526316
10224 0
10224 3.36789473684211
10224 2.46578947368421
10224 3.14236842105263
10224 2.89868421052632
10224 0.00263157894736842
10224 0.0197368421052632
10224 0.0184210526315789
10225 1.17684210526316
10225 0
10225 3.36789473684211
10225 2.46578947368421
10225 3.14236842105263
10225 2.89868421052632
10225 0.00263157894736842
10225 0.0197368421052632
10225 0.0184210526315789
10226 1.17684210526316
10226 0
10226 3.36789473684211
10226 2.46578947368421
10226 3.14236842105263
10226 2.89868421052632
10226 0.00263157894736842
10226 0.0197368421052632
10226 0.0184210526315789
10227 1.17684210526316
10227 0
10227 3.36789473684211
10227 2.46578947368421
10227 3.14236842105263
10227 2.89868421052632
10227 0.00263157894736842
10227 0.0197368421052632
10227 0.0184210526315789
10228 1.17684210526316
10228 0
10228 3.36789473684211
10228 2.46578947368421
10228 3.14236842105263
10228 2.89868421052632
10228 0.00263157894736842
10228 0.0197368421052632
10228 0.0184210526315789
10229 1.17684210526316
10229 0
10229 3.36789473684211
10229 2.46578947368421
10229 3.14236842105263
10229 2.89868421052632
10229 0.00263157894736842
10229 0.0197368421052632
10229 0.0184210526315789
10231 1.17684210526316
10231 0
10231 3.36789473684211
10231 2.46578947368421
10231 3.14236842105263
10231 2.89868421052632
10231 0.00263157894736842
10231 0.0197368421052632
10231 0.0184210526315789
10232 1.17684210526316
10232 0
10232 3.36789473684211
10232 2.46578947368421
10232 3.14236842105263
10232 2.89868421052632
10232 0.00263157894736842
10232 0.0197368421052632
10232 0.0184210526315789
10233 1.17684210526316
10233 0
10233 3.36789473684211
10233 2.46578947368421
10233 3.14236842105263
10233 2.89868421052632
10233 0.00263157894736842
10233 0.0197368421052632
10233 0.0184210526315789
10313 1.17684210526316
10313 0
10313 3.36789473684211
10313 2.46578947368421
10313 3.14236842105263
10313 2.89868421052632
10313 0.00263157894736842
10313 0.0197368421052632
10313 0.0184210526315789
10314 1.17684210526316
10314 0
10314 3.36789473684211
10314 2.46578947368421
10314 3.14236842105263
10314 2.89868421052632
10314 0.00263157894736842
10314 0.0197368421052632
10314 0.0184210526315789
10317 1.17684210526316
10317 0
10317 3.36789473684211
10317 2.46578947368421
10317 3.14236842105263
10317 2.89868421052632
10317 0.00263157894736842
10317 0.0197368421052632
10317 0.0184210526315789
10320 1.17684210526316
10320 0
10320 3.36789473684211
10320 2.46578947368421
10320 3.14236842105263
10320 2.89868421052632
10320 0.00263157894736842
10320 0.0197368421052632
10320 0.0184210526315789
10400 1.17684210526316
10400 0
10400 3.36789473684211
10400 2.46578947368421
10400 3.14236842105263
10400 2.89868421052632
10400 0.00263157894736842
10400 0.0197368421052632
10400 0.0184210526315789
10402 1.17684210526316
10402 0
10402 3.36789473684211
10402 2.46578947368421
10402 3.14236842105263
10402 2.89868421052632
10402 0.00263157894736842
10402 0.0197368421052632
10402 0.0184210526315789
10404 1.17684210526316
10404 0
10404 3.36789473684211
10404 2.46578947368421
10404 3.14236842105263
10404 2.89868421052632
10404 0.00263157894736842
10404 0.0197368421052632
10404 0.0184210526315789
10497 1.17684210526316
10497 0
10497 3.36789473684211
10497 2.46578947368421
10497 3.14236842105263
10497 2.89868421052632
10497 0.00263157894736842
10497 0.0197368421052632
10497 0.0184210526315789
10498 1.17684210526316
10498 0
10498 3.36789473684211
10498 2.46578947368421
10498 3.14236842105263
10498 2.89868421052632
10498 0.00263157894736842
10498 0.0197368421052632
10498 0.0184210526315789
10503 1.17684210526316
10503 0
10503 3.36789473684211
10503 2.46578947368421
10503 3.14236842105263
10503 2.89868421052632
10503 0.00263157894736842
10503 0.0197368421052632
10503 0.0184210526315789
10595 1.17684210526316
10595 0
10595 3.36789473684211
10595 2.46578947368421
10595 3.14236842105263
10595 2.89868421052632
10595 0.00263157894736842
10595 0.0197368421052632
10595 0.0184210526315789
10596 1.17684210526316
10596 0
10596 3.36789473684211
10596 2.46578947368421
10596 3.14236842105263
10596 2.89868421052632
10596 0.00263157894736842
10596 0.0197368421052632
10596 0.0184210526315789
10602 1.17684210526316
10602 0
10602 3.36789473684211
10602 2.46578947368421
10602 3.14236842105263
10602 2.89868421052632
10602 0.00263157894736842
10602 0.0197368421052632
10602 0.0184210526315789
