pt_graph shape
11405 1
11405 1
11405 1
11405 1
11405 1
11405 1
11405 1
11405 1
11405 1
11795 1
11795 1
11795 1
11795 1
11795 1
11795 1
11795 1
11795 1
11795 1
11794 1
11794 1
11794 1
11794 1
11794 1
11794 1
11794 1
11794 1
11794 1
11925 1
11925 1
11925 1
11925 1
11925 1
11925 1
11925 1
11925 1
11925 1
12050 1
12050 1
12050 1
12050 1
12050 1
12050 1
12050 1
12050 1
12050 1
12049 1
12049 1
12049 1
12049 1
12049 1
12049 1
12049 1
12049 1
12049 1
12177 1
12177 1
12177 1
12177 1
12177 1
12177 1
12177 1
12177 1
12177 1
12175 1
12175 1
12175 1
12175 1
12175 1
12175 1
12175 1
12175 1
12175 1
12174 1
12174 1
12174 1
12174 1
12174 1
12174 1
12174 1
12174 1
12174 1
12173 1
12173 1
12173 1
12173 1
12173 1
12173 1
12173 1
12173 1
12173 1
12303 1
12303 1
12303 1
12303 1
12303 1
12303 1
12303 1
12303 1
12303 1
12465 1
12465 1
12465 1
12465 1
12465 1
12465 1
12465 1
12465 1
12465 1
12460 1
12460 1
12460 1
12460 1
12460 1
12460 1
12460 1
12460 1
12460 1
12459 1
12459 1
12459 1
12459 1
12459 1
12459 1
12459 1
12459 1
12459 1
12458 1
12458 1
12458 1
12458 1
12458 1
12458 1
12458 1
12458 1
12458 1
12598 1
12598 1
12598 1
12598 1
12598 1
12598 1
12598 1
12598 1
12598 1
12592 1
12592 1
12592 1
12592 1
12592 1
12592 1
12592 1
12592 1
12592 1
12588 1
12588 1
12588 1
12588 1
12588 1
12588 1
12588 1
12588 1
12588 1
12575 1
12575 1
12575 1
12575 1
12575 1
12575 1
12575 1
12575 1
12575 1
12560 1
12560 1
12560 1
12560 1
12560 1
12560 1
12560 1
12560 1
12560 1
12720 1
12720 1
12720 1
12720 1
12720 1
12720 1
12720 1
12720 1
12720 1
12717 1
12717 1
12717 1
12717 1
12717 1
12717 1
12717 1
12717 1
12717 1
12716 1
12716 1
12716 1
12716 1
12716 1
12716 1
12716 1
12716 1
12716 1
12715 1
12715 1
12715 1
12715 1
12715 1
12715 1
12715 1
12715 1
12715 1
12712 1
12712 1
12712 1
12712 1
12712 1
12712 1
12712 1
12712 1
12712 1
12711 1
12711 1
12711 1
12711 1
12711 1
12711 1
12711 1
12711 1
12711 1
12838 1
12838 1
12838 1
12838 1
12838 1
12838 1
12838 1
12838 1
12838 1
12835 1
12835 1
12835 1
12835 1
12835 1
12835 1
12835 1
12835 1
12835 1
12834 1
12834 1
12834 1
12834 1
12834 1
12834 1
12834 1
12834 1
12834 1
12822 1
12822 1
12822 1
12822 1
12822 1
12822 1
12822 1
12822 1
12822 1
12820 1
12820 1
12820 1
12820 1
12820 1
12820 1
12820 1
12820 1
12820 1
12817 1
12817 1
12817 1
12817 1
12817 1
12817 1
12817 1
12817 1
12817 1
12816 1
12816 1
12816 1
12816 1
12816 1
12816 1
12816 1
12816 1
12816 1
12804 1
12804 1
12804 1
12804 1
12804 1
12804 1
12804 1
12804 1
12804 1
12957 1
12957 1
12957 1
12957 1
12957 1
12957 1
12957 1
12957 1
12957 1
12937 1
12937 1
12937 1
12937 1
12937 1
12937 1
12937 1
12937 1
12937 1
12936 1
12936 1
12936 1
12936 1
12936 1
12936 1
12936 1
12936 1
12936 1
12935 1
12935 1
12935 1
12935 1
12935 1
12935 1
12935 1
12935 1
12935 1
13068 1
13068 1
13068 1
13068 1
13068 1
13068 1
13068 1
13068 1
13068 1
13063 1
13063 1
13063 1
13063 1
13063 1
13063 1
13063 1
13063 1
13063 1
13058 1
13058 1
13058 1
13058 1
13058 1
13058 1
13058 1
13058 1
13058 1
13054 1
13054 1
13054 1
13054 1
13054 1
13054 1
13054 1
13054 1
13054 1
13053 1
13053 1
13053 1
13053 1
13053 1
13053 1
13053 1
13053 1
13053 1
13042 1
13042 1
13042 1
13042 1
13042 1
13042 1
13042 1
13042 1
13042 1
13171 1
13171 1
13171 1
13171 1
13171 1
13171 1
13171 1
13171 1
13171 1
13169 1
13169 1
13169 1
13169 1
13169 1
13169 1
13169 1
13169 1
13169 1
13168 1
13168 1
13168 1
13168 1
13168 1
13168 1
13168 1
13168 1
13168 1
13157 1
13157 1
13157 1
13157 1
13157 1
13157 1
13157 1
13157 1
13157 1
13156 1
13156 1
13156 1
13156 1
13156 1
13156 1
13156 1
13156 1
13156 1
13154 1
13154 1
13154 1
13154 1
13154 1
13154 1
13154 1
13154 1
13154 1
13148 1
13148 1
13148 1
13148 1
13148 1
13148 1
13148 1
13148 1
13148 1
13265 1
13265 1
13265 1
13265 1
13265 1
13265 1
13265 1
13265 1
13265 1
13264 1
13264 1
13264 1
13264 1
13264 1
13264 1
13264 1
13264 1
13264 1
13262 1
13262 1
13262 1
13262 1
13262 1
13262 1
13262 1
13262 1
13262 1
13260 1
13260 1
13260 1
13260 1
13260 1
13260 1
13260 1
13260 1
13260 1
13259 1
13259 1
13259 1
13259 1
13259 1
13259 1
13259 1
13259 1
13259 1
13256 1
13256 1
13256 1
13256 1
13256 1
13256 1
13256 1
13256 1
13256 1
13255 1
13255 1
13255 1
13255 1
13255 1
13255 1
13255 1
13255 1
13255 1
13253 1
13253 1
13253 1
13253 1
13253 1
13253 1
13253 1
13253 1
13253 1
13347 1
13347 1
13347 1
13347 1
13347 1
13347 1
13347 1
13347 1
13347 1
13345 1
13345 1
13345 1
13345 1
13345 1
13345 1
13345 1
13345 1
13345 1
13342 1
13342 1
13342 1
13342 1
13342 1
13342 1
13342 1
13342 1
13342 1
13432 1
13432 1
13432 1
13432 1
13432 1
13432 1
13432 1
13432 1
13432 1
13430 1
13430 1
13430 1
13430 1
13430 1
13430 1
13430 1
13430 1
13430 1
13429 1
13429 1
13429 1
13429 1
13429 1
13429 1
13429 1
13429 1
13429 1
13428 1
13428 1
13428 1
13428 1
13428 1
13428 1
13428 1
13428 1
13428 1
13427 1
13427 1
13427 1
13427 1
13427 1
13427 1
13427 1
13427 1
13427 1
13426 1
13426 1
13426 1
13426 1
13426 1
13426 1
13426 1
13426 1
13426 1
13425 1
13425 1
13425 1
13425 1
13425 1
13425 1
13425 1
13425 1
13425 1
13423 1
13423 1
13423 1
13423 1
13423 1
13423 1
13423 1
13423 1
13423 1
13422 1
13422 1
13422 1
13422 1
13422 1
13422 1
13422 1
13422 1
13422 1
13421 1
13421 1
13421 1
13421 1
13421 1
13421 1
13421 1
13421 1
13421 1
13420 1
13420 1
13420 1
13420 1
13420 1
13420 1
13420 1
13420 1
13420 1
13498 1
13498 1
13498 1
13498 1
13498 1
13498 1
13498 1
13498 1
13498 1
