pt_graph scale
5807 1.09
5807 3.9
5807 5.72470588235294
5807 2.56705882352941
5807 2.62411764705882
5807 2.82352941176471
5807 0.0235294117647059
5807 0.888235294117647
5807 0.0670588235294118
6080 1.09
6080 3.9
6080 5.72470588235294
6080 2.56705882352941
6080 2.62411764705882
6080 2.82352941176471
6080 0.0235294117647059
6080 0.888235294117647
6080 0.0670588235294118
6202 1.09
6202 3.9
6202 5.72470588235294
6202 2.56705882352941
6202 2.62411764705882
6202 2.82352941176471
6202 0.0235294117647059
6202 0.888235294117647
6202 0.0670588235294118
6262 1.09
6262 3.9
6262 5.72470588235294
6262 2.56705882352941
6262 2.62411764705882
6262 2.82352941176471
6262 0.0235294117647059
6262 0.888235294117647
6262 0.0670588235294118
6256 1.09
6256 3.9
6256 5.72470588235294
6256 2.56705882352941
6256 2.62411764705882
6256 2.82352941176471
6256 0.0235294117647059
6256 0.888235294117647
6256 0.0670588235294118
6382 1.09
6382 3.9
6382 5.72470588235294
6382 2.56705882352941
6382 2.62411764705882
6382 2.82352941176471
6382 0.0235294117647059
6382 0.888235294117647
6382 0.0670588235294118
6376 1.09
6376 3.9
6376 5.72470588235294
6376 2.56705882352941
6376 2.62411764705882
6376 2.82352941176471
6376 0.0235294117647059
6376 0.888235294117647
6376 0.0670588235294118
6443 1.09
6443 3.9
6443 5.72470588235294
6443 2.56705882352941
6443 2.62411764705882
6443 2.82352941176471
6443 0.0235294117647059
6443 0.888235294117647
6443 0.0670588235294118
6628 1.09
6628 3.9
6628 5.72470588235294
6628 2.56705882352941
6628 2.62411764705882
6628 2.82352941176471
6628 0.0235294117647059
6628 0.888235294117647
6628 0.0670588235294118
6687 1.09
6687 3.9
6687 5.72470588235294
6687 2.56705882352941
6687 2.62411764705882
6687 2.82352941176471
6687 0.0235294117647059
6687 0.888235294117647
6687 0.0670588235294118
6747 1.09
6747 3.9
6747 5.72470588235294
6747 2.56705882352941
6747 2.62411764705882
6747 2.82352941176471
6747 0.0235294117647059
6747 0.888235294117647
6747 0.0670588235294118
6739 1.09
6739 3.9
6739 5.72470588235294
6739 2.56705882352941
6739 2.62411764705882
6739 2.82352941176471
6739 0.0235294117647059
6739 0.888235294117647
6739 0.0670588235294118
6981 1.09
6981 3.9
6981 5.72470588235294
6981 2.56705882352941
6981 2.62411764705882
6981 2.82352941176471
6981 0.0235294117647059
6981 0.888235294117647
6981 0.0670588235294118
6980 1.09
6980 3.9
6980 5.72470588235294
6980 2.56705882352941
6980 2.62411764705882
6980 2.82352941176471
6980 0.0235294117647059
6980 0.888235294117647
6980 0.0670588235294118
7041 1.09
7041 3.9
7041 5.72470588235294
7041 2.56705882352941
7041 2.62411764705882
7041 2.82352941176471
7041 0.0235294117647059
7041 0.888235294117647
7041 0.0670588235294118
7102 1.09
7102 3.9
7102 5.72470588235294
7102 2.56705882352941
7102 2.62411764705882
7102 2.82352941176471
7102 0.0235294117647059
7102 0.888235294117647
7102 0.0670588235294118
7164 1.09
7164 3.9
7164 5.72470588235294
7164 2.56705882352941
7164 2.62411764705882
7164 2.82352941176471
7164 0.0235294117647059
7164 0.888235294117647
7164 0.0670588235294118
7337 1.09
7337 3.9
7337 5.72470588235294
7337 2.56705882352941
7337 2.62411764705882
7337 2.82352941176471
7337 0.0235294117647059
7337 0.888235294117647
7337 0.0670588235294118
7338 1.09
7338 3.9
7338 5.72470588235294
7338 2.56705882352941
7338 2.62411764705882
7338 2.82352941176471
7338 0.0235294117647059
7338 0.888235294117647
7338 0.0670588235294118
7468 1.09
7468 3.9
7468 5.72470588235294
7468 2.56705882352941
7468 2.62411764705882
7468 2.82352941176471
7468 0.0235294117647059
7468 0.888235294117647
7468 0.0670588235294118
7609 1.09
7609 3.9
7609 5.72470588235294
7609 2.56705882352941
7609 2.62411764705882
7609 2.82352941176471
7609 0.0235294117647059
7609 0.888235294117647
7609 0.0670588235294118
7739 1.09
7739 3.9
7739 5.72470588235294
7739 2.56705882352941
7739 2.62411764705882
7739 2.82352941176471
7739 0.0235294117647059
7739 0.888235294117647
7739 0.0670588235294118
7929 1.09
7929 3.9
7929 5.72470588235294
7929 2.56705882352941
7929 2.62411764705882
7929 2.82352941176471
7929 0.0235294117647059
7929 0.888235294117647
7929 0.0670588235294118
7990 1.09
7990 3.9
7990 5.72470588235294
7990 2.56705882352941
7990 2.62411764705882
7990 2.82352941176471
7990 0.0235294117647059
7990 0.888235294117647
7990 0.0670588235294118
7993 1.09
7993 3.9
7993 5.72470588235294
7993 2.56705882352941
7993 2.62411764705882
7993 2.82352941176471
7993 0.0235294117647059
7993 0.888235294117647
7993 0.0670588235294118
8454 1.09
8454 3.9
8454 5.72470588235294
8454 2.56705882352941
8454 2.62411764705882
8454 2.82352941176471
8454 0.0235294117647059
8454 0.888235294117647
8454 0.0670588235294118
8508 1.09
8508 3.9
8508 5.72470588235294
8508 2.56705882352941
8508 2.62411764705882
8508 2.82352941176471
8508 0.0235294117647059
8508 0.888235294117647
8508 0.0670588235294118
8559 1.09
8559 3.9
8559 5.72470588235294
8559 2.56705882352941
8559 2.62411764705882
8559 2.82352941176471
8559 0.0235294117647059
8559 0.888235294117647
8559 0.0670588235294118
8560 1.09
8560 3.9
8560 5.72470588235294
8560 2.56705882352941
8560 2.62411764705882
8560 2.82352941176471
8560 0.0235294117647059
8560 0.888235294117647
8560 0.0670588235294118
8561 1.09
8561 3.9
8561 5.72470588235294
8561 2.56705882352941
8561 2.62411764705882
8561 2.82352941176471
8561 0.0235294117647059
8561 0.888235294117647
8561 0.0670588235294118
8572 1.09
8572 3.9
8572 5.72470588235294
8572 2.56705882352941
8572 2.62411764705882
8572 2.82352941176471
8572 0.0235294117647059
8572 0.888235294117647
8572 0.0670588235294118
8610 1.09
8610 3.9
8610 5.72470588235294
8610 2.56705882352941
8610 2.62411764705882
8610 2.82352941176471
8610 0.0235294117647059
8610 0.888235294117647
8610 0.0670588235294118
8612 1.09
8612 3.9
8612 5.72470588235294
8612 2.56705882352941
8612 2.62411764705882
8612 2.82352941176471
8612 0.0235294117647059
8612 0.888235294117647
8612 0.0670588235294118
8657 1.09
8657 3.9
8657 5.72470588235294
8657 2.56705882352941
8657 2.62411764705882
8657 2.82352941176471
8657 0.0235294117647059
8657 0.888235294117647
8657 0.0670588235294118
8699 1.09
8699 3.9
8699 5.72470588235294
8699 2.56705882352941
8699 2.62411764705882
8699 2.82352941176471
8699 0.0235294117647059
8699 0.888235294117647
8699 0.0670588235294118
8701 1.09
8701 3.9
8701 5.72470588235294
8701 2.56705882352941
8701 2.62411764705882
8701 2.82352941176471
8701 0.0235294117647059
8701 0.888235294117647
8701 0.0670588235294118
8743 1.09
8743 3.9
8743 5.72470588235294
8743 2.56705882352941
8743 2.62411764705882
8743 2.82352941176471
8743 0.0235294117647059
8743 0.888235294117647
8743 0.0670588235294118
8744 1.09
8744 3.9
8744 5.72470588235294
8744 2.56705882352941
8744 2.62411764705882
8744 2.82352941176471
8744 0.0235294117647059
8744 0.888235294117647
8744 0.0670588235294118
8745 1.09
8745 3.9
8745 5.72470588235294
8745 2.56705882352941
8745 2.62411764705882
8745 2.82352941176471
8745 0.0235294117647059
8745 0.888235294117647
8745 0.0670588235294118
8789 1.09
8789 3.9
8789 5.72470588235294
8789 2.56705882352941
8789 2.62411764705882
8789 2.82352941176471
8789 0.0235294117647059
8789 0.888235294117647
8789 0.0670588235294118
8790 1.09
8790 3.9
8790 5.72470588235294
8790 2.56705882352941
8790 2.62411764705882
8790 2.82352941176471
8790 0.0235294117647059
8790 0.888235294117647
8790 0.0670588235294118
8791 1.09
8791 3.9
8791 5.72470588235294
8791 2.56705882352941
8791 2.62411764705882
8791 2.82352941176471
8791 0.0235294117647059
8791 0.888235294117647
8791 0.0670588235294118
8835 1.09
8835 3.9
8835 5.72470588235294
8835 2.56705882352941
8835 2.62411764705882
8835 2.82352941176471
8835 0.0235294117647059
8835 0.888235294117647
8835 0.0670588235294118
8836 1.09
8836 3.9
8836 5.72470588235294
8836 2.56705882352941
8836 2.62411764705882
8836 2.82352941176471
8836 0.0235294117647059
8836 0.888235294117647
8836 0.0670588235294118
8841 1.09
8841 3.9
8841 5.72470588235294
8841 2.56705882352941
8841 2.62411764705882
8841 2.82352941176471
8841 0.0235294117647059
8841 0.888235294117647
8841 0.0670588235294118
8844 1.09
8844 3.9
8844 5.72470588235294
8844 2.56705882352941
8844 2.62411764705882
8844 2.82352941176471
8844 0.0235294117647059
8844 0.888235294117647
8844 0.0670588235294118
8881 1.09
8881 3.9
8881 5.72470588235294
8881 2.56705882352941
8881 2.62411764705882
8881 2.82352941176471
8881 0.0235294117647059
8881 0.888235294117647
8881 0.0670588235294118
8882 1.09
8882 3.9
8882 5.72470588235294
8882 2.56705882352941
8882 2.62411764705882
8882 2.82352941176471
8882 0.0235294117647059
8882 0.888235294117647
8882 0.0670588235294118
8887 1.09
8887 3.9
8887 5.72470588235294
8887 2.56705882352941
8887 2.62411764705882
8887 2.82352941176471
8887 0.0235294117647059
8887 0.888235294117647
8887 0.0670588235294118
8925 1.09
8925 3.9
8925 5.72470588235294
8925 2.56705882352941
8925 2.62411764705882
8925 2.82352941176471
8925 0.0235294117647059
8925 0.888235294117647
8925 0.0670588235294118
8926 1.09
8926 3.9
8926 5.72470588235294
8926 2.56705882352941
8926 2.62411764705882
8926 2.82352941176471
8926 0.0235294117647059
8926 0.888235294117647
8926 0.0670588235294118
8931 1.09
8931 3.9
8931 5.72470588235294
8931 2.56705882352941
8931 2.62411764705882
8931 2.82352941176471
8931 0.0235294117647059
8931 0.888235294117647
8931 0.0670588235294118
8964 1.09
8964 3.9
8964 5.72470588235294
8964 2.56705882352941
8964 2.62411764705882
8964 2.82352941176471
8964 0.0235294117647059
8964 0.888235294117647
8964 0.0670588235294118
8968 1.09
8968 3.9
8968 5.72470588235294
8968 2.56705882352941
8968 2.62411764705882
8968 2.82352941176471
8968 0.0235294117647059
8968 0.888235294117647
8968 0.0670588235294118
9044 1.09
9044 3.9
9044 5.72470588235294
9044 2.56705882352941
9044 2.62411764705882
9044 2.82352941176471
9044 0.0235294117647059
9044 0.888235294117647
9044 0.0670588235294118
9079 1.09
9079 3.9
9079 5.72470588235294
9079 2.56705882352941
9079 2.62411764705882
9079 2.82352941176471
9079 0.0235294117647059
9079 0.888235294117647
9079 0.0670588235294118
9085 1.09
9085 3.9
9085 5.72470588235294
9085 2.56705882352941
9085 2.62411764705882
9085 2.82352941176471
9085 0.0235294117647059
9085 0.888235294117647
9085 0.0670588235294118
9125 1.09
9125 3.9
9125 5.72470588235294
9125 2.56705882352941
9125 2.62411764705882
9125 2.82352941176471
9125 0.0235294117647059
9125 0.888235294117647
9125 0.0670588235294118
9129 1.09
9129 3.9
9129 5.72470588235294
9129 2.56705882352941
9129 2.62411764705882
9129 2.82352941176471
9129 0.0235294117647059
9129 0.888235294117647
9129 0.0670588235294118
9172 1.09
9172 3.9
9172 5.72470588235294
9172 2.56705882352941
9172 2.62411764705882
9172 2.82352941176471
9172 0.0235294117647059
9172 0.888235294117647
9172 0.0670588235294118
9209 1.09
9209 3.9
9209 5.72470588235294
9209 2.56705882352941
9209 2.62411764705882
9209 2.82352941176471
9209 0.0235294117647059
9209 0.888235294117647
9209 0.0670588235294118
9215 1.09
9215 3.9
9215 5.72470588235294
9215 2.56705882352941
9215 2.62411764705882
9215 2.82352941176471
9215 0.0235294117647059
9215 0.888235294117647
9215 0.0670588235294118
9216 1.09
9216 3.9
9216 5.72470588235294
9216 2.56705882352941
9216 2.62411764705882
9216 2.82352941176471
9216 0.0235294117647059
9216 0.888235294117647
9216 0.0670588235294118
9253 1.09
9253 3.9
9253 5.72470588235294
9253 2.56705882352941
9253 2.62411764705882
9253 2.82352941176471
9253 0.0235294117647059
9253 0.888235294117647
9253 0.0670588235294118
9255 1.09
9255 3.9
9255 5.72470588235294
9255 2.56705882352941
9255 2.62411764705882
9255 2.82352941176471
9255 0.0235294117647059
9255 0.888235294117647
9255 0.0670588235294118
9258 1.09
9258 3.9
9258 5.72470588235294
9258 2.56705882352941
9258 2.62411764705882
9258 2.82352941176471
9258 0.0235294117647059
9258 0.888235294117647
9258 0.0670588235294118
9259 1.09
9259 3.9
9259 5.72470588235294
9259 2.56705882352941
9259 2.62411764705882
9259 2.82352941176471
9259 0.0235294117647059
9259 0.888235294117647
9259 0.0670588235294118
9260 1.09
9260 3.9
9260 5.72470588235294
9260 2.56705882352941
9260 2.62411764705882
9260 2.82352941176471
9260 0.0235294117647059
9260 0.888235294117647
9260 0.0670588235294118
9261 1.09
9261 3.9
9261 5.72470588235294
9261 2.56705882352941
9261 2.62411764705882
9261 2.82352941176471
9261 0.0235294117647059
9261 0.888235294117647
9261 0.0670588235294118
9262 1.09
9262 3.9
9262 5.72470588235294
9262 2.56705882352941
9262 2.62411764705882
9262 2.82352941176471
9262 0.0235294117647059
9262 0.888235294117647
9262 0.0670588235294118
9307 1.09
9307 3.9
9307 5.72470588235294
9307 2.56705882352941
9307 2.62411764705882
9307 2.82352941176471
9307 0.0235294117647059
9307 0.888235294117647
9307 0.0670588235294118
9308 1.09
9308 3.9
9308 5.72470588235294
9308 2.56705882352941
9308 2.62411764705882
9308 2.82352941176471
9308 0.0235294117647059
9308 0.888235294117647
9308 0.0670588235294118
9309 1.09
9309 3.9
9309 5.72470588235294
9309 2.56705882352941
9309 2.62411764705882
9309 2.82352941176471
9309 0.0235294117647059
9309 0.888235294117647
9309 0.0670588235294118
9359 1.09
9359 3.9
9359 5.72470588235294
9359 2.56705882352941
9359 2.62411764705882
9359 2.82352941176471
9359 0.0235294117647059
9359 0.888235294117647
9359 0.0670588235294118
9360 1.09
9360 3.9
9360 5.72470588235294
9360 2.56705882352941
9360 2.62411764705882
9360 2.82352941176471
9360 0.0235294117647059
9360 0.888235294117647
9360 0.0670588235294118
9411 1.09
9411 3.9
9411 5.72470588235294
9411 2.56705882352941
9411 2.62411764705882
9411 2.82352941176471
9411 0.0235294117647059
9411 0.888235294117647
9411 0.0670588235294118
9412 1.09
9412 3.9
9412 5.72470588235294
9412 2.56705882352941
9412 2.62411764705882
9412 2.82352941176471
9412 0.0235294117647059
9412 0.888235294117647
9412 0.0670588235294118
9413 1.09
9413 3.9
9413 5.72470588235294
9413 2.56705882352941
9413 2.62411764705882
9413 2.82352941176471
9413 0.0235294117647059
9413 0.888235294117647
9413 0.0670588235294118
9416 1.09
9416 3.9
9416 5.72470588235294
9416 2.56705882352941
9416 2.62411764705882
9416 2.82352941176471
9416 0.0235294117647059
9416 0.888235294117647
9416 0.0670588235294118
19523 1.09
19523 3.9
19523 5.72470588235294
19523 2.56705882352941
19523 2.62411764705882
19523 2.82352941176471
19523 0.0235294117647059
19523 0.888235294117647
19523 0.0670588235294118
9469 1.09
9469 3.9
9469 5.72470588235294
9469 2.56705882352941
9469 2.62411764705882
9469 2.82352941176471
9469 0.0235294117647059
9469 0.888235294117647
9469 0.0670588235294118
9471 1.09
9471 3.9
9471 5.72470588235294
9471 2.56705882352941
9471 2.62411764705882
9471 2.82352941176471
9471 0.0235294117647059
9471 0.888235294117647
9471 0.0670588235294118
9472 1.09
9472 3.9
9472 5.72470588235294
9472 2.56705882352941
9472 2.62411764705882
9472 2.82352941176471
9472 0.0235294117647059
9472 0.888235294117647
9472 0.0670588235294118
9474 1.09
9474 3.9
9474 5.72470588235294
9474 2.56705882352941
9474 2.62411764705882
9474 2.82352941176471
9474 0.0235294117647059
9474 0.888235294117647
9474 0.0670588235294118
9530 1.09
9530 3.9
9530 5.72470588235294
9530 2.56705882352941
9530 2.62411764705882
9530 2.82352941176471
9530 0.0235294117647059
9530 0.888235294117647
9530 0.0670588235294118
9531 1.09
9531 3.9
9531 5.72470588235294
9531 2.56705882352941
9531 2.62411764705882
9531 2.82352941176471
9531 0.0235294117647059
9531 0.888235294117647
9531 0.0670588235294118
9532 1.09
9532 3.9
9532 5.72470588235294
9532 2.56705882352941
9532 2.62411764705882
9532 2.82352941176471
9532 0.0235294117647059
9532 0.888235294117647
9532 0.0670588235294118
9533 1.09
9533 3.9
9533 5.72470588235294
9533 2.56705882352941
9533 2.62411764705882
9533 2.82352941176471
9533 0.0235294117647059
9533 0.888235294117647
9533 0.0670588235294118
9534 1.09
9534 3.9
9534 5.72470588235294
9534 2.56705882352941
9534 2.62411764705882
9534 2.82352941176471
9534 0.0235294117647059
9534 0.888235294117647
9534 0.0670588235294118
9535 1.09
9535 3.9
9535 5.72470588235294
9535 2.56705882352941
9535 2.62411764705882
9535 2.82352941176471
9535 0.0235294117647059
9535 0.888235294117647
9535 0.0670588235294118
9536 1.09
9536 3.9
9536 5.72470588235294
9536 2.56705882352941
9536 2.62411764705882
9536 2.82352941176471
9536 0.0235294117647059
9536 0.888235294117647
9536 0.0670588235294118
9599 1.09
9599 3.9
9599 5.72470588235294
9599 2.56705882352941
9599 2.62411764705882
9599 2.82352941176471
9599 0.0235294117647059
9599 0.888235294117647
9599 0.0670588235294118
9601 1.09
9601 3.9
9601 5.72470588235294
9601 2.56705882352941
9601 2.62411764705882
9601 2.82352941176471
9601 0.0235294117647059
9601 0.888235294117647
9601 0.0670588235294118
9602 1.09
9602 3.9
9602 5.72470588235294
9602 2.56705882352941
9602 2.62411764705882
9602 2.82352941176471
9602 0.0235294117647059
9602 0.888235294117647
9602 0.0670588235294118
9603 1.09
9603 3.9
9603 5.72470588235294
9603 2.56705882352941
9603 2.62411764705882
9603 2.82352941176471
9603 0.0235294117647059
9603 0.888235294117647
9603 0.0670588235294118
9604 1.09
9604 3.9
9604 5.72470588235294
9604 2.56705882352941
9604 2.62411764705882
9604 2.82352941176471
9604 0.0235294117647059
9604 0.888235294117647
9604 0.0670588235294118
9605 1.09
9605 3.9
9605 5.72470588235294
9605 2.56705882352941
9605 2.62411764705882
9605 2.82352941176471
9605 0.0235294117647059
9605 0.888235294117647
9605 0.0670588235294118
9606 1.09
9606 3.9
9606 5.72470588235294
9606 2.56705882352941
9606 2.62411764705882
9606 2.82352941176471
9606 0.0235294117647059
9606 0.888235294117647
9606 0.0670588235294118
9672 1.09
9672 3.9
9672 5.72470588235294
9672 2.56705882352941
9672 2.62411764705882
9672 2.82352941176471
9672 0.0235294117647059
9672 0.888235294117647
9672 0.0670588235294118
9674 1.09
9674 3.9
9674 5.72470588235294
9674 2.56705882352941
9674 2.62411764705882
9674 2.82352941176471
9674 0.0235294117647059
9674 0.888235294117647
9674 0.0670588235294118
9676 1.09
9676 3.9
9676 5.72470588235294
9676 2.56705882352941
9676 2.62411764705882
9676 2.82352941176471
9676 0.0235294117647059
9676 0.888235294117647
9676 0.0670588235294118
9679 1.09
9679 3.9
9679 5.72470588235294
9679 2.56705882352941
9679 2.62411764705882
9679 2.82352941176471
9679 0.0235294117647059
9679 0.888235294117647
9679 0.0670588235294118
9683 1.09
9683 3.9
9683 5.72470588235294
9683 2.56705882352941
9683 2.62411764705882
9683 2.82352941176471
9683 0.0235294117647059
9683 0.888235294117647
9683 0.0670588235294118
9684 1.09
9684 3.9
9684 5.72470588235294
9684 2.56705882352941
9684 2.62411764705882
9684 2.82352941176471
9684 0.0235294117647059
9684 0.888235294117647
9684 0.0670588235294118
9685 1.09
9685 3.9
9685 5.72470588235294
9685 2.56705882352941
9685 2.62411764705882
9685 2.82352941176471
9685 0.0235294117647059
9685 0.888235294117647
9685 0.0670588235294118
9687 1.09
9687 3.9
9687 5.72470588235294
9687 2.56705882352941
9687 2.62411764705882
9687 2.82352941176471
9687 0.0235294117647059
9687 0.888235294117647
9687 0.0670588235294118
9749 1.09
9749 3.9
9749 5.72470588235294
9749 2.56705882352941
9749 2.62411764705882
9749 2.82352941176471
9749 0.0235294117647059
9749 0.888235294117647
9749 0.0670588235294118
9751 1.09
9751 3.9
9751 5.72470588235294
9751 2.56705882352941
9751 2.62411764705882
9751 2.82352941176471
9751 0.0235294117647059
9751 0.888235294117647
9751 0.0670588235294118
9752 1.09
9752 3.9
9752 5.72470588235294
9752 2.56705882352941
9752 2.62411764705882
9752 2.82352941176471
9752 0.0235294117647059
9752 0.888235294117647
9752 0.0670588235294118
9755 1.09
9755 3.9
9755 5.72470588235294
9755 2.56705882352941
9755 2.62411764705882
9755 2.82352941176471
9755 0.0235294117647059
9755 0.888235294117647
9755 0.0670588235294118
9759 1.09
9759 3.9
9759 5.72470588235294
9759 2.56705882352941
9759 2.62411764705882
9759 2.82352941176471
9759 0.0235294117647059
9759 0.888235294117647
9759 0.0670588235294118
9761 1.09
9761 3.9
9761 5.72470588235294
9761 2.56705882352941
9761 2.62411764705882
9761 2.82352941176471
9761 0.0235294117647059
9761 0.888235294117647
9761 0.0670588235294118
9763 1.09
9763 3.9
9763 5.72470588235294
9763 2.56705882352941
9763 2.62411764705882
9763 2.82352941176471
9763 0.0235294117647059
9763 0.888235294117647
9763 0.0670588235294118
9764 1.09
9764 3.9
9764 5.72470588235294
9764 2.56705882352941
9764 2.62411764705882
9764 2.82352941176471
9764 0.0235294117647059
9764 0.888235294117647
9764 0.0670588235294118
9831 1.09
9831 3.9
9831 5.72470588235294
9831 2.56705882352941
9831 2.62411764705882
9831 2.82352941176471
9831 0.0235294117647059
9831 0.888235294117647
9831 0.0670588235294118
9833 1.09
9833 3.9
9833 5.72470588235294
9833 2.56705882352941
9833 2.62411764705882
9833 2.82352941176471
9833 0.0235294117647059
9833 0.888235294117647
9833 0.0670588235294118
9834 1.09
9834 3.9
9834 5.72470588235294
9834 2.56705882352941
9834 2.62411764705882
9834 2.82352941176471
9834 0.0235294117647059
9834 0.888235294117647
9834 0.0670588235294118
9838 1.09
9838 3.9
9838 5.72470588235294
9838 2.56705882352941
9838 2.62411764705882
9838 2.82352941176471
9838 0.0235294117647059
9838 0.888235294117647
9838 0.0670588235294118
9839 1.09
9839 3.9
9839 5.72470588235294
9839 2.56705882352941
9839 2.62411764705882
9839 2.82352941176471
9839 0.0235294117647059
9839 0.888235294117647
9839 0.0670588235294118
9841 1.09
9841 3.9
9841 5.72470588235294
9841 2.56705882352941
9841 2.62411764705882
9841 2.82352941176471
9841 0.0235294117647059
9841 0.888235294117647
9841 0.0670588235294118
9842 1.09
9842 3.9
9842 5.72470588235294
9842 2.56705882352941
9842 2.62411764705882
9842 2.82352941176471
9842 0.0235294117647059
9842 0.888235294117647
9842 0.0670588235294118
9843 1.09
9843 3.9
9843 5.72470588235294
9843 2.56705882352941
9843 2.62411764705882
9843 2.82352941176471
9843 0.0235294117647059
9843 0.888235294117647
9843 0.0670588235294118
9844 1.09
9844 3.9
9844 5.72470588235294
9844 2.56705882352941
9844 2.62411764705882
9844 2.82352941176471
9844 0.0235294117647059
9844 0.888235294117647
9844 0.0670588235294118
9845 1.09
9845 3.9
9845 5.72470588235294
9845 2.56705882352941
9845 2.62411764705882
9845 2.82352941176471
9845 0.0235294117647059
9845 0.888235294117647
9845 0.0670588235294118
9890 1.09
9890 3.9
9890 5.72470588235294
9890 2.56705882352941
9890 2.62411764705882
9890 2.82352941176471
9890 0.0235294117647059
9890 0.888235294117647
9890 0.0670588235294118
9907 1.09
9907 3.9
9907 5.72470588235294
9907 2.56705882352941
9907 2.62411764705882
9907 2.82352941176471
9907 0.0235294117647059
9907 0.888235294117647
9907 0.0670588235294118
9913 1.09
9913 3.9
9913 5.72470588235294
9913 2.56705882352941
9913 2.62411764705882
9913 2.82352941176471
9913 0.0235294117647059
9913 0.888235294117647
9913 0.0670588235294118
9914 1.09
9914 3.9
9914 5.72470588235294
9914 2.56705882352941
9914 2.62411764705882
9914 2.82352941176471
9914 0.0235294117647059
9914 0.888235294117647
9914 0.0670588235294118
9915 1.09
9915 3.9
9915 5.72470588235294
9915 2.56705882352941
9915 2.62411764705882
9915 2.82352941176471
9915 0.0235294117647059
9915 0.888235294117647
9915 0.0670588235294118
9920 1.09
9920 3.9
9920 5.72470588235294
9920 2.56705882352941
9920 2.62411764705882
9920 2.82352941176471
9920 0.0235294117647059
9920 0.888235294117647
9920 0.0670588235294118
9922 1.09
9922 3.9
9922 5.72470588235294
9922 2.56705882352941
9922 2.62411764705882
9922 2.82352941176471
9922 0.0235294117647059
9922 0.888235294117647
9922 0.0670588235294118
9923 1.09
9923 3.9
9923 5.72470588235294
9923 2.56705882352941
9923 2.62411764705882
9923 2.82352941176471
9923 0.0235294117647059
9923 0.888235294117647
9923 0.0670588235294118
9924 1.09
9924 3.9
9924 5.72470588235294
9924 2.56705882352941
9924 2.62411764705882
9924 2.82352941176471
9924 0.0235294117647059
9924 0.888235294117647
9924 0.0670588235294118
9925 1.09
9925 3.9
9925 5.72470588235294
9925 2.56705882352941
9925 2.62411764705882
9925 2.82352941176471
9925 0.0235294117647059
9925 0.888235294117647
9925 0.0670588235294118
9971 1.09
9971 3.9
9971 5.72470588235294
9971 2.56705882352941
9971 2.62411764705882
9971 2.82352941176471
9971 0.0235294117647059
9971 0.888235294117647
9971 0.0670588235294118
9972 1.09
9972 3.9
9972 5.72470588235294
9972 2.56705882352941
9972 2.62411764705882
9972 2.82352941176471
9972 0.0235294117647059
9972 0.888235294117647
9972 0.0670588235294118
9991 1.09
9991 3.9
9991 5.72470588235294
9991 2.56705882352941
9991 2.62411764705882
9991 2.82352941176471
9991 0.0235294117647059
9991 0.888235294117647
9991 0.0670588235294118
9992 1.09
9992 3.9
9992 5.72470588235294
9992 2.56705882352941
9992 2.62411764705882
9992 2.82352941176471
9992 0.0235294117647059
9992 0.888235294117647
9992 0.0670588235294118
9993 1.09
9993 3.9
9993 5.72470588235294
9993 2.56705882352941
9993 2.62411764705882
9993 2.82352941176471
9993 0.0235294117647059
9993 0.888235294117647
9993 0.0670588235294118
9996 1.09
9996 3.9
9996 5.72470588235294
9996 2.56705882352941
9996 2.62411764705882
9996 2.82352941176471
9996 0.0235294117647059
9996 0.888235294117647
9996 0.0670588235294118
10002 1.09
10002 3.9
10002 5.72470588235294
10002 2.56705882352941
10002 2.62411764705882
10002 2.82352941176471
10002 0.0235294117647059
10002 0.888235294117647
10002 0.0670588235294118
10004 1.09
10004 3.9
10004 5.72470588235294
10004 2.56705882352941
10004 2.62411764705882
10004 2.82352941176471
10004 0.0235294117647059
10004 0.888235294117647
10004 0.0670588235294118
10007 1.09
10007 3.9
10007 5.72470588235294
10007 2.56705882352941
10007 2.62411764705882
10007 2.82352941176471
10007 0.0235294117647059
10007 0.888235294117647
10007 0.0670588235294118
10008 1.09
10008 3.9
10008 5.72470588235294
10008 2.56705882352941
10008 2.62411764705882
10008 2.82352941176471
10008 0.0235294117647059
10008 0.888235294117647
10008 0.0670588235294118
10009 1.09
10009 3.9
10009 5.72470588235294
10009 2.56705882352941
10009 2.62411764705882
10009 2.82352941176471
10009 0.0235294117647059
10009 0.888235294117647
10009 0.0670588235294118
10072 1.09
10072 3.9
10072 5.72470588235294
10072 2.56705882352941
10072 2.62411764705882
10072 2.82352941176471
10072 0.0235294117647059
10072 0.888235294117647
10072 0.0670588235294118
10075 1.09
10075 3.9
10075 5.72470588235294
10075 2.56705882352941
10075 2.62411764705882
10075 2.82352941176471
10075 0.0235294117647059
10075 0.888235294117647
10075 0.0670588235294118
10082 1.09
10082 3.9
10082 5.72470588235294
10082 2.56705882352941
10082 2.62411764705882
10082 2.82352941176471
10082 0.0235294117647059
10082 0.888235294117647
10082 0.0670588235294118
10086 1.09
10086 3.9
10086 5.72470588235294
10086 2.56705882352941
10086 2.62411764705882
10086 2.82352941176471
10086 0.0235294117647059
10086 0.888235294117647
10086 0.0670588235294118
10087 1.09
10087 3.9
10087 5.72470588235294
10087 2.56705882352941
10087 2.62411764705882
10087 2.82352941176471
10087 0.0235294117647059
10087 0.888235294117647
10087 0.0670588235294118
10088 1.09
10088 3.9
10088 5.72470588235294
10088 2.56705882352941
10088 2.62411764705882
10088 2.82352941176471
10088 0.0235294117647059
10088 0.888235294117647
10088 0.0670588235294118
10089 1.09
10089 3.9
10089 5.72470588235294
10089 2.56705882352941
10089 2.62411764705882
10089 2.82352941176471
10089 0.0235294117647059
10089 0.888235294117647
10089 0.0670588235294118
10090 1.09
10090 3.9
10090 5.72470588235294
10090 2.56705882352941
10090 2.62411764705882
10090 2.82352941176471
10090 0.0235294117647059
10090 0.888235294117647
10090 0.0670588235294118
10091 1.09
10091 3.9
10091 5.72470588235294
10091 2.56705882352941
10091 2.62411764705882
10091 2.82352941176471
10091 0.0235294117647059
10091 0.888235294117647
10091 0.0670588235294118
10092 1.09
10092 3.9
10092 5.72470588235294
10092 2.56705882352941
10092 2.62411764705882
10092 2.82352941176471
10092 0.0235294117647059
10092 0.888235294117647
10092 0.0670588235294118
10154 1.09
10154 3.9
10154 5.72470588235294
10154 2.56705882352941
10154 2.62411764705882
10154 2.82352941176471
10154 0.0235294117647059
10154 0.888235294117647
10154 0.0670588235294118
10155 1.09
10155 3.9
10155 5.72470588235294
10155 2.56705882352941
10155 2.62411764705882
10155 2.82352941176471
10155 0.0235294117647059
10155 0.888235294117647
10155 0.0670588235294118
10157 1.09
10157 3.9
10157 5.72470588235294
10157 2.56705882352941
10157 2.62411764705882
10157 2.82352941176471
10157 0.0235294117647059
10157 0.888235294117647
10157 0.0670588235294118
10158 1.09
10158 3.9
10158 5.72470588235294
10158 2.56705882352941
10158 2.62411764705882
10158 2.82352941176471
10158 0.0235294117647059
10158 0.888235294117647
10158 0.0670588235294118
10164 1.09
10164 3.9
10164 5.72470588235294
10164 2.56705882352941
10164 2.62411764705882
10164 2.82352941176471
10164 0.0235294117647059
10164 0.888235294117647
10164 0.0670588235294118
10165 1.09
10165 3.9
10165 5.72470588235294
10165 2.56705882352941
10165 2.62411764705882
10165 2.82352941176471
10165 0.0235294117647059
10165 0.888235294117647
10165 0.0670588235294118
10238 1.09
10238 3.9
10238 5.72470588235294
10238 2.56705882352941
10238 2.62411764705882
10238 2.82352941176471
10238 0.0235294117647059
10238 0.888235294117647
10238 0.0670588235294118
10239 1.09
10239 3.9
10239 5.72470588235294
10239 2.56705882352941
10239 2.62411764705882
10239 2.82352941176471
10239 0.0235294117647059
10239 0.888235294117647
10239 0.0670588235294118
10240 1.09
10240 3.9
10240 5.72470588235294
10240 2.56705882352941
10240 2.62411764705882
10240 2.82352941176471
10240 0.0235294117647059
10240 0.888235294117647
10240 0.0670588235294118
10247 1.09
10247 3.9
10247 5.72470588235294
10247 2.56705882352941
10247 2.62411764705882
10247 2.82352941176471
10247 0.0235294117647059
10247 0.888235294117647
10247 0.0670588235294118
10256 1.09
10256 3.9
10256 5.72470588235294
10256 2.56705882352941
10256 2.62411764705882
10256 2.82352941176471
10256 0.0235294117647059
10256 0.888235294117647
10256 0.0670588235294118
10257 1.09
10257 3.9
10257 5.72470588235294
10257 2.56705882352941
10257 2.62411764705882
10257 2.82352941176471
10257 0.0235294117647059
10257 0.888235294117647
10257 0.0670588235294118
10258 1.09
10258 3.9
10258 5.72470588235294
10258 2.56705882352941
10258 2.62411764705882
10258 2.82352941176471
10258 0.0235294117647059
10258 0.888235294117647
10258 0.0670588235294118
10321 1.09
10321 3.9
10321 5.72470588235294
10321 2.56705882352941
10321 2.62411764705882
10321 2.82352941176471
10321 0.0235294117647059
10321 0.888235294117647
10321 0.0670588235294118
10327 1.09
10327 3.9
10327 5.72470588235294
10327 2.56705882352941
10327 2.62411764705882
10327 2.82352941176471
10327 0.0235294117647059
10327 0.888235294117647
10327 0.0670588235294118
10331 1.09
10331 3.9
10331 5.72470588235294
10331 2.56705882352941
10331 2.62411764705882
10331 2.82352941176471
10331 0.0235294117647059
10331 0.888235294117647
10331 0.0670588235294118
10332 1.09
10332 3.9
10332 5.72470588235294
10332 2.56705882352941
10332 2.62411764705882
10332 2.82352941176471
10332 0.0235294117647059
10332 0.888235294117647
10332 0.0670588235294118
10333 1.09
10333 3.9
10333 5.72470588235294
10333 2.56705882352941
10333 2.62411764705882
10333 2.82352941176471
10333 0.0235294117647059
10333 0.888235294117647
10333 0.0670588235294118
10334 1.09
10334 3.9
10334 5.72470588235294
10334 2.56705882352941
10334 2.62411764705882
10334 2.82352941176471
10334 0.0235294117647059
10334 0.888235294117647
10334 0.0670588235294118
10338 1.09
10338 3.9
10338 5.72470588235294
10338 2.56705882352941
10338 2.62411764705882
10338 2.82352941176471
10338 0.0235294117647059
10338 0.888235294117647
10338 0.0670588235294118
10340 1.09
10340 3.9
10340 5.72470588235294
10340 2.56705882352941
10340 2.62411764705882
10340 2.82352941176471
10340 0.0235294117647059
10340 0.888235294117647
10340 0.0670588235294118
10405 1.09
10405 3.9
10405 5.72470588235294
10405 2.56705882352941
10405 2.62411764705882
10405 2.82352941176471
10405 0.0235294117647059
10405 0.888235294117647
10405 0.0670588235294118
10406 1.09
10406 3.9
10406 5.72470588235294
10406 2.56705882352941
10406 2.62411764705882
10406 2.82352941176471
10406 0.0235294117647059
10406 0.888235294117647
10406 0.0670588235294118
10411 1.09
10411 3.9
10411 5.72470588235294
10411 2.56705882352941
10411 2.62411764705882
10411 2.82352941176471
10411 0.0235294117647059
10411 0.888235294117647
10411 0.0670588235294118
10415 1.09
10415 3.9
10415 5.72470588235294
10415 2.56705882352941
10415 2.62411764705882
10415 2.82352941176471
10415 0.0235294117647059
10415 0.888235294117647
10415 0.0670588235294118
10421 1.09
10421 3.9
10421 5.72470588235294
10421 2.56705882352941
10421 2.62411764705882
10421 2.82352941176471
10421 0.0235294117647059
10421 0.888235294117647
10421 0.0670588235294118
10422 1.09
10422 3.9
10422 5.72470588235294
10422 2.56705882352941
10422 2.62411764705882
10422 2.82352941176471
10422 0.0235294117647059
10422 0.888235294117647
10422 0.0670588235294118
10425 1.09
10425 3.9
10425 5.72470588235294
10425 2.56705882352941
10425 2.62411764705882
10425 2.82352941176471
10425 0.0235294117647059
10425 0.888235294117647
10425 0.0670588235294118
10427 1.09
10427 3.9
10427 5.72470588235294
10427 2.56705882352941
10427 2.62411764705882
10427 2.82352941176471
10427 0.0235294117647059
10427 0.888235294117647
10427 0.0670588235294118
10506 1.09
10506 3.9
10506 5.72470588235294
10506 2.56705882352941
10506 2.62411764705882
10506 2.82352941176471
10506 0.0235294117647059
10506 0.888235294117647
10506 0.0670588235294118
10508 1.09
10508 3.9
10508 5.72470588235294
10508 2.56705882352941
10508 2.62411764705882
10508 2.82352941176471
10508 0.0235294117647059
10508 0.888235294117647
10508 0.0670588235294118
10510 1.09
10510 3.9
10510 5.72470588235294
10510 2.56705882352941
10510 2.62411764705882
10510 2.82352941176471
10510 0.0235294117647059
10510 0.888235294117647
10510 0.0670588235294118
10516 1.09
10516 3.9
10516 5.72470588235294
10516 2.56705882352941
10516 2.62411764705882
10516 2.82352941176471
10516 0.0235294117647059
10516 0.888235294117647
10516 0.0670588235294118
10517 1.09
10517 3.9
10517 5.72470588235294
10517 2.56705882352941
10517 2.62411764705882
10517 2.82352941176471
10517 0.0235294117647059
10517 0.888235294117647
10517 0.0670588235294118
10518 1.09
10518 3.9
10518 5.72470588235294
10518 2.56705882352941
10518 2.62411764705882
10518 2.82352941176471
10518 0.0235294117647059
10518 0.888235294117647
10518 0.0670588235294118
10520 1.09
10520 3.9
10520 5.72470588235294
10520 2.56705882352941
10520 2.62411764705882
10520 2.82352941176471
10520 0.0235294117647059
10520 0.888235294117647
10520 0.0670588235294118
10522 1.09
10522 3.9
10522 5.72470588235294
10522 2.56705882352941
10522 2.62411764705882
10522 2.82352941176471
10522 0.0235294117647059
10522 0.888235294117647
10522 0.0670588235294118
10601 1.09
10601 3.9
10601 5.72470588235294
10601 2.56705882352941
10601 2.62411764705882
10601 2.82352941176471
10601 0.0235294117647059
10601 0.888235294117647
10601 0.0670588235294118
10610 1.09
10610 3.9
10610 5.72470588235294
10610 2.56705882352941
10610 2.62411764705882
10610 2.82352941176471
10610 0.0235294117647059
10610 0.888235294117647
10610 0.0670588235294118
10611 1.09
10611 3.9
10611 5.72470588235294
10611 2.56705882352941
10611 2.62411764705882
10611 2.82352941176471
10611 0.0235294117647059
10611 0.888235294117647
10611 0.0670588235294118
10614 1.09
10614 3.9
10614 5.72470588235294
10614 2.56705882352941
10614 2.62411764705882
10614 2.82352941176471
10614 0.0235294117647059
10614 0.888235294117647
10614 0.0670588235294118
10615 1.09
10615 3.9
10615 5.72470588235294
10615 2.56705882352941
10615 2.62411764705882
10615 2.82352941176471
10615 0.0235294117647059
10615 0.888235294117647
10615 0.0670588235294118
10616 1.09
10616 3.9
10616 5.72470588235294
10616 2.56705882352941
10616 2.62411764705882
10616 2.82352941176471
10616 0.0235294117647059
10616 0.888235294117647
10616 0.0670588235294118
10618 1.09
10618 3.9
10618 5.72470588235294
10618 2.56705882352941
10618 2.62411764705882
10618 2.82352941176471
10618 0.0235294117647059
10618 0.888235294117647
10618 0.0670588235294118
10619 1.09
10619 3.9
10619 5.72470588235294
10619 2.56705882352941
10619 2.62411764705882
10619 2.82352941176471
10619 0.0235294117647059
10619 0.888235294117647
10619 0.0670588235294118
10621 1.09
10621 3.9
10621 5.72470588235294
10621 2.56705882352941
10621 2.62411764705882
10621 2.82352941176471
10621 0.0235294117647059
10621 0.888235294117647
10621 0.0670588235294118
10623 1.09
10623 3.9
10623 5.72470588235294
10623 2.56705882352941
10623 2.62411764705882
10623 2.82352941176471
10623 0.0235294117647059
10623 0.888235294117647
10623 0.0670588235294118
10699 1.09
10699 3.9
10699 5.72470588235294
10699 2.56705882352941
10699 2.62411764705882
10699 2.82352941176471
10699 0.0235294117647059
10699 0.888235294117647
10699 0.0670588235294118
10700 1.09
10700 3.9
10700 5.72470588235294
10700 2.56705882352941
10700 2.62411764705882
10700 2.82352941176471
10700 0.0235294117647059
10700 0.888235294117647
10700 0.0670588235294118
10701 1.09
10701 3.9
10701 5.72470588235294
10701 2.56705882352941
10701 2.62411764705882
10701 2.82352941176471
10701 0.0235294117647059
10701 0.888235294117647
10701 0.0670588235294118
10708 1.09
10708 3.9
10708 5.72470588235294
10708 2.56705882352941
10708 2.62411764705882
10708 2.82352941176471
10708 0.0235294117647059
10708 0.888235294117647
10708 0.0670588235294118
10709 1.09
10709 3.9
10709 5.72470588235294
10709 2.56705882352941
10709 2.62411764705882
10709 2.82352941176471
10709 0.0235294117647059
10709 0.888235294117647
10709 0.0670588235294118
10712 1.09
10712 3.9
10712 5.72470588235294
10712 2.56705882352941
10712 2.62411764705882
10712 2.82352941176471
10712 0.0235294117647059
10712 0.888235294117647
10712 0.0670588235294118
10713 1.09
10713 3.9
10713 5.72470588235294
10713 2.56705882352941
10713 2.62411764705882
10713 2.82352941176471
10713 0.0235294117647059
10713 0.888235294117647
10713 0.0670588235294118
10716 1.09
10716 3.9
10716 5.72470588235294
10716 2.56705882352941
10716 2.62411764705882
10716 2.82352941176471
10716 0.0235294117647059
10716 0.888235294117647
10716 0.0670588235294118
10717 1.09
10717 3.9
10717 5.72470588235294
10717 2.56705882352941
10717 2.62411764705882
10717 2.82352941176471
10717 0.0235294117647059
10717 0.888235294117647
10717 0.0670588235294118
10718 1.09
10718 3.9
10718 5.72470588235294
10718 2.56705882352941
10718 2.62411764705882
10718 2.82352941176471
10718 0.0235294117647059
10718 0.888235294117647
10718 0.0670588235294118
10719 1.09
10719 3.9
10719 5.72470588235294
10719 2.56705882352941
10719 2.62411764705882
10719 2.82352941176471
10719 0.0235294117647059
10719 0.888235294117647
10719 0.0670588235294118
10720 1.09
10720 3.9
10720 5.72470588235294
10720 2.56705882352941
10720 2.62411764705882
10720 2.82352941176471
10720 0.0235294117647059
10720 0.888235294117647
10720 0.0670588235294118
10806 1.09
10806 3.9
10806 5.72470588235294
10806 2.56705882352941
10806 2.62411764705882
10806 2.82352941176471
10806 0.0235294117647059
10806 0.888235294117647
10806 0.0670588235294118
10813 1.09
10813 3.9
10813 5.72470588235294
10813 2.56705882352941
10813 2.62411764705882
10813 2.82352941176471
10813 0.0235294117647059
10813 0.888235294117647
10813 0.0670588235294118
10818 1.09
10818 3.9
10818 5.72470588235294
10818 2.56705882352941
10818 2.62411764705882
10818 2.82352941176471
10818 0.0235294117647059
10818 0.888235294117647
10818 0.0670588235294118
10820 1.09
10820 3.9
10820 5.72470588235294
10820 2.56705882352941
10820 2.62411764705882
10820 2.82352941176471
10820 0.0235294117647059
10820 0.888235294117647
10820 0.0670588235294118
10821 1.09
10821 3.9
10821 5.72470588235294
10821 2.56705882352941
10821 2.62411764705882
10821 2.82352941176471
10821 0.0235294117647059
10821 0.888235294117647
10821 0.0670588235294118
10823 1.09
10823 3.9
10823 5.72470588235294
10823 2.56705882352941
10823 2.62411764705882
10823 2.82352941176471
10823 0.0235294117647059
10823 0.888235294117647
10823 0.0670588235294118
10900 1.09
10900 3.9
10900 5.72470588235294
10900 2.56705882352941
10900 2.62411764705882
10900 2.82352941176471
10900 0.0235294117647059
10900 0.888235294117647
10900 0.0670588235294118
10902 1.09
10902 3.9
10902 5.72470588235294
10902 2.56705882352941
10902 2.62411764705882
10902 2.82352941176471
10902 0.0235294117647059
10902 0.888235294117647
10902 0.0670588235294118
10903 1.09
10903 3.9
10903 5.72470588235294
10903 2.56705882352941
10903 2.62411764705882
10903 2.82352941176471
10903 0.0235294117647059
10903 0.888235294117647
10903 0.0670588235294118
10911 1.09
10911 3.9
10911 5.72470588235294
10911 2.56705882352941
10911 2.62411764705882
10911 2.82352941176471
10911 0.0235294117647059
10911 0.888235294117647
10911 0.0670588235294118
10914 1.09
10914 3.9
10914 5.72470588235294
10914 2.56705882352941
10914 2.62411764705882
10914 2.82352941176471
10914 0.0235294117647059
10914 0.888235294117647
10914 0.0670588235294118
10915 1.09
10915 3.9
10915 5.72470588235294
10915 2.56705882352941
10915 2.62411764705882
10915 2.82352941176471
10915 0.0235294117647059
10915 0.888235294117647
10915 0.0670588235294118
10916 1.09
10916 3.9
10916 5.72470588235294
10916 2.56705882352941
10916 2.62411764705882
10916 2.82352941176471
10916 0.0235294117647059
10916 0.888235294117647
10916 0.0670588235294118
10917 1.09
10917 3.9
10917 5.72470588235294
10917 2.56705882352941
10917 2.62411764705882
10917 2.82352941176471
10917 0.0235294117647059
10917 0.888235294117647
10917 0.0670588235294118
10919 1.09
10919 3.9
10919 5.72470588235294
10919 2.56705882352941
10919 2.62411764705882
10919 2.82352941176471
10919 0.0235294117647059
10919 0.888235294117647
10919 0.0670588235294118
10920 1.09
10920 3.9
10920 5.72470588235294
10920 2.56705882352941
10920 2.62411764705882
10920 2.82352941176471
10920 0.0235294117647059
10920 0.888235294117647
10920 0.0670588235294118
10922 1.09
10922 3.9
10922 5.72470588235294
10922 2.56705882352941
10922 2.62411764705882
10922 2.82352941176471
10922 0.0235294117647059
10922 0.888235294117647
10922 0.0670588235294118
10923 1.09
10923 3.9
10923 5.72470588235294
10923 2.56705882352941
10923 2.62411764705882
10923 2.82352941176471
10923 0.0235294117647059
10923 0.888235294117647
10923 0.0670588235294118
10924 1.09
10924 3.9
10924 5.72470588235294
10924 2.56705882352941
10924 2.62411764705882
10924 2.82352941176471
10924 0.0235294117647059
10924 0.888235294117647
10924 0.0670588235294118
10925 1.09
10925 3.9
10925 5.72470588235294
10925 2.56705882352941
10925 2.62411764705882
10925 2.82352941176471
10925 0.0235294117647059
10925 0.888235294117647
10925 0.0670588235294118
11014 1.09
11014 3.9
11014 5.72470588235294
11014 2.56705882352941
11014 2.62411764705882
11014 2.82352941176471
11014 0.0235294117647059
11014 0.888235294117647
11014 0.0670588235294118
11016 1.09
11016 3.9
11016 5.72470588235294
11016 2.56705882352941
11016 2.62411764705882
11016 2.82352941176471
11016 0.0235294117647059
11016 0.888235294117647
11016 0.0670588235294118
11018 1.09
11018 3.9
11018 5.72470588235294
11018 2.56705882352941
11018 2.62411764705882
11018 2.82352941176471
11018 0.0235294117647059
11018 0.888235294117647
11018 0.0670588235294118
11020 1.09
11020 3.9
11020 5.72470588235294
11020 2.56705882352941
11020 2.62411764705882
11020 2.82352941176471
11020 0.0235294117647059
11020 0.888235294117647
11020 0.0670588235294118
11022 1.09
11022 3.9
11022 5.72470588235294
11022 2.56705882352941
11022 2.62411764705882
11022 2.82352941176471
11022 0.0235294117647059
11022 0.888235294117647
11022 0.0670588235294118
11023 1.09
11023 3.9
11023 5.72470588235294
11023 2.56705882352941
11023 2.62411764705882
11023 2.82352941176471
11023 0.0235294117647059
11023 0.888235294117647
11023 0.0670588235294118
11024 1.09
11024 3.9
11024 5.72470588235294
11024 2.56705882352941
11024 2.62411764705882
11024 2.82352941176471
11024 0.0235294117647059
11024 0.888235294117647
11024 0.0670588235294118
11025 1.09
11025 3.9
11025 5.72470588235294
11025 2.56705882352941
11025 2.62411764705882
11025 2.82352941176471
11025 0.0235294117647059
11025 0.888235294117647
11025 0.0670588235294118
11029 1.09
11029 3.9
11029 5.72470588235294
11029 2.56705882352941
11029 2.62411764705882
11029 2.82352941176471
11029 0.0235294117647059
11029 0.888235294117647
11029 0.0670588235294118
11030 1.09
11030 3.9
11030 5.72470588235294
11030 2.56705882352941
11030 2.62411764705882
11030 2.82352941176471
11030 0.0235294117647059
11030 0.888235294117647
11030 0.0670588235294118
11031 1.09
11031 3.9
11031 5.72470588235294
11031 2.56705882352941
11031 2.62411764705882
11031 2.82352941176471
11031 0.0235294117647059
11031 0.888235294117647
11031 0.0670588235294118
11033 1.09
11033 3.9
11033 5.72470588235294
11033 2.56705882352941
11033 2.62411764705882
11033 2.82352941176471
11033 0.0235294117647059
11033 0.888235294117647
11033 0.0670588235294118
11119 1.09
11119 3.9
11119 5.72470588235294
11119 2.56705882352941
11119 2.62411764705882
11119 2.82352941176471
11119 0.0235294117647059
11119 0.888235294117647
11119 0.0670588235294118
11127 1.09
11127 3.9
11127 5.72470588235294
11127 2.56705882352941
11127 2.62411764705882
11127 2.82352941176471
11127 0.0235294117647059
11127 0.888235294117647
11127 0.0670588235294118
11131 1.09
11131 3.9
11131 5.72470588235294
11131 2.56705882352941
11131 2.62411764705882
11131 2.82352941176471
11131 0.0235294117647059
11131 0.888235294117647
11131 0.0670588235294118
11132 1.09
11132 3.9
11132 5.72470588235294
11132 2.56705882352941
11132 2.62411764705882
11132 2.82352941176471
11132 0.0235294117647059
11132 0.888235294117647
11132 0.0670588235294118
11136 1.09
11136 3.9
11136 5.72470588235294
11136 2.56705882352941
11136 2.62411764705882
11136 2.82352941176471
11136 0.0235294117647059
11136 0.888235294117647
11136 0.0670588235294118
11137 1.09
11137 3.9
11137 5.72470588235294
11137 2.56705882352941
11137 2.62411764705882
11137 2.82352941176471
11137 0.0235294117647059
11137 0.888235294117647
11137 0.0670588235294118
11138 1.09
11138 3.9
11138 5.72470588235294
11138 2.56705882352941
11138 2.62411764705882
11138 2.82352941176471
11138 0.0235294117647059
11138 0.888235294117647
11138 0.0670588235294118
11139 1.09
11139 3.9
11139 5.72470588235294
11139 2.56705882352941
11139 2.62411764705882
11139 2.82352941176471
11139 0.0235294117647059
11139 0.888235294117647
11139 0.0670588235294118
11140 1.09
11140 3.9
11140 5.72470588235294
11140 2.56705882352941
11140 2.62411764705882
11140 2.82352941176471
11140 0.0235294117647059
11140 0.888235294117647
11140 0.0670588235294118
11142 1.09
11142 3.9
11142 5.72470588235294
11142 2.56705882352941
11142 2.62411764705882
11142 2.82352941176471
11142 0.0235294117647059
11142 0.888235294117647
11142 0.0670588235294118
11143 1.09
11143 3.9
11143 5.72470588235294
11143 2.56705882352941
11143 2.62411764705882
11143 2.82352941176471
11143 0.0235294117647059
11143 0.888235294117647
11143 0.0670588235294118
11144 1.09
11144 3.9
11144 5.72470588235294
11144 2.56705882352941
11144 2.62411764705882
11144 2.82352941176471
11144 0.0235294117647059
11144 0.888235294117647
11144 0.0670588235294118
11248 1.09
11248 3.9
11248 5.72470588235294
11248 2.56705882352941
11248 2.62411764705882
11248 2.82352941176471
11248 0.0235294117647059
11248 0.888235294117647
11248 0.0670588235294118
11249 1.09
11249 3.9
11249 5.72470588235294
11249 2.56705882352941
11249 2.62411764705882
11249 2.82352941176471
11249 0.0235294117647059
11249 0.888235294117647
11249 0.0670588235294118
11254 1.09
11254 3.9
11254 5.72470588235294
11254 2.56705882352941
11254 2.62411764705882
11254 2.82352941176471
11254 0.0235294117647059
11254 0.888235294117647
11254 0.0670588235294118
11255 1.09
11255 3.9
11255 5.72470588235294
11255 2.56705882352941
11255 2.62411764705882
11255 2.82352941176471
11255 0.0235294117647059
11255 0.888235294117647
11255 0.0670588235294118
11259 1.09
11259 3.9
11259 5.72470588235294
11259 2.56705882352941
11259 2.62411764705882
11259 2.82352941176471
11259 0.0235294117647059
11259 0.888235294117647
11259 0.0670588235294118
11260 1.09
11260 3.9
11260 5.72470588235294
11260 2.56705882352941
11260 2.62411764705882
11260 2.82352941176471
11260 0.0235294117647059
11260 0.888235294117647
11260 0.0670588235294118
11261 1.09
11261 3.9
11261 5.72470588235294
11261 2.56705882352941
11261 2.62411764705882
11261 2.82352941176471
11261 0.0235294117647059
11261 0.888235294117647
11261 0.0670588235294118
11263 1.09
11263 3.9
11263 5.72470588235294
11263 2.56705882352941
11263 2.62411764705882
11263 2.82352941176471
11263 0.0235294117647059
11263 0.888235294117647
11263 0.0670588235294118
11264 1.09
11264 3.9
11264 5.72470588235294
11264 2.56705882352941
11264 2.62411764705882
11264 2.82352941176471
11264 0.0235294117647059
11264 0.888235294117647
11264 0.0670588235294118
11364 1.09
11364 3.9
11364 5.72470588235294
11364 2.56705882352941
11364 2.62411764705882
11364 2.82352941176471
11364 0.0235294117647059
11364 0.888235294117647
11364 0.0670588235294118
11365 1.09
11365 3.9
11365 5.72470588235294
11365 2.56705882352941
11365 2.62411764705882
11365 2.82352941176471
11365 0.0235294117647059
11365 0.888235294117647
11365 0.0670588235294118
11368 1.09
11368 3.9
11368 5.72470588235294
11368 2.56705882352941
11368 2.62411764705882
11368 2.82352941176471
11368 0.0235294117647059
11368 0.888235294117647
11368 0.0670588235294118
11369 1.09
11369 3.9
11369 5.72470588235294
11369 2.56705882352941
11369 2.62411764705882
11369 2.82352941176471
11369 0.0235294117647059
11369 0.888235294117647
11369 0.0670588235294118
11370 1.09
11370 3.9
11370 5.72470588235294
11370 2.56705882352941
11370 2.62411764705882
11370 2.82352941176471
11370 0.0235294117647059
11370 0.888235294117647
11370 0.0670588235294118
11375 1.09
11375 3.9
11375 5.72470588235294
11375 2.56705882352941
11375 2.62411764705882
11375 2.82352941176471
11375 0.0235294117647059
11375 0.888235294117647
11375 0.0670588235294118
11382 1.09
11382 3.9
11382 5.72470588235294
11382 2.56705882352941
11382 2.62411764705882
11382 2.82352941176471
11382 0.0235294117647059
11382 0.888235294117647
11382 0.0670588235294118
11383 1.09
11383 3.9
11383 5.72470588235294
11383 2.56705882352941
11383 2.62411764705882
11383 2.82352941176471
11383 0.0235294117647059
11383 0.888235294117647
11383 0.0670588235294118
11384 1.09
11384 3.9
11384 5.72470588235294
11384 2.56705882352941
11384 2.62411764705882
11384 2.82352941176471
11384 0.0235294117647059
11384 0.888235294117647
11384 0.0670588235294118
11495 1.09
11495 3.9
11495 5.72470588235294
11495 2.56705882352941
11495 2.62411764705882
11495 2.82352941176471
11495 0.0235294117647059
11495 0.888235294117647
11495 0.0670588235294118
11499 1.09
11499 3.9
11499 5.72470588235294
11499 2.56705882352941
11499 2.62411764705882
11499 2.82352941176471
11499 0.0235294117647059
11499 0.888235294117647
11499 0.0670588235294118
11502 1.09
11502 3.9
11502 5.72470588235294
11502 2.56705882352941
11502 2.62411764705882
11502 2.82352941176471
11502 0.0235294117647059
11502 0.888235294117647
11502 0.0670588235294118
11504 1.09
11504 3.9
11504 5.72470588235294
11504 2.56705882352941
11504 2.62411764705882
11504 2.82352941176471
11504 0.0235294117647059
11504 0.888235294117647
11504 0.0670588235294118
11506 1.09
11506 3.9
11506 5.72470588235294
11506 2.56705882352941
11506 2.62411764705882
11506 2.82352941176471
11506 0.0235294117647059
11506 0.888235294117647
11506 0.0670588235294118
11508 1.09
11508 3.9
11508 5.72470588235294
11508 2.56705882352941
11508 2.62411764705882
11508 2.82352941176471
11508 0.0235294117647059
11508 0.888235294117647
11508 0.0670588235294118
11509 1.09
11509 3.9
11509 5.72470588235294
11509 2.56705882352941
11509 2.62411764705882
11509 2.82352941176471
11509 0.0235294117647059
11509 0.888235294117647
11509 0.0670588235294118
11511 1.09
11511 3.9
11511 5.72470588235294
11511 2.56705882352941
11511 2.62411764705882
11511 2.82352941176471
11511 0.0235294117647059
11511 0.888235294117647
11511 0.0670588235294118
11512 1.09
11512 3.9
11512 5.72470588235294
11512 2.56705882352941
11512 2.62411764705882
11512 2.82352941176471
11512 0.0235294117647059
11512 0.888235294117647
11512 0.0670588235294118
11659 1.09
11659 3.9
11659 5.72470588235294
11659 2.56705882352941
11659 2.62411764705882
11659 2.82352941176471
11659 0.0235294117647059
11659 0.888235294117647
11659 0.0670588235294118
11622 1.09
11622 3.9
11622 5.72470588235294
11622 2.56705882352941
11622 2.62411764705882
11622 2.82352941176471
11622 0.0235294117647059
11622 0.888235294117647
11622 0.0670588235294118
11624 1.09
11624 3.9
11624 5.72470588235294
11624 2.56705882352941
11624 2.62411764705882
11624 2.82352941176471
11624 0.0235294117647059
11624 0.888235294117647
11624 0.0670588235294118
11630 1.09
11630 3.9
11630 5.72470588235294
11630 2.56705882352941
11630 2.62411764705882
11630 2.82352941176471
11630 0.0235294117647059
11630 0.888235294117647
11630 0.0670588235294118
11631 1.09
11631 3.9
11631 5.72470588235294
11631 2.56705882352941
11631 2.62411764705882
11631 2.82352941176471
11631 0.0235294117647059
11631 0.888235294117647
11631 0.0670588235294118
11633 1.09
11633 3.9
11633 5.72470588235294
11633 2.56705882352941
11633 2.62411764705882
11633 2.82352941176471
11633 0.0235294117647059
11633 0.888235294117647
11633 0.0670588235294118
11635 1.09
11635 3.9
11635 5.72470588235294
11635 2.56705882352941
11635 2.62411764705882
11635 2.82352941176471
11635 0.0235294117647059
11635 0.888235294117647
11635 0.0670588235294118
11636 1.09
11636 3.9
11636 5.72470588235294
11636 2.56705882352941
11636 2.62411764705882
11636 2.82352941176471
11636 0.0235294117647059
11636 0.888235294117647
11636 0.0670588235294118
11638 1.09
11638 3.9
11638 5.72470588235294
11638 2.56705882352941
11638 2.62411764705882
11638 2.82352941176471
11638 0.0235294117647059
11638 0.888235294117647
11638 0.0670588235294118
11639 1.09
11639 3.9
11639 5.72470588235294
11639 2.56705882352941
11639 2.62411764705882
11639 2.82352941176471
11639 0.0235294117647059
11639 0.888235294117647
11639 0.0670588235294118
11741 1.09
11741 3.9
11741 5.72470588235294
11741 2.56705882352941
11741 2.62411764705882
11741 2.82352941176471
11741 0.0235294117647059
11741 0.888235294117647
11741 0.0670588235294118
11747 1.09
11747 3.9
11747 5.72470588235294
11747 2.56705882352941
11747 2.62411764705882
11747 2.82352941176471
11747 0.0235294117647059
11747 0.888235294117647
11747 0.0670588235294118
11753 1.09
11753 3.9
11753 5.72470588235294
11753 2.56705882352941
11753 2.62411764705882
11753 2.82352941176471
11753 0.0235294117647059
11753 0.888235294117647
11753 0.0670588235294118
11754 1.09
11754 3.9
11754 5.72470588235294
11754 2.56705882352941
11754 2.62411764705882
11754 2.82352941176471
11754 0.0235294117647059
11754 0.888235294117647
11754 0.0670588235294118
11756 1.09
11756 3.9
11756 5.72470588235294
11756 2.56705882352941
11756 2.62411764705882
11756 2.82352941176471
11756 0.0235294117647059
11756 0.888235294117647
11756 0.0670588235294118
11758 1.09
11758 3.9
11758 5.72470588235294
11758 2.56705882352941
11758 2.62411764705882
11758 2.82352941176471
11758 0.0235294117647059
11758 0.888235294117647
11758 0.0670588235294118
11762 1.09
11762 3.9
11762 5.72470588235294
11762 2.56705882352941
11762 2.62411764705882
11762 2.82352941176471
11762 0.0235294117647059
11762 0.888235294117647
11762 0.0670588235294118
11763 1.09
11763 3.9
11763 5.72470588235294
11763 2.56705882352941
11763 2.62411764705882
11763 2.82352941176471
11763 0.0235294117647059
11763 0.888235294117647
11763 0.0670588235294118
11764 1.09
11764 3.9
11764 5.72470588235294
11764 2.56705882352941
11764 2.62411764705882
11764 2.82352941176471
11764 0.0235294117647059
11764 0.888235294117647
11764 0.0670588235294118
11765 1.09
11765 3.9
11765 5.72470588235294
11765 2.56705882352941
11765 2.62411764705882
11765 2.82352941176471
11765 0.0235294117647059
11765 0.888235294117647
11765 0.0670588235294118
11766 1.09
11766 3.9
11766 5.72470588235294
11766 2.56705882352941
11766 2.62411764705882
11766 2.82352941176471
11766 0.0235294117647059
11766 0.888235294117647
11766 0.0670588235294118
11767 1.09
11767 3.9
11767 5.72470588235294
11767 2.56705882352941
11767 2.62411764705882
11767 2.82352941176471
11767 0.0235294117647059
11767 0.888235294117647
11767 0.0670588235294118
11769 1.09
11769 3.9
11769 5.72470588235294
11769 2.56705882352941
11769 2.62411764705882
11769 2.82352941176471
11769 0.0235294117647059
11769 0.888235294117647
11769 0.0670588235294118
11877 1.09
11877 3.9
11877 5.72470588235294
11877 2.56705882352941
11877 2.62411764705882
11877 2.82352941176471
11877 0.0235294117647059
11877 0.888235294117647
11877 0.0670588235294118
11878 1.09
11878 3.9
11878 5.72470588235294
11878 2.56705882352941
11878 2.62411764705882
11878 2.82352941176471
11878 0.0235294117647059
11878 0.888235294117647
11878 0.0670588235294118
11879 1.09
11879 3.9
11879 5.72470588235294
11879 2.56705882352941
11879 2.62411764705882
11879 2.82352941176471
11879 0.0235294117647059
11879 0.888235294117647
11879 0.0670588235294118
11889 1.09
11889 3.9
11889 5.72470588235294
11889 2.56705882352941
11889 2.62411764705882
11889 2.82352941176471
11889 0.0235294117647059
11889 0.888235294117647
11889 0.0670588235294118
11890 1.09
11890 3.9
11890 5.72470588235294
11890 2.56705882352941
11890 2.62411764705882
11890 2.82352941176471
11890 0.0235294117647059
11890 0.888235294117647
11890 0.0670588235294118
11892 1.09
11892 3.9
11892 5.72470588235294
11892 2.56705882352941
11892 2.62411764705882
11892 2.82352941176471
11892 0.0235294117647059
11892 0.888235294117647
11892 0.0670588235294118
11893 1.09
11893 3.9
11893 5.72470588235294
11893 2.56705882352941
11893 2.62411764705882
11893 2.82352941176471
11893 0.0235294117647059
11893 0.888235294117647
11893 0.0670588235294118
11894 1.09
11894 3.9
11894 5.72470588235294
11894 2.56705882352941
11894 2.62411764705882
11894 2.82352941176471
11894 0.0235294117647059
11894 0.888235294117647
11894 0.0670588235294118
11895 1.09
11895 3.9
11895 5.72470588235294
11895 2.56705882352941
11895 2.62411764705882
11895 2.82352941176471
11895 0.0235294117647059
11895 0.888235294117647
11895 0.0670588235294118
11897 1.09
11897 3.9
11897 5.72470588235294
11897 2.56705882352941
11897 2.62411764705882
11897 2.82352941176471
11897 0.0235294117647059
11897 0.888235294117647
11897 0.0670588235294118
11898 1.09
11898 3.9
11898 5.72470588235294
11898 2.56705882352941
11898 2.62411764705882
11898 2.82352941176471
11898 0.0235294117647059
11898 0.888235294117647
11898 0.0670588235294118
11900 1.09
11900 3.9
11900 5.72470588235294
11900 2.56705882352941
11900 2.62411764705882
11900 2.82352941176471
11900 0.0235294117647059
11900 0.888235294117647
11900 0.0670588235294118
11999 1.09
11999 3.9
11999 5.72470588235294
11999 2.56705882352941
11999 2.62411764705882
11999 2.82352941176471
11999 0.0235294117647059
11999 0.888235294117647
11999 0.0670588235294118
12001 1.09
12001 3.9
12001 5.72470588235294
12001 2.56705882352941
12001 2.62411764705882
12001 2.82352941176471
12001 0.0235294117647059
12001 0.888235294117647
12001 0.0670588235294118
12004 1.09
12004 3.9
12004 5.72470588235294
12004 2.56705882352941
12004 2.62411764705882
12004 2.82352941176471
12004 0.0235294117647059
12004 0.888235294117647
12004 0.0670588235294118
12009 1.09
12009 3.9
12009 5.72470588235294
12009 2.56705882352941
12009 2.62411764705882
12009 2.82352941176471
12009 0.0235294117647059
12009 0.888235294117647
12009 0.0670588235294118
12010 1.09
12010 3.9
12010 5.72470588235294
12010 2.56705882352941
12010 2.62411764705882
12010 2.82352941176471
12010 0.0235294117647059
12010 0.888235294117647
12010 0.0670588235294118
12012 1.09
12012 3.9
12012 5.72470588235294
12012 2.56705882352941
12012 2.62411764705882
12012 2.82352941176471
12012 0.0235294117647059
12012 0.888235294117647
12012 0.0670588235294118
12013 1.09
12013 3.9
12013 5.72470588235294
12013 2.56705882352941
12013 2.62411764705882
12013 2.82352941176471
12013 0.0235294117647059
12013 0.888235294117647
12013 0.0670588235294118
12014 1.09
12014 3.9
12014 5.72470588235294
12014 2.56705882352941
12014 2.62411764705882
12014 2.82352941176471
12014 0.0235294117647059
12014 0.888235294117647
12014 0.0670588235294118
12015 1.09
12015 3.9
12015 5.72470588235294
12015 2.56705882352941
12015 2.62411764705882
12015 2.82352941176471
12015 0.0235294117647059
12015 0.888235294117647
12015 0.0670588235294118
12016 1.09
12016 3.9
12016 5.72470588235294
12016 2.56705882352941
12016 2.62411764705882
12016 2.82352941176471
12016 0.0235294117647059
12016 0.888235294117647
12016 0.0670588235294118
12017 1.09
12017 3.9
12017 5.72470588235294
12017 2.56705882352941
12017 2.62411764705882
12017 2.82352941176471
12017 0.0235294117647059
12017 0.888235294117647
12017 0.0670588235294118
12018 1.09
12018 3.9
12018 5.72470588235294
12018 2.56705882352941
12018 2.62411764705882
12018 2.82352941176471
12018 0.0235294117647059
12018 0.888235294117647
12018 0.0670588235294118
12020 1.09
12020 3.9
12020 5.72470588235294
12020 2.56705882352941
12020 2.62411764705882
12020 2.82352941176471
12020 0.0235294117647059
12020 0.888235294117647
12020 0.0670588235294118
12021 1.09
12021 3.9
12021 5.72470588235294
12021 2.56705882352941
12021 2.62411764705882
12021 2.82352941176471
12021 0.0235294117647059
12021 0.888235294117647
12021 0.0670588235294118
12022 1.09
12022 3.9
12022 5.72470588235294
12022 2.56705882352941
12022 2.62411764705882
12022 2.82352941176471
12022 0.0235294117647059
12022 0.888235294117647
12022 0.0670588235294118
12023 1.09
12023 3.9
12023 5.72470588235294
12023 2.56705882352941
12023 2.62411764705882
12023 2.82352941176471
12023 0.0235294117647059
12023 0.888235294117647
12023 0.0670588235294118
12024 1.09
12024 3.9
12024 5.72470588235294
12024 2.56705882352941
12024 2.62411764705882
12024 2.82352941176471
12024 0.0235294117647059
12024 0.888235294117647
12024 0.0670588235294118
12121 1.09
12121 3.9
12121 5.72470588235294
12121 2.56705882352941
12121 2.62411764705882
12121 2.82352941176471
12121 0.0235294117647059
12121 0.888235294117647
12121 0.0670588235294118
12123 1.09
12123 3.9
12123 5.72470588235294
12123 2.56705882352941
12123 2.62411764705882
12123 2.82352941176471
12123 0.0235294117647059
12123 0.888235294117647
12123 0.0670588235294118
12124 1.09
12124 3.9
12124 5.72470588235294
12124 2.56705882352941
12124 2.62411764705882
12124 2.82352941176471
12124 0.0235294117647059
12124 0.888235294117647
12124 0.0670588235294118
12127 1.09
12127 3.9
12127 5.72470588235294
12127 2.56705882352941
12127 2.62411764705882
12127 2.82352941176471
12127 0.0235294117647059
12127 0.888235294117647
12127 0.0670588235294118
12128 1.09
12128 3.9
12128 5.72470588235294
12128 2.56705882352941
12128 2.62411764705882
12128 2.82352941176471
12128 0.0235294117647059
12128 0.888235294117647
12128 0.0670588235294118
12129 1.09
12129 3.9
12129 5.72470588235294
12129 2.56705882352941
12129 2.62411764705882
12129 2.82352941176471
12129 0.0235294117647059
12129 0.888235294117647
12129 0.0670588235294118
12130 1.09
12130 3.9
12130 5.72470588235294
12130 2.56705882352941
12130 2.62411764705882
12130 2.82352941176471
12130 0.0235294117647059
12130 0.888235294117647
12130 0.0670588235294118
12132 1.09
12132 3.9
12132 5.72470588235294
12132 2.56705882352941
12132 2.62411764705882
12132 2.82352941176471
12132 0.0235294117647059
12132 0.888235294117647
12132 0.0670588235294118
12133 1.09
12133 3.9
12133 5.72470588235294
12133 2.56705882352941
12133 2.62411764705882
12133 2.82352941176471
12133 0.0235294117647059
12133 0.888235294117647
12133 0.0670588235294118
12134 1.09
12134 3.9
12134 5.72470588235294
12134 2.56705882352941
12134 2.62411764705882
12134 2.82352941176471
12134 0.0235294117647059
12134 0.888235294117647
12134 0.0670588235294118
12249 1.09
12249 3.9
12249 5.72470588235294
12249 2.56705882352941
12249 2.62411764705882
12249 2.82352941176471
12249 0.0235294117647059
12249 0.888235294117647
12249 0.0670588235294118
12251 1.09
12251 3.9
12251 5.72470588235294
12251 2.56705882352941
12251 2.62411764705882
12251 2.82352941176471
12251 0.0235294117647059
12251 0.888235294117647
12251 0.0670588235294118
12254 1.09
12254 3.9
12254 5.72470588235294
12254 2.56705882352941
12254 2.62411764705882
12254 2.82352941176471
12254 0.0235294117647059
12254 0.888235294117647
12254 0.0670588235294118
12256 1.09
12256 3.9
12256 5.72470588235294
12256 2.56705882352941
12256 2.62411764705882
12256 2.82352941176471
12256 0.0235294117647059
12256 0.888235294117647
12256 0.0670588235294118
12257 1.09
12257 3.9
12257 5.72470588235294
12257 2.56705882352941
12257 2.62411764705882
12257 2.82352941176471
12257 0.0235294117647059
12257 0.888235294117647
12257 0.0670588235294118
12374 1.09
12374 3.9
12374 5.72470588235294
12374 2.56705882352941
12374 2.62411764705882
12374 2.82352941176471
12374 0.0235294117647059
12374 0.888235294117647
12374 0.0670588235294118
12375 1.09
12375 3.9
12375 5.72470588235294
12375 2.56705882352941
12375 2.62411764705882
12375 2.82352941176471
12375 0.0235294117647059
12375 0.888235294117647
12375 0.0670588235294118
12378 1.09
12378 3.9
12378 5.72470588235294
12378 2.56705882352941
12378 2.62411764705882
12378 2.82352941176471
12378 0.0235294117647059
12378 0.888235294117647
12378 0.0670588235294118
12385 1.09
12385 3.9
12385 5.72470588235294
12385 2.56705882352941
12385 2.62411764705882
12385 2.82352941176471
12385 0.0235294117647059
12385 0.888235294117647
12385 0.0670588235294118
12386 1.09
12386 3.9
12386 5.72470588235294
12386 2.56705882352941
12386 2.62411764705882
12386 2.82352941176471
12386 0.0235294117647059
12386 0.888235294117647
12386 0.0670588235294118
12387 1.09
12387 3.9
12387 5.72470588235294
12387 2.56705882352941
12387 2.62411764705882
12387 2.82352941176471
12387 0.0235294117647059
12387 0.888235294117647
12387 0.0670588235294118
12511 1.09
12511 3.9
12511 5.72470588235294
12511 2.56705882352941
12511 2.62411764705882
12511 2.82352941176471
12511 0.0235294117647059
12511 0.888235294117647
12511 0.0670588235294118
12512 1.09
12512 3.9
12512 5.72470588235294
12512 2.56705882352941
12512 2.62411764705882
12512 2.82352941176471
12512 0.0235294117647059
12512 0.888235294117647
12512 0.0670588235294118
12513 1.09
12513 3.9
12513 5.72470588235294
12513 2.56705882352941
12513 2.62411764705882
12513 2.82352941176471
12513 0.0235294117647059
12513 0.888235294117647
12513 0.0670588235294118
12514 1.09
12514 3.9
12514 5.72470588235294
12514 2.56705882352941
12514 2.62411764705882
12514 2.82352941176471
12514 0.0235294117647059
12514 0.888235294117647
12514 0.0670588235294118
12515 1.09
12515 3.9
12515 5.72470588235294
12515 2.56705882352941
12515 2.62411764705882
12515 2.82352941176471
12515 0.0235294117647059
12515 0.888235294117647
12515 0.0670588235294118
12516 1.09
12516 3.9
12516 5.72470588235294
12516 2.56705882352941
12516 2.62411764705882
12516 2.82352941176471
12516 0.0235294117647059
12516 0.888235294117647
12516 0.0670588235294118
12517 1.09
12517 3.9
12517 5.72470588235294
12517 2.56705882352941
12517 2.62411764705882
12517 2.82352941176471
12517 0.0235294117647059
12517 0.888235294117647
12517 0.0670588235294118
12518 1.09
12518 3.9
12518 5.72470588235294
12518 2.56705882352941
12518 2.62411764705882
12518 2.82352941176471
12518 0.0235294117647059
12518 0.888235294117647
12518 0.0670588235294118
12635 1.09
12635 3.9
12635 5.72470588235294
12635 2.56705882352941
12635 2.62411764705882
12635 2.82352941176471
12635 0.0235294117647059
12635 0.888235294117647
12635 0.0670588235294118
12640 1.09
12640 3.9
12640 5.72470588235294
12640 2.56705882352941
12640 2.62411764705882
12640 2.82352941176471
12640 0.0235294117647059
12640 0.888235294117647
12640 0.0670588235294118
12646 1.09
12646 3.9
12646 5.72470588235294
12646 2.56705882352941
12646 2.62411764705882
12646 2.82352941176471
12646 0.0235294117647059
12646 0.888235294117647
12646 0.0670588235294118
12761 1.09
12761 3.9
12761 5.72470588235294
12761 2.56705882352941
12761 2.62411764705882
12761 2.82352941176471
12761 0.0235294117647059
12761 0.888235294117647
12761 0.0670588235294118
12764 1.09
12764 3.9
12764 5.72470588235294
12764 2.56705882352941
12764 2.62411764705882
12764 2.82352941176471
12764 0.0235294117647059
12764 0.888235294117647
12764 0.0670588235294118
12870 1.09
12870 3.9
12870 5.72470588235294
12870 2.56705882352941
12870 2.62411764705882
12870 2.82352941176471
12870 0.0235294117647059
12870 0.888235294117647
12870 0.0670588235294118
12871 1.09
12871 3.9
12871 5.72470588235294
12871 2.56705882352941
12871 2.62411764705882
12871 2.82352941176471
12871 0.0235294117647059
12871 0.888235294117647
12871 0.0670588235294118
12876 1.09
12876 3.9
12876 5.72470588235294
12876 2.56705882352941
12876 2.62411764705882
12876 2.82352941176471
12876 0.0235294117647059
12876 0.888235294117647
12876 0.0670588235294118
12882 1.09
12882 3.9
12882 5.72470588235294
12882 2.56705882352941
12882 2.62411764705882
12882 2.82352941176471
12882 0.0235294117647059
12882 0.888235294117647
12882 0.0670588235294118
12883 1.09
12883 3.9
12883 5.72470588235294
12883 2.56705882352941
12883 2.62411764705882
12883 2.82352941176471
12883 0.0235294117647059
12883 0.888235294117647
12883 0.0670588235294118
13000 1.09
13000 3.9
13000 5.72470588235294
13000 2.56705882352941
13000 2.62411764705882
13000 2.82352941176471
13000 0.0235294117647059
13000 0.888235294117647
13000 0.0670588235294118
13001 1.09
13001 3.9
13001 5.72470588235294
13001 2.56705882352941
13001 2.62411764705882
13001 2.82352941176471
13001 0.0235294117647059
13001 0.888235294117647
13001 0.0670588235294118
13003 1.09
13003 3.9
13003 5.72470588235294
13003 2.56705882352941
13003 2.62411764705882
13003 2.82352941176471
13003 0.0235294117647059
13003 0.888235294117647
13003 0.0670588235294118
13108 1.09
13108 3.9
13108 5.72470588235294
13108 2.56705882352941
13108 2.62411764705882
13108 2.82352941176471
13108 0.0235294117647059
13108 0.888235294117647
13108 0.0670588235294118
13110 1.09
13110 3.9
13110 5.72470588235294
13110 2.56705882352941
13110 2.62411764705882
13110 2.82352941176471
13110 0.0235294117647059
13110 0.888235294117647
13110 0.0670588235294118
13112 1.09
13112 3.9
13112 5.72470588235294
13112 2.56705882352941
13112 2.62411764705882
13112 2.82352941176471
13112 0.0235294117647059
13112 0.888235294117647
13112 0.0670588235294118
13114 1.09
13114 3.9
13114 5.72470588235294
13114 2.56705882352941
13114 2.62411764705882
13114 2.82352941176471
13114 0.0235294117647059
13114 0.888235294117647
13114 0.0670588235294118
13212 1.09
13212 3.9
13212 5.72470588235294
13212 2.56705882352941
13212 2.62411764705882
13212 2.82352941176471
13212 0.0235294117647059
13212 0.888235294117647
13212 0.0670588235294118
13218 1.09
13218 3.9
13218 5.72470588235294
13218 2.56705882352941
13218 2.62411764705882
13218 2.82352941176471
13218 0.0235294117647059
13218 0.888235294117647
13218 0.0670588235294118
13220 1.09
13220 3.9
13220 5.72470588235294
13220 2.56705882352941
13220 2.62411764705882
13220 2.82352941176471
13220 0.0235294117647059
13220 0.888235294117647
13220 0.0670588235294118
13221 1.09
13221 3.9
13221 5.72470588235294
13221 2.56705882352941
13221 2.62411764705882
13221 2.82352941176471
13221 0.0235294117647059
13221 0.888235294117647
13221 0.0670588235294118
13313 1.09
13313 3.9
13313 5.72470588235294
13313 2.56705882352941
13313 2.62411764705882
13313 2.82352941176471
13313 0.0235294117647059
13313 0.888235294117647
13313 0.0670588235294118
13316 1.09
13316 3.9
13316 5.72470588235294
13316 2.56705882352941
13316 2.62411764705882
13316 2.82352941176471
13316 0.0235294117647059
13316 0.888235294117647
13316 0.0670588235294118
13399 1.09
13399 3.9
13399 5.72470588235294
13399 2.56705882352941
13399 2.62411764705882
13399 2.82352941176471
13399 0.0235294117647059
13399 0.888235294117647
13399 0.0670588235294118
13400 1.09
13400 3.9
13400 5.72470588235294
13400 2.56705882352941
13400 2.62411764705882
13400 2.82352941176471
13400 0.0235294117647059
13400 0.888235294117647
13400 0.0670588235294118
13479 1.09
13479 3.9
13479 5.72470588235294
13479 2.56705882352941
13479 2.62411764705882
13479 2.82352941176471
13479 0.0235294117647059
13479 0.888235294117647
13479 0.0670588235294118
13480 1.09
13480 3.9
13480 5.72470588235294
13480 2.56705882352941
13480 2.62411764705882
13480 2.82352941176471
13480 0.0235294117647059
13480 0.888235294117647
13480 0.0670588235294118
13481 1.09
13481 3.9
13481 5.72470588235294
13481 2.56705882352941
13481 2.62411764705882
13481 2.82352941176471
13481 0.0235294117647059
13481 0.888235294117647
13481 0.0670588235294118
13543 1.09
13543 3.9
13543 5.72470588235294
13543 2.56705882352941
13543 2.62411764705882
13543 2.82352941176471
13543 0.0235294117647059
13543 0.888235294117647
13543 0.0670588235294118
13549 1.09
13549 3.9
13549 5.72470588235294
13549 2.56705882352941
13549 2.62411764705882
13549 2.82352941176471
13549 0.0235294117647059
13549 0.888235294117647
13549 0.0670588235294118
13551 1.09
13551 3.9
13551 5.72470588235294
13551 2.56705882352941
13551 2.62411764705882
13551 2.82352941176471
13551 0.0235294117647059
13551 0.888235294117647
13551 0.0670588235294118
13553 1.09
13553 3.9
13553 5.72470588235294
13553 2.56705882352941
13553 2.62411764705882
13553 2.82352941176471
13553 0.0235294117647059
13553 0.888235294117647
13553 0.0670588235294118
13608 1.09
13608 3.9
13608 5.72470588235294
13608 2.56705882352941
13608 2.62411764705882
13608 2.82352941176471
13608 0.0235294117647059
13608 0.888235294117647
13608 0.0670588235294118
13609 1.09
13609 3.9
13609 5.72470588235294
13609 2.56705882352941
13609 2.62411764705882
13609 2.82352941176471
13609 0.0235294117647059
13609 0.888235294117647
13609 0.0670588235294118
13610 1.09
13610 3.9
13610 5.72470588235294
13610 2.56705882352941
13610 2.62411764705882
13610 2.82352941176471
13610 0.0235294117647059
13610 0.888235294117647
13610 0.0670588235294118
13611 1.09
13611 3.9
13611 5.72470588235294
13611 2.56705882352941
13611 2.62411764705882
13611 2.82352941176471
13611 0.0235294117647059
13611 0.888235294117647
13611 0.0670588235294118
13612 1.09
13612 3.9
13612 5.72470588235294
13612 2.56705882352941
13612 2.62411764705882
13612 2.82352941176471
13612 0.0235294117647059
13612 0.888235294117647
13612 0.0670588235294118
13664 1.09
13664 3.9
13664 5.72470588235294
13664 2.56705882352941
13664 2.62411764705882
13664 2.82352941176471
13664 0.0235294117647059
13664 0.888235294117647
13664 0.0670588235294118
13665 1.09
13665 3.9
13665 5.72470588235294
13665 2.56705882352941
13665 2.62411764705882
13665 2.82352941176471
13665 0.0235294117647059
13665 0.888235294117647
13665 0.0670588235294118
13667 1.09
13667 3.9
13667 5.72470588235294
13667 2.56705882352941
13667 2.62411764705882
13667 2.82352941176471
13667 0.0235294117647059
13667 0.888235294117647
13667 0.0670588235294118
13668 1.09
13668 3.9
13668 5.72470588235294
13668 2.56705882352941
13668 2.62411764705882
13668 2.82352941176471
13668 0.0235294117647059
13668 0.888235294117647
13668 0.0670588235294118
13669 1.09
13669 3.9
13669 5.72470588235294
13669 2.56705882352941
13669 2.62411764705882
13669 2.82352941176471
13669 0.0235294117647059
13669 0.888235294117647
13669 0.0670588235294118
13670 1.09
13670 3.9
13670 5.72470588235294
13670 2.56705882352941
13670 2.62411764705882
13670 2.82352941176471
13670 0.0235294117647059
13670 0.888235294117647
13670 0.0670588235294118
13714 1.09
13714 3.9
13714 5.72470588235294
13714 2.56705882352941
13714 2.62411764705882
13714 2.82352941176471
13714 0.0235294117647059
13714 0.888235294117647
13714 0.0670588235294118
13717 1.09
13717 3.9
13717 5.72470588235294
13717 2.56705882352941
13717 2.62411764705882
13717 2.82352941176471
13717 0.0235294117647059
13717 0.888235294117647
13717 0.0670588235294118
13721 1.09
13721 3.9
13721 5.72470588235294
13721 2.56705882352941
13721 2.62411764705882
13721 2.82352941176471
13721 0.0235294117647059
13721 0.888235294117647
13721 0.0670588235294118
13723 1.09
13723 3.9
13723 5.72470588235294
13723 2.56705882352941
13723 2.62411764705882
13723 2.82352941176471
13723 0.0235294117647059
13723 0.888235294117647
13723 0.0670588235294118
13725 1.09
13725 3.9
13725 5.72470588235294
13725 2.56705882352941
13725 2.62411764705882
13725 2.82352941176471
13725 0.0235294117647059
13725 0.888235294117647
13725 0.0670588235294118
13771 1.09
13771 3.9
13771 5.72470588235294
13771 2.56705882352941
13771 2.62411764705882
13771 2.82352941176471
13771 0.0235294117647059
13771 0.888235294117647
13771 0.0670588235294118
13772 1.09
13772 3.9
13772 5.72470588235294
13772 2.56705882352941
13772 2.62411764705882
13772 2.82352941176471
13772 0.0235294117647059
13772 0.888235294117647
13772 0.0670588235294118
13774 1.09
13774 3.9
13774 5.72470588235294
13774 2.56705882352941
13774 2.62411764705882
13774 2.82352941176471
13774 0.0235294117647059
13774 0.888235294117647
13774 0.0670588235294118
13776 1.09
13776 3.9
13776 5.72470588235294
13776 2.56705882352941
13776 2.62411764705882
13776 2.82352941176471
13776 0.0235294117647059
13776 0.888235294117647
13776 0.0670588235294118
13777 1.09
13777 3.9
13777 5.72470588235294
13777 2.56705882352941
13777 2.62411764705882
13777 2.82352941176471
13777 0.0235294117647059
13777 0.888235294117647
13777 0.0670588235294118
13778 1.09
13778 3.9
13778 5.72470588235294
13778 2.56705882352941
13778 2.62411764705882
13778 2.82352941176471
13778 0.0235294117647059
13778 0.888235294117647
13778 0.0670588235294118
13779 1.09
13779 3.9
13779 5.72470588235294
13779 2.56705882352941
13779 2.62411764705882
13779 2.82352941176471
13779 0.0235294117647059
13779 0.888235294117647
13779 0.0670588235294118
13826 1.09
13826 3.9
13826 5.72470588235294
13826 2.56705882352941
13826 2.62411764705882
13826 2.82352941176471
13826 0.0235294117647059
13826 0.888235294117647
13826 0.0670588235294118
13829 1.09
13829 3.9
13829 5.72470588235294
13829 2.56705882352941
13829 2.62411764705882
13829 2.82352941176471
13829 0.0235294117647059
13829 0.888235294117647
13829 0.0670588235294118
13830 1.09
13830 3.9
13830 5.72470588235294
13830 2.56705882352941
13830 2.62411764705882
13830 2.82352941176471
13830 0.0235294117647059
13830 0.888235294117647
13830 0.0670588235294118
13883 1.09
13883 3.9
13883 5.72470588235294
13883 2.56705882352941
13883 2.62411764705882
13883 2.82352941176471
13883 0.0235294117647059
13883 0.888235294117647
13883 0.0670588235294118
13887 1.09
13887 3.9
13887 5.72470588235294
13887 2.56705882352941
13887 2.62411764705882
13887 2.82352941176471
13887 0.0235294117647059
13887 0.888235294117647
13887 0.0670588235294118
13941 1.09
13941 3.9
13941 5.72470588235294
13941 2.56705882352941
13941 2.62411764705882
13941 2.82352941176471
13941 0.0235294117647059
13941 0.888235294117647
13941 0.0670588235294118
13943 1.09
13943 3.9
13943 5.72470588235294
13943 2.56705882352941
13943 2.62411764705882
13943 2.82352941176471
13943 0.0235294117647059
13943 0.888235294117647
13943 0.0670588235294118
13944 1.09
13944 3.9
13944 5.72470588235294
13944 2.56705882352941
13944 2.62411764705882
13944 2.82352941176471
13944 0.0235294117647059
13944 0.888235294117647
13944 0.0670588235294118
13981 1.09
13981 3.9
13981 5.72470588235294
13981 2.56705882352941
13981 2.62411764705882
13981 2.82352941176471
13981 0.0235294117647059
13981 0.888235294117647
13981 0.0670588235294118
13983 1.09
13983 3.9
13983 5.72470588235294
13983 2.56705882352941
13983 2.62411764705882
13983 2.82352941176471
13983 0.0235294117647059
13983 0.888235294117647
13983 0.0670588235294118
14001 1.09
14001 3.9
14001 5.72470588235294
14001 2.56705882352941
14001 2.62411764705882
14001 2.82352941176471
14001 0.0235294117647059
14001 0.888235294117647
14001 0.0670588235294118
14049 1.09
14049 3.9
14049 5.72470588235294
14049 2.56705882352941
14049 2.62411764705882
14049 2.82352941176471
14049 0.0235294117647059
14049 0.888235294117647
14049 0.0670588235294118
14056 1.09
14056 3.9
14056 5.72470588235294
14056 2.56705882352941
14056 2.62411764705882
14056 2.82352941176471
14056 0.0235294117647059
14056 0.888235294117647
14056 0.0670588235294118
14057 1.09
14057 3.9
14057 5.72470588235294
14057 2.56705882352941
14057 2.62411764705882
14057 2.82352941176471
14057 0.0235294117647059
14057 0.888235294117647
14057 0.0670588235294118
14089 1.09
14089 3.9
14089 5.72470588235294
14089 2.56705882352941
14089 2.62411764705882
14089 2.82352941176471
14089 0.0235294117647059
14089 0.888235294117647
14089 0.0670588235294118
14096 1.09
14096 3.9
14096 5.72470588235294
14096 2.56705882352941
14096 2.62411764705882
14096 2.82352941176471
14096 0.0235294117647059
14096 0.888235294117647
14096 0.0670588235294118
14100 1.09
14100 3.9
14100 5.72470588235294
14100 2.56705882352941
14100 2.62411764705882
14100 2.82352941176471
14100 0.0235294117647059
14100 0.888235294117647
14100 0.0670588235294118
14101 1.09
14101 3.9
14101 5.72470588235294
14101 2.56705882352941
14101 2.62411764705882
14101 2.82352941176471
14101 0.0235294117647059
14101 0.888235294117647
14101 0.0670588235294118
14103 1.09
14103 3.9
14103 5.72470588235294
14103 2.56705882352941
14103 2.62411764705882
14103 2.82352941176471
14103 0.0235294117647059
14103 0.888235294117647
14103 0.0670588235294118
14106 1.09
14106 3.9
14106 5.72470588235294
14106 2.56705882352941
14106 2.62411764705882
14106 2.82352941176471
14106 0.0235294117647059
14106 0.888235294117647
14106 0.0670588235294118
14110 1.09
14110 3.9
14110 5.72470588235294
14110 2.56705882352941
14110 2.62411764705882
14110 2.82352941176471
14110 0.0235294117647059
14110 0.888235294117647
14110 0.0670588235294118
14111 1.09
14111 3.9
14111 5.72470588235294
14111 2.56705882352941
14111 2.62411764705882
14111 2.82352941176471
14111 0.0235294117647059
14111 0.888235294117647
14111 0.0670588235294118
14148 1.09
14148 3.9
14148 5.72470588235294
14148 2.56705882352941
14148 2.62411764705882
14148 2.82352941176471
14148 0.0235294117647059
14148 0.888235294117647
14148 0.0670588235294118
14157 1.09
14157 3.9
14157 5.72470588235294
14157 2.56705882352941
14157 2.62411764705882
14157 2.82352941176471
14157 0.0235294117647059
14157 0.888235294117647
14157 0.0670588235294118
14165 1.09
14165 3.9
14165 5.72470588235294
14165 2.56705882352941
14165 2.62411764705882
14165 2.82352941176471
14165 0.0235294117647059
14165 0.888235294117647
14165 0.0670588235294118
14166 1.09
14166 3.9
14166 5.72470588235294
14166 2.56705882352941
14166 2.62411764705882
14166 2.82352941176471
14166 0.0235294117647059
14166 0.888235294117647
14166 0.0670588235294118
14197 1.09
14197 3.9
14197 5.72470588235294
14197 2.56705882352941
14197 2.62411764705882
14197 2.82352941176471
14197 0.0235294117647059
14197 0.888235294117647
14197 0.0670588235294118
14207 1.09
14207 3.9
14207 5.72470588235294
14207 2.56705882352941
14207 2.62411764705882
14207 2.82352941176471
14207 0.0235294117647059
14207 0.888235294117647
14207 0.0670588235294118
14215 1.09
14215 3.9
14215 5.72470588235294
14215 2.56705882352941
14215 2.62411764705882
14215 2.82352941176471
14215 0.0235294117647059
14215 0.888235294117647
14215 0.0670588235294118
14216 1.09
14216 3.9
14216 5.72470588235294
14216 2.56705882352941
14216 2.62411764705882
14216 2.82352941176471
14216 0.0235294117647059
14216 0.888235294117647
14216 0.0670588235294118
14242 1.09
14242 3.9
14242 5.72470588235294
14242 2.56705882352941
14242 2.62411764705882
14242 2.82352941176471
14242 0.0235294117647059
14242 0.888235294117647
14242 0.0670588235294118
14261 1.09
14261 3.9
14261 5.72470588235294
14261 2.56705882352941
14261 2.62411764705882
14261 2.82352941176471
14261 0.0235294117647059
14261 0.888235294117647
14261 0.0670588235294118
14262 1.09
14262 3.9
14262 5.72470588235294
14262 2.56705882352941
14262 2.62411764705882
14262 2.82352941176471
14262 0.0235294117647059
14262 0.888235294117647
14262 0.0670588235294118
14309 1.09
14309 3.9
14309 5.72470588235294
14309 2.56705882352941
14309 2.62411764705882
14309 2.82352941176471
14309 0.0235294117647059
14309 0.888235294117647
14309 0.0670588235294118
14310 1.09
14310 3.9
14310 5.72470588235294
14310 2.56705882352941
14310 2.62411764705882
14310 2.82352941176471
14310 0.0235294117647059
14310 0.888235294117647
14310 0.0670588235294118
14352 1.09
14352 3.9
14352 5.72470588235294
14352 2.56705882352941
14352 2.62411764705882
14352 2.82352941176471
14352 0.0235294117647059
14352 0.888235294117647
14352 0.0670588235294118
14353 1.09
14353 3.9
14353 5.72470588235294
14353 2.56705882352941
14353 2.62411764705882
14353 2.82352941176471
14353 0.0235294117647059
14353 0.888235294117647
14353 0.0670588235294118
14395 1.09
14395 3.9
14395 5.72470588235294
14395 2.56705882352941
14395 2.62411764705882
14395 2.82352941176471
14395 0.0235294117647059
14395 0.888235294117647
14395 0.0670588235294118
14467 1.09
14467 3.9
14467 5.72470588235294
14467 2.56705882352941
14467 2.62411764705882
14467 2.82352941176471
14467 0.0235294117647059
14467 0.888235294117647
14467 0.0670588235294118
14468 1.09
14468 3.9
14468 5.72470588235294
14468 2.56705882352941
14468 2.62411764705882
14468 2.82352941176471
14468 0.0235294117647059
14468 0.888235294117647
14468 0.0670588235294118
14535 1.09
14535 3.9
14535 5.72470588235294
14535 2.56705882352941
14535 2.62411764705882
14535 2.82352941176471
14535 0.0235294117647059
14535 0.888235294117647
14535 0.0670588235294118
14536 1.09
14536 3.9
14536 5.72470588235294
14536 2.56705882352941
14536 2.62411764705882
14536 2.82352941176471
14536 0.0235294117647059
14536 0.888235294117647
14536 0.0670588235294118
14565 1.09
14565 3.9
14565 5.72470588235294
14565 2.56705882352941
14565 2.62411764705882
14565 2.82352941176471
14565 0.0235294117647059
14565 0.888235294117647
14565 0.0670588235294118
14566 1.09
14566 3.9
14566 5.72470588235294
14566 2.56705882352941
14566 2.62411764705882
14566 2.82352941176471
14566 0.0235294117647059
14566 0.888235294117647
14566 0.0670588235294118
14567 1.09
14567 3.9
14567 5.72470588235294
14567 2.56705882352941
14567 2.62411764705882
14567 2.82352941176471
14567 0.0235294117647059
14567 0.888235294117647
14567 0.0670588235294118
14601 1.09
14601 3.9
14601 5.72470588235294
14601 2.56705882352941
14601 2.62411764705882
14601 2.82352941176471
14601 0.0235294117647059
14601 0.888235294117647
14601 0.0670588235294118
