pt_graph scale
16035 1.1152380952381
16035 0
16035 3.2597619047619
16035 2.12547619047619
16035 2
16035 2.68047619047619
16035 0.0019047619047619
16035 0.0169047619047619
16035 0.0133333333333333
16138 1.1152380952381
16138 0
16138 3.2597619047619
16138 2.12547619047619
16138 2
16138 2.68047619047619
16138 0.0019047619047619
16138 0.0169047619047619
16138 0.0133333333333333
16227 1.1152380952381
16227 0
16227 3.2597619047619
16227 2.12547619047619
16227 2
16227 2.68047619047619
16227 0.0019047619047619
16227 0.0169047619047619
16227 0.0133333333333333
16228 1.1152380952381
16228 0
16228 3.2597619047619
16228 2.12547619047619
16228 2
16228 2.68047619047619
16228 0.0019047619047619
16228 0.0169047619047619
16228 0.0133333333333333
16233 1.1152380952381
16233 0
16233 3.2597619047619
16233 2.12547619047619
16233 2
16233 2.68047619047619
16233 0.0019047619047619
16233 0.0169047619047619
16233 0.0133333333333333
16271 1.1152380952381
16271 0
16271 3.2597619047619
16271 2.12547619047619
16271 2
16271 2.68047619047619
16271 0.0019047619047619
16271 0.0169047619047619
16271 0.0133333333333333
16278 1.1152380952381
16278 0
16278 3.2597619047619
16278 2.12547619047619
16278 2
16278 2.68047619047619
16278 0.0019047619047619
16278 0.0169047619047619
16278 0.0133333333333333
16290 1.1152380952381
16290 0
16290 3.2597619047619
16290 2.12547619047619
16290 2
16290 2.68047619047619
16290 0.0019047619047619
16290 0.0169047619047619
16290 0.0133333333333333
16291 1.1152380952381
16291 0
16291 3.2597619047619
16291 2.12547619047619
16291 2
16291 2.68047619047619
16291 0.0019047619047619
16291 0.0169047619047619
16291 0.0133333333333333
16316 1.1152380952381
16316 0
16316 3.2597619047619
16316 2.12547619047619
16316 2
16316 2.68047619047619
16316 0.0019047619047619
16316 0.0169047619047619
16316 0.0133333333333333
16320 1.1152380952381
16320 0
16320 3.2597619047619
16320 2.12547619047619
16320 2
16320 2.68047619047619
16320 0.0019047619047619
16320 0.0169047619047619
16320 0.0133333333333333
16323 1.1152380952381
16323 0
16323 3.2597619047619
16323 2.12547619047619
16323 2
16323 2.68047619047619
16323 0.0019047619047619
16323 0.0169047619047619
16323 0.0133333333333333
16338 1.1152380952381
16338 0
16338 3.2597619047619
16338 2.12547619047619
16338 2
16338 2.68047619047619
16338 0.0019047619047619
16338 0.0169047619047619
16338 0.0133333333333333
16339 1.1152380952381
16339 0
16339 3.2597619047619
16339 2.12547619047619
16339 2
16339 2.68047619047619
16339 0.0019047619047619
16339 0.0169047619047619
16339 0.0133333333333333
16365 1.1152380952381
16365 0
16365 3.2597619047619
16365 2.12547619047619
16365 2
16365 2.68047619047619
16365 0.0019047619047619
16365 0.0169047619047619
16365 0.0133333333333333
16366 1.1152380952381
16366 0
16366 3.2597619047619
16366 2.12547619047619
16366 2
16366 2.68047619047619
16366 0.0019047619047619
16366 0.0169047619047619
16366 0.0133333333333333
16371 1.1152380952381
16371 0
16371 3.2597619047619
16371 2.12547619047619
16371 2
16371 2.68047619047619
16371 0.0019047619047619
16371 0.0169047619047619
16371 0.0133333333333333
16380 1.1152380952381
16380 0
16380 3.2597619047619
16380 2.12547619047619
16380 2
16380 2.68047619047619
16380 0.0019047619047619
16380 0.0169047619047619
16380 0.0133333333333333
16383 1.1152380952381
16383 0
16383 3.2597619047619
16383 2.12547619047619
16383 2
16383 2.68047619047619
16383 0.0019047619047619
16383 0.0169047619047619
16383 0.0133333333333333
16384 1.1152380952381
16384 0
16384 3.2597619047619
16384 2.12547619047619
16384 2
16384 2.68047619047619
16384 0.0019047619047619
16384 0.0169047619047619
16384 0.0133333333333333
16411 1.1152380952381
16411 0
16411 3.2597619047619
16411 2.12547619047619
16411 2
16411 2.68047619047619
16411 0.0019047619047619
16411 0.0169047619047619
16411 0.0133333333333333
16412 1.1152380952381
16412 0
16412 3.2597619047619
16412 2.12547619047619
16412 2
16412 2.68047619047619
16412 0.0019047619047619
16412 0.0169047619047619
16412 0.0133333333333333
16452 1.1152380952381
16452 0
16452 3.2597619047619
16452 2.12547619047619
16452 2
16452 2.68047619047619
16452 0.0019047619047619
16452 0.0169047619047619
16452 0.0133333333333333
16453 1.1152380952381
16453 0
16453 3.2597619047619
16453 2.12547619047619
16453 2
16453 2.68047619047619
16453 0.0019047619047619
16453 0.0169047619047619
16453 0.0133333333333333
16463 1.1152380952381
16463 0
16463 3.2597619047619
16463 2.12547619047619
16463 2
16463 2.68047619047619
16463 0.0019047619047619
16463 0.0169047619047619
16463 0.0133333333333333
16464 1.1152380952381
16464 0
16464 3.2597619047619
16464 2.12547619047619
16464 2
16464 2.68047619047619
16464 0.0019047619047619
16464 0.0169047619047619
16464 0.0133333333333333
16465 1.1152380952381
16465 0
16465 3.2597619047619
16465 2.12547619047619
16465 2
16465 2.68047619047619
16465 0.0019047619047619
16465 0.0169047619047619
16465 0.0133333333333333
16500 1.1152380952381
16500 0
16500 3.2597619047619
16500 2.12547619047619
16500 2
16500 2.68047619047619
16500 0.0019047619047619
16500 0.0169047619047619
16500 0.0133333333333333
16511 1.1152380952381
16511 0
16511 3.2597619047619
16511 2.12547619047619
16511 2
16511 2.68047619047619
16511 0.0019047619047619
16511 0.0169047619047619
16511 0.0133333333333333
16515 1.1152380952381
16515 0
16515 3.2597619047619
16515 2.12547619047619
16515 2
16515 2.68047619047619
16515 0.0019047619047619
16515 0.0169047619047619
16515 0.0133333333333333
16538 1.1152380952381
16538 0
16538 3.2597619047619
16538 2.12547619047619
16538 2
16538 2.68047619047619
16538 0.0019047619047619
16538 0.0169047619047619
16538 0.0133333333333333
16541 1.1152380952381
16541 0
16541 3.2597619047619
16541 2.12547619047619
16541 2
16541 2.68047619047619
16541 0.0019047619047619
16541 0.0169047619047619
16541 0.0133333333333333
16542 1.1152380952381
16542 0
16542 3.2597619047619
16542 2.12547619047619
16542 2
16542 2.68047619047619
16542 0.0019047619047619
16542 0.0169047619047619
16542 0.0133333333333333
16550 1.1152380952381
16550 0
16550 3.2597619047619
16550 2.12547619047619
16550 2
16550 2.68047619047619
16550 0.0019047619047619
16550 0.0169047619047619
16550 0.0133333333333333
16556 1.1152380952381
16556 0
16556 3.2597619047619
16556 2.12547619047619
16556 2
16556 2.68047619047619
16556 0.0019047619047619
16556 0.0169047619047619
16556 0.0133333333333333
16557 1.1152380952381
16557 0
16557 3.2597619047619
16557 2.12547619047619
16557 2
16557 2.68047619047619
16557 0.0019047619047619
16557 0.0169047619047619
16557 0.0133333333333333
16583 1.1152380952381
16583 0
16583 3.2597619047619
16583 2.12547619047619
16583 2
16583 2.68047619047619
16583 0.0019047619047619
16583 0.0169047619047619
16583 0.0133333333333333
16592 1.1152380952381
16592 0
16592 3.2597619047619
16592 2.12547619047619
16592 2
16592 2.68047619047619
16592 0.0019047619047619
16592 0.0169047619047619
16592 0.0133333333333333
16594 1.1152380952381
16594 0
16594 3.2597619047619
16594 2.12547619047619
16594 2
16594 2.68047619047619
16594 0.0019047619047619
16594 0.0169047619047619
16594 0.0133333333333333
16601 1.1152380952381
16601 0
16601 3.2597619047619
16601 2.12547619047619
16601 2
16601 2.68047619047619
16601 0.0019047619047619
16601 0.0169047619047619
16601 0.0133333333333333
16632 1.1152380952381
16632 0
16632 3.2597619047619
16632 2.12547619047619
16632 2
16632 2.68047619047619
16632 0.0019047619047619
16632 0.0169047619047619
16632 0.0133333333333333
16633 1.1152380952381
16633 0
16633 3.2597619047619
16633 2.12547619047619
16633 2
16633 2.68047619047619
16633 0.0019047619047619
16633 0.0169047619047619
16633 0.0133333333333333
16672 1.1152380952381
16672 0
16672 3.2597619047619
16672 2.12547619047619
16672 2
16672 2.68047619047619
16672 0.0019047619047619
16672 0.0169047619047619
16672 0.0133333333333333
16675 1.1152380952381
16675 0
16675 3.2597619047619
16675 2.12547619047619
16675 2
16675 2.68047619047619
16675 0.0019047619047619
16675 0.0169047619047619
16675 0.0133333333333333
16678 1.1152380952381
16678 0
16678 3.2597619047619
16678 2.12547619047619
16678 2
16678 2.68047619047619
16678 0.0019047619047619
16678 0.0169047619047619
16678 0.0133333333333333
16689 1.1152380952381
16689 0
16689 3.2597619047619
16689 2.12547619047619
16689 2
16689 2.68047619047619
16689 0.0019047619047619
16689 0.0169047619047619
16689 0.0133333333333333
16719 1.1152380952381
16719 0
16719 3.2597619047619
16719 2.12547619047619
16719 2
16719 2.68047619047619
16719 0.0019047619047619
16719 0.0169047619047619
16719 0.0133333333333333
16723 1.1152380952381
16723 0
16723 3.2597619047619
16723 2.12547619047619
16723 2
16723 2.68047619047619
16723 0.0019047619047619
16723 0.0169047619047619
16723 0.0133333333333333
16726 1.1152380952381
16726 0
16726 3.2597619047619
16726 2.12547619047619
16726 2
16726 2.68047619047619
16726 0.0019047619047619
16726 0.0169047619047619
16726 0.0133333333333333
16732 1.1152380952381
16732 0
16732 3.2597619047619
16732 2.12547619047619
16732 2
16732 2.68047619047619
16732 0.0019047619047619
16732 0.0169047619047619
16732 0.0133333333333333
16734 1.1152380952381
16734 0
16734 3.2597619047619
16734 2.12547619047619
16734 2
16734 2.68047619047619
16734 0.0019047619047619
16734 0.0169047619047619
16734 0.0133333333333333
16773 1.1152380952381
16773 0
16773 3.2597619047619
16773 2.12547619047619
16773 2
16773 2.68047619047619
16773 0.0019047619047619
16773 0.0169047619047619
16773 0.0133333333333333
16780 1.1152380952381
16780 0
16780 3.2597619047619
16780 2.12547619047619
16780 2
16780 2.68047619047619
16780 0.0019047619047619
16780 0.0169047619047619
16780 0.0133333333333333
16782 1.1152380952381
16782 0
16782 3.2597619047619
16782 2.12547619047619
16782 2
16782 2.68047619047619
16782 0.0019047619047619
16782 0.0169047619047619
16782 0.0133333333333333
16822 1.1152380952381
16822 0
16822 3.2597619047619
16822 2.12547619047619
16822 2
16822 2.68047619047619
16822 0.0019047619047619
16822 0.0169047619047619
16822 0.0133333333333333
16824 1.1152380952381
16824 0
16824 3.2597619047619
16824 2.12547619047619
16824 2
16824 2.68047619047619
16824 0.0019047619047619
16824 0.0169047619047619
16824 0.0133333333333333
16828 1.1152380952381
16828 0
16828 3.2597619047619
16828 2.12547619047619
16828 2
16828 2.68047619047619
16828 0.0019047619047619
16828 0.0169047619047619
16828 0.0133333333333333
16829 1.1152380952381
16829 0
16829 3.2597619047619
16829 2.12547619047619
16829 2
16829 2.68047619047619
16829 0.0019047619047619
16829 0.0169047619047619
16829 0.0133333333333333
16869 1.1152380952381
16869 0
16869 3.2597619047619
16869 2.12547619047619
16869 2
16869 2.68047619047619
16869 0.0019047619047619
16869 0.0169047619047619
16869 0.0133333333333333
16872 1.1152380952381
16872 0
16872 3.2597619047619
16872 2.12547619047619
16872 2
16872 2.68047619047619
16872 0.0019047619047619
16872 0.0169047619047619
16872 0.0133333333333333
16918 1.1152380952381
16918 0
16918 3.2597619047619
16918 2.12547619047619
16918 2
16918 2.68047619047619
16918 0.0019047619047619
16918 0.0169047619047619
16918 0.0133333333333333
16920 1.1152380952381
16920 0
16920 3.2597619047619
16920 2.12547619047619
16920 2
16920 2.68047619047619
16920 0.0019047619047619
16920 0.0169047619047619
16920 0.0133333333333333
16923 1.1152380952381
16923 0
16923 3.2597619047619
16923 2.12547619047619
16923 2
16923 2.68047619047619
16923 0.0019047619047619
16923 0.0169047619047619
16923 0.0133333333333333
16955 1.1152380952381
16955 0
16955 3.2597619047619
16955 2.12547619047619
16955 2
16955 2.68047619047619
16955 0.0019047619047619
16955 0.0169047619047619
16955 0.0133333333333333
16957 1.1152380952381
16957 0
16957 3.2597619047619
16957 2.12547619047619
16957 2
16957 2.68047619047619
16957 0.0019047619047619
16957 0.0169047619047619
16957 0.0133333333333333
17000 1.1152380952381
17000 0
17000 3.2597619047619
17000 2.12547619047619
17000 2
17000 2.68047619047619
17000 0.0019047619047619
17000 0.0169047619047619
17000 0.0133333333333333
17001 1.1152380952381
17001 0
17001 3.2597619047619
17001 2.12547619047619
17001 2
17001 2.68047619047619
17001 0.0019047619047619
17001 0.0169047619047619
17001 0.0133333333333333
17007 1.1152380952381
17007 0
17007 3.2597619047619
17007 2.12547619047619
17007 2
17007 2.68047619047619
17007 0.0019047619047619
17007 0.0169047619047619
17007 0.0133333333333333
17033 1.1152380952381
17033 0
17033 3.2597619047619
17033 2.12547619047619
17033 2
17033 2.68047619047619
17033 0.0019047619047619
17033 0.0169047619047619
17033 0.0133333333333333
17043 1.1152380952381
17043 0
17043 3.2597619047619
17043 2.12547619047619
17043 2
17043 2.68047619047619
17043 0.0019047619047619
17043 0.0169047619047619
17043 0.0133333333333333
17081 1.1152380952381
17081 0
17081 3.2597619047619
17081 2.12547619047619
17081 2
17081 2.68047619047619
17081 0.0019047619047619
17081 0.0169047619047619
17081 0.0133333333333333
17133 1.1152380952381
17133 0
17133 3.2597619047619
17133 2.12547619047619
17133 2
17133 2.68047619047619
17133 0.0019047619047619
17133 0.0169047619047619
17133 0.0133333333333333
17161 1.1152380952381
17161 0
17161 3.2597619047619
17161 2.12547619047619
17161 2
17161 2.68047619047619
17161 0.0019047619047619
17161 0.0169047619047619
17161 0.0133333333333333
17168 1.1152380952381
17168 0
17168 3.2597619047619
17168 2.12547619047619
17168 2
17168 2.68047619047619
17168 0.0019047619047619
17168 0.0169047619047619
17168 0.0133333333333333
17203 1.1152380952381
17203 0
17203 3.2597619047619
17203 2.12547619047619
17203 2
17203 2.68047619047619
17203 0.0019047619047619
17203 0.0169047619047619
17203 0.0133333333333333
17204 1.1152380952381
17204 0
17204 3.2597619047619
17204 2.12547619047619
17204 2
17204 2.68047619047619
17204 0.0019047619047619
17204 0.0169047619047619
17204 0.0133333333333333
17213 1.1152380952381
17213 0
17213 3.2597619047619
17213 2.12547619047619
17213 2
17213 2.68047619047619
17213 0.0019047619047619
17213 0.0169047619047619
17213 0.0133333333333333
17214 1.1152380952381
17214 0
17214 3.2597619047619
17214 2.12547619047619
17214 2
17214 2.68047619047619
17214 0.0019047619047619
17214 0.0169047619047619
17214 0.0133333333333333
17237 1.1152380952381
17237 0
17237 3.2597619047619
17237 2.12547619047619
17237 2
17237 2.68047619047619
17237 0.0019047619047619
17237 0.0169047619047619
17237 0.0133333333333333
17240 1.1152380952381
17240 0
17240 3.2597619047619
17240 2.12547619047619
17240 2
17240 2.68047619047619
17240 0.0019047619047619
17240 0.0169047619047619
17240 0.0133333333333333
17244 1.1152380952381
17244 0
17244 3.2597619047619
17244 2.12547619047619
17244 2
17244 2.68047619047619
17244 0.0019047619047619
17244 0.0169047619047619
17244 0.0133333333333333
17248 1.1152380952381
17248 0
17248 3.2597619047619
17248 2.12547619047619
17248 2
17248 2.68047619047619
17248 0.0019047619047619
17248 0.0169047619047619
17248 0.0133333333333333
17251 1.1152380952381
17251 0
17251 3.2597619047619
17251 2.12547619047619
17251 2
17251 2.68047619047619
17251 0.0019047619047619
17251 0.0169047619047619
17251 0.0133333333333333
17282 1.1152380952381
17282 0
17282 3.2597619047619
17282 2.12547619047619
17282 2
17282 2.68047619047619
17282 0.0019047619047619
17282 0.0169047619047619
17282 0.0133333333333333
17283 1.1152380952381
17283 0
17283 3.2597619047619
17283 2.12547619047619
17283 2
17283 2.68047619047619
17283 0.0019047619047619
17283 0.0169047619047619
17283 0.0133333333333333
17284 1.1152380952381
17284 0
17284 3.2597619047619
17284 2.12547619047619
17284 2
17284 2.68047619047619
17284 0.0019047619047619
17284 0.0169047619047619
17284 0.0133333333333333
17285 1.1152380952381
17285 0
17285 3.2597619047619
17285 2.12547619047619
17285 2
17285 2.68047619047619
17285 0.0019047619047619
17285 0.0169047619047619
17285 0.0133333333333333
17312 1.1152380952381
17312 0
17312 3.2597619047619
17312 2.12547619047619
17312 2
17312 2.68047619047619
17312 0.0019047619047619
17312 0.0169047619047619
17312 0.0133333333333333
17315 1.1152380952381
17315 0
17315 3.2597619047619
17315 2.12547619047619
17315 2
17315 2.68047619047619
17315 0.0019047619047619
17315 0.0169047619047619
17315 0.0133333333333333
17317 1.1152380952381
17317 0
17317 3.2597619047619
17317 2.12547619047619
17317 2
17317 2.68047619047619
17317 0.0019047619047619
17317 0.0169047619047619
17317 0.0133333333333333
17320 1.1152380952381
17320 0
17320 3.2597619047619
17320 2.12547619047619
17320 2
17320 2.68047619047619
17320 0.0019047619047619
17320 0.0169047619047619
17320 0.0133333333333333
17327 1.1152380952381
17327 0
17327 3.2597619047619
17327 2.12547619047619
17327 2
17327 2.68047619047619
17327 0.0019047619047619
17327 0.0169047619047619
17327 0.0133333333333333
17329 1.1152380952381
17329 0
17329 3.2597619047619
17329 2.12547619047619
17329 2
17329 2.68047619047619
17329 0.0019047619047619
17329 0.0169047619047619
17329 0.0133333333333333
17352 1.1152380952381
17352 0
17352 3.2597619047619
17352 2.12547619047619
17352 2
17352 2.68047619047619
17352 0.0019047619047619
17352 0.0169047619047619
17352 0.0133333333333333
17353 1.1152380952381
17353 0
17353 3.2597619047619
17353 2.12547619047619
17353 2
17353 2.68047619047619
17353 0.0019047619047619
17353 0.0169047619047619
17353 0.0133333333333333
17354 1.1152380952381
17354 0
17354 3.2597619047619
17354 2.12547619047619
17354 2
17354 2.68047619047619
17354 0.0019047619047619
17354 0.0169047619047619
17354 0.0133333333333333
17356 1.1152380952381
17356 0
17356 3.2597619047619
17356 2.12547619047619
17356 2
17356 2.68047619047619
17356 0.0019047619047619
17356 0.0169047619047619
17356 0.0133333333333333
17357 1.1152380952381
17357 0
17357 3.2597619047619
17357 2.12547619047619
17357 2
17357 2.68047619047619
17357 0.0019047619047619
17357 0.0169047619047619
17357 0.0133333333333333
17360 1.1152380952381
17360 0
17360 3.2597619047619
17360 2.12547619047619
17360 2
17360 2.68047619047619
17360 0.0019047619047619
17360 0.0169047619047619
17360 0.0133333333333333
17361 1.1152380952381
17361 0
17361 3.2597619047619
17361 2.12547619047619
17361 2
17361 2.68047619047619
17361 0.0019047619047619
17361 0.0169047619047619
17361 0.0133333333333333
17386 1.1152380952381
17386 0
17386 3.2597619047619
17386 2.12547619047619
17386 2
17386 2.68047619047619
17386 0.0019047619047619
17386 0.0169047619047619
17386 0.0133333333333333
17387 1.1152380952381
17387 0
17387 3.2597619047619
17387 2.12547619047619
17387 2
17387 2.68047619047619
17387 0.0019047619047619
17387 0.0169047619047619
17387 0.0133333333333333
17389 1.1152380952381
17389 0
17389 3.2597619047619
17389 2.12547619047619
17389 2
17389 2.68047619047619
17389 0.0019047619047619
17389 0.0169047619047619
17389 0.0133333333333333
17398 1.1152380952381
17398 0
17398 3.2597619047619
17398 2.12547619047619
17398 2
17398 2.68047619047619
17398 0.0019047619047619
17398 0.0169047619047619
17398 0.0133333333333333
17417 1.1152380952381
17417 0
17417 3.2597619047619
17417 2.12547619047619
17417 2
17417 2.68047619047619
17417 0.0019047619047619
17417 0.0169047619047619
17417 0.0133333333333333
17418 1.1152380952381
17418 0
17418 3.2597619047619
17418 2.12547619047619
17418 2
17418 2.68047619047619
17418 0.0019047619047619
17418 0.0169047619047619
17418 0.0133333333333333
17419 1.1152380952381
17419 0
17419 3.2597619047619
17419 2.12547619047619
17419 2
17419 2.68047619047619
17419 0.0019047619047619
17419 0.0169047619047619
17419 0.0133333333333333
17420 1.1152380952381
17420 0
17420 3.2597619047619
17420 2.12547619047619
17420 2
17420 2.68047619047619
17420 0.0019047619047619
17420 0.0169047619047619
17420 0.0133333333333333
17421 1.1152380952381
17421 0
17421 3.2597619047619
17421 2.12547619047619
17421 2
17421 2.68047619047619
17421 0.0019047619047619
17421 0.0169047619047619
17421 0.0133333333333333
17422 1.1152380952381
17422 0
17422 3.2597619047619
17422 2.12547619047619
17422 2
17422 2.68047619047619
17422 0.0019047619047619
17422 0.0169047619047619
17422 0.0133333333333333
17424 1.1152380952381
17424 0
17424 3.2597619047619
17424 2.12547619047619
17424 2
17424 2.68047619047619
17424 0.0019047619047619
17424 0.0169047619047619
17424 0.0133333333333333
17425 1.1152380952381
17425 0
17425 3.2597619047619
17425 2.12547619047619
17425 2
17425 2.68047619047619
17425 0.0019047619047619
17425 0.0169047619047619
17425 0.0133333333333333
17429 1.1152380952381
17429 0
17429 3.2597619047619
17429 2.12547619047619
17429 2
17429 2.68047619047619
17429 0.0019047619047619
17429 0.0169047619047619
17429 0.0133333333333333
17449 1.1152380952381
17449 0
17449 3.2597619047619
17449 2.12547619047619
17449 2
17449 2.68047619047619
17449 0.0019047619047619
17449 0.0169047619047619
17449 0.0133333333333333
17451 1.1152380952381
17451 0
17451 3.2597619047619
17451 2.12547619047619
17451 2
17451 2.68047619047619
17451 0.0019047619047619
17451 0.0169047619047619
17451 0.0133333333333333
17453 1.1152380952381
17453 0
17453 3.2597619047619
17453 2.12547619047619
17453 2
17453 2.68047619047619
17453 0.0019047619047619
17453 0.0169047619047619
17453 0.0133333333333333
17485 1.1152380952381
17485 0
17485 3.2597619047619
17485 2.12547619047619
17485 2
17485 2.68047619047619
17485 0.0019047619047619
17485 0.0169047619047619
17485 0.0133333333333333
17488 1.1152380952381
17488 0
17488 3.2597619047619
17488 2.12547619047619
17488 2
17488 2.68047619047619
17488 0.0019047619047619
17488 0.0169047619047619
17488 0.0133333333333333
17489 1.1152380952381
17489 0
17489 3.2597619047619
17489 2.12547619047619
17489 2
17489 2.68047619047619
17489 0.0019047619047619
17489 0.0169047619047619
17489 0.0133333333333333
17490 1.1152380952381
17490 0
17490 3.2597619047619
17490 2.12547619047619
17490 2
17490 2.68047619047619
17490 0.0019047619047619
17490 0.0169047619047619
17490 0.0133333333333333
17491 1.1152380952381
17491 0
17491 3.2597619047619
17491 2.12547619047619
17491 2
17491 2.68047619047619
17491 0.0019047619047619
17491 0.0169047619047619
17491 0.0133333333333333
17499 1.1152380952381
17499 0
17499 3.2597619047619
17499 2.12547619047619
17499 2
17499 2.68047619047619
17499 0.0019047619047619
17499 0.0169047619047619
17499 0.0133333333333333
17524 1.1152380952381
17524 0
17524 3.2597619047619
17524 2.12547619047619
17524 2
17524 2.68047619047619
17524 0.0019047619047619
17524 0.0169047619047619
17524 0.0133333333333333
17525 1.1152380952381
17525 0
17525 3.2597619047619
17525 2.12547619047619
17525 2
17525 2.68047619047619
17525 0.0019047619047619
17525 0.0169047619047619
17525 0.0133333333333333
17526 1.1152380952381
17526 0
17526 3.2597619047619
17526 2.12547619047619
17526 2
17526 2.68047619047619
17526 0.0019047619047619
17526 0.0169047619047619
17526 0.0133333333333333
17527 1.1152380952381
17527 0
17527 3.2597619047619
17527 2.12547619047619
17527 2
17527 2.68047619047619
17527 0.0019047619047619
17527 0.0169047619047619
17527 0.0133333333333333
17528 1.1152380952381
17528 0
17528 3.2597619047619
17528 2.12547619047619
17528 2
17528 2.68047619047619
17528 0.0019047619047619
17528 0.0169047619047619
17528 0.0133333333333333
17529 1.1152380952381
17529 0
17529 3.2597619047619
17529 2.12547619047619
17529 2
17529 2.68047619047619
17529 0.0019047619047619
17529 0.0169047619047619
17529 0.0133333333333333
17530 1.1152380952381
17530 0
17530 3.2597619047619
17530 2.12547619047619
17530 2
17530 2.68047619047619
17530 0.0019047619047619
17530 0.0169047619047619
17530 0.0133333333333333
17531 1.1152380952381
17531 0
17531 3.2597619047619
17531 2.12547619047619
17531 2
17531 2.68047619047619
17531 0.0019047619047619
17531 0.0169047619047619
17531 0.0133333333333333
17532 1.1152380952381
17532 0
17532 3.2597619047619
17532 2.12547619047619
17532 2
17532 2.68047619047619
17532 0.0019047619047619
17532 0.0169047619047619
17532 0.0133333333333333
17538 1.1152380952381
17538 0
17538 3.2597619047619
17538 2.12547619047619
17538 2
17538 2.68047619047619
17538 0.0019047619047619
17538 0.0169047619047619
17538 0.0133333333333333
17562 1.1152380952381
17562 0
17562 3.2597619047619
17562 2.12547619047619
17562 2
17562 2.68047619047619
17562 0.0019047619047619
17562 0.0169047619047619
17562 0.0133333333333333
17565 1.1152380952381
17565 0
17565 3.2597619047619
17565 2.12547619047619
17565 2
17565 2.68047619047619
17565 0.0019047619047619
17565 0.0169047619047619
17565 0.0133333333333333
17566 1.1152380952381
17566 0
17566 3.2597619047619
17566 2.12547619047619
17566 2
17566 2.68047619047619
17566 0.0019047619047619
17566 0.0169047619047619
17566 0.0133333333333333
17568 1.1152380952381
17568 0
17568 3.2597619047619
17568 2.12547619047619
17568 2
17568 2.68047619047619
17568 0.0019047619047619
17568 0.0169047619047619
17568 0.0133333333333333
17569 1.1152380952381
17569 0
17569 3.2597619047619
17569 2.12547619047619
17569 2
17569 2.68047619047619
17569 0.0019047619047619
17569 0.0169047619047619
17569 0.0133333333333333
17571 1.1152380952381
17571 0
17571 3.2597619047619
17571 2.12547619047619
17571 2
17571 2.68047619047619
17571 0.0019047619047619
17571 0.0169047619047619
17571 0.0133333333333333
17578 1.1152380952381
17578 0
17578 3.2597619047619
17578 2.12547619047619
17578 2
17578 2.68047619047619
17578 0.0019047619047619
17578 0.0169047619047619
17578 0.0133333333333333
17602 1.1152380952381
17602 0
17602 3.2597619047619
17602 2.12547619047619
17602 2
17602 2.68047619047619
17602 0.0019047619047619
17602 0.0169047619047619
17602 0.0133333333333333
17606 1.1152380952381
17606 0
17606 3.2597619047619
17606 2.12547619047619
17606 2
17606 2.68047619047619
17606 0.0019047619047619
17606 0.0169047619047619
17606 0.0133333333333333
17607 1.1152380952381
17607 0
17607 3.2597619047619
17607 2.12547619047619
17607 2
17607 2.68047619047619
17607 0.0019047619047619
17607 0.0169047619047619
17607 0.0133333333333333
17610 1.1152380952381
17610 0
17610 3.2597619047619
17610 2.12547619047619
17610 2
17610 2.68047619047619
17610 0.0019047619047619
17610 0.0169047619047619
17610 0.0133333333333333
17612 1.1152380952381
17612 0
17612 3.2597619047619
17612 2.12547619047619
17612 2
17612 2.68047619047619
17612 0.0019047619047619
17612 0.0169047619047619
17612 0.0133333333333333
17613 1.1152380952381
17613 0
17613 3.2597619047619
17613 2.12547619047619
17613 2
17613 2.68047619047619
17613 0.0019047619047619
17613 0.0169047619047619
17613 0.0133333333333333
17620 1.1152380952381
17620 0
17620 3.2597619047619
17620 2.12547619047619
17620 2
17620 2.68047619047619
17620 0.0019047619047619
17620 0.0169047619047619
17620 0.0133333333333333
17651 1.1152380952381
17651 0
17651 3.2597619047619
17651 2.12547619047619
17651 2
17651 2.68047619047619
17651 0.0019047619047619
17651 0.0169047619047619
17651 0.0133333333333333
17652 1.1152380952381
17652 0
17652 3.2597619047619
17652 2.12547619047619
17652 2
17652 2.68047619047619
17652 0.0019047619047619
17652 0.0169047619047619
17652 0.0133333333333333
17656 1.1152380952381
17656 0
17656 3.2597619047619
17656 2.12547619047619
17656 2
17656 2.68047619047619
17656 0.0019047619047619
17656 0.0169047619047619
17656 0.0133333333333333
17660 1.1152380952381
17660 0
17660 3.2597619047619
17660 2.12547619047619
17660 2
17660 2.68047619047619
17660 0.0019047619047619
17660 0.0169047619047619
17660 0.0133333333333333
17661 1.1152380952381
17661 0
17661 3.2597619047619
17661 2.12547619047619
17661 2
17661 2.68047619047619
17661 0.0019047619047619
17661 0.0169047619047619
17661 0.0133333333333333
17663 1.1152380952381
17663 0
17663 3.2597619047619
17663 2.12547619047619
17663 2
17663 2.68047619047619
17663 0.0019047619047619
17663 0.0169047619047619
17663 0.0133333333333333
17664 1.1152380952381
17664 0
17664 3.2597619047619
17664 2.12547619047619
17664 2
17664 2.68047619047619
17664 0.0019047619047619
17664 0.0169047619047619
17664 0.0133333333333333
17665 1.1152380952381
17665 0
17665 3.2597619047619
17665 2.12547619047619
17665 2
17665 2.68047619047619
17665 0.0019047619047619
17665 0.0169047619047619
17665 0.0133333333333333
17666 1.1152380952381
17666 0
17666 3.2597619047619
17666 2.12547619047619
17666 2
17666 2.68047619047619
17666 0.0019047619047619
17666 0.0169047619047619
17666 0.0133333333333333
17696 1.1152380952381
17696 0
17696 3.2597619047619
17696 2.12547619047619
17696 2
17696 2.68047619047619
17696 0.0019047619047619
17696 0.0169047619047619
17696 0.0133333333333333
17698 1.1152380952381
17698 0
17698 3.2597619047619
17698 2.12547619047619
17698 2
17698 2.68047619047619
17698 0.0019047619047619
17698 0.0169047619047619
17698 0.0133333333333333
17699 1.1152380952381
17699 0
17699 3.2597619047619
17699 2.12547619047619
17699 2
17699 2.68047619047619
17699 0.0019047619047619
17699 0.0169047619047619
17699 0.0133333333333333
17700 1.1152380952381
17700 0
17700 3.2597619047619
17700 2.12547619047619
17700 2
17700 2.68047619047619
17700 0.0019047619047619
17700 0.0169047619047619
17700 0.0133333333333333
17703 1.1152380952381
17703 0
17703 3.2597619047619
17703 2.12547619047619
17703 2
17703 2.68047619047619
17703 0.0019047619047619
17703 0.0169047619047619
17703 0.0133333333333333
17708 1.1152380952381
17708 0
17708 3.2597619047619
17708 2.12547619047619
17708 2
17708 2.68047619047619
17708 0.0019047619047619
17708 0.0169047619047619
17708 0.0133333333333333
17709 1.1152380952381
17709 0
17709 3.2597619047619
17709 2.12547619047619
17709 2
17709 2.68047619047619
17709 0.0019047619047619
17709 0.0169047619047619
17709 0.0133333333333333
17743 1.1152380952381
17743 0
17743 3.2597619047619
17743 2.12547619047619
17743 2
17743 2.68047619047619
17743 0.0019047619047619
17743 0.0169047619047619
17743 0.0133333333333333
17744 1.1152380952381
17744 0
17744 3.2597619047619
17744 2.12547619047619
17744 2
17744 2.68047619047619
17744 0.0019047619047619
17744 0.0169047619047619
17744 0.0133333333333333
17745 1.1152380952381
17745 0
17745 3.2597619047619
17745 2.12547619047619
17745 2
17745 2.68047619047619
17745 0.0019047619047619
17745 0.0169047619047619
17745 0.0133333333333333
17750 1.1152380952381
17750 0
17750 3.2597619047619
17750 2.12547619047619
17750 2
17750 2.68047619047619
17750 0.0019047619047619
17750 0.0169047619047619
17750 0.0133333333333333
17753 1.1152380952381
17753 0
17753 3.2597619047619
17753 2.12547619047619
17753 2
17753 2.68047619047619
17753 0.0019047619047619
17753 0.0169047619047619
17753 0.0133333333333333
17755 1.1152380952381
17755 0
17755 3.2597619047619
17755 2.12547619047619
17755 2
17755 2.68047619047619
17755 0.0019047619047619
17755 0.0169047619047619
17755 0.0133333333333333
17790 1.1152380952381
17790 0
17790 3.2597619047619
17790 2.12547619047619
17790 2
17790 2.68047619047619
17790 0.0019047619047619
17790 0.0169047619047619
17790 0.0133333333333333
17796 1.1152380952381
17796 0
17796 3.2597619047619
17796 2.12547619047619
17796 2
17796 2.68047619047619
17796 0.0019047619047619
17796 0.0169047619047619
17796 0.0133333333333333
17797 1.1152380952381
17797 0
17797 3.2597619047619
17797 2.12547619047619
17797 2
17797 2.68047619047619
17797 0.0019047619047619
17797 0.0169047619047619
17797 0.0133333333333333
17800 1.1152380952381
17800 0
17800 3.2597619047619
17800 2.12547619047619
17800 2
17800 2.68047619047619
17800 0.0019047619047619
17800 0.0169047619047619
17800 0.0133333333333333
17801 1.1152380952381
17801 0
17801 3.2597619047619
17801 2.12547619047619
17801 2
17801 2.68047619047619
17801 0.0019047619047619
17801 0.0169047619047619
17801 0.0133333333333333
17832 1.1152380952381
17832 0
17832 3.2597619047619
17832 2.12547619047619
17832 2
17832 2.68047619047619
17832 0.0019047619047619
17832 0.0169047619047619
17832 0.0133333333333333
17835 1.1152380952381
17835 0
17835 3.2597619047619
17835 2.12547619047619
17835 2
17835 2.68047619047619
17835 0.0019047619047619
17835 0.0169047619047619
17835 0.0133333333333333
17836 1.1152380952381
17836 0
17836 3.2597619047619
17836 2.12547619047619
17836 2
17836 2.68047619047619
17836 0.0019047619047619
17836 0.0169047619047619
17836 0.0133333333333333
17839 1.1152380952381
17839 0
17839 3.2597619047619
17839 2.12547619047619
17839 2
17839 2.68047619047619
17839 0.0019047619047619
17839 0.0169047619047619
17839 0.0133333333333333
17840 1.1152380952381
17840 0
17840 3.2597619047619
17840 2.12547619047619
17840 2
17840 2.68047619047619
17840 0.0019047619047619
17840 0.0169047619047619
17840 0.0133333333333333
17841 1.1152380952381
17841 0
17841 3.2597619047619
17841 2.12547619047619
17841 2
17841 2.68047619047619
17841 0.0019047619047619
17841 0.0169047619047619
17841 0.0133333333333333
17845 1.1152380952381
17845 0
17845 3.2597619047619
17845 2.12547619047619
17845 2
17845 2.68047619047619
17845 0.0019047619047619
17845 0.0169047619047619
17845 0.0133333333333333
17847 1.1152380952381
17847 0
17847 3.2597619047619
17847 2.12547619047619
17847 2
17847 2.68047619047619
17847 0.0019047619047619
17847 0.0169047619047619
17847 0.0133333333333333
17880 1.1152380952381
17880 0
17880 3.2597619047619
17880 2.12547619047619
17880 2
17880 2.68047619047619
17880 0.0019047619047619
17880 0.0169047619047619
17880 0.0133333333333333
17882 1.1152380952381
17882 0
17882 3.2597619047619
17882 2.12547619047619
17882 2
17882 2.68047619047619
17882 0.0019047619047619
17882 0.0169047619047619
17882 0.0133333333333333
17883 1.1152380952381
17883 0
17883 3.2597619047619
17883 2.12547619047619
17883 2
17883 2.68047619047619
17883 0.0019047619047619
17883 0.0169047619047619
17883 0.0133333333333333
17884 1.1152380952381
17884 0
17884 3.2597619047619
17884 2.12547619047619
17884 2
17884 2.68047619047619
17884 0.0019047619047619
17884 0.0169047619047619
17884 0.0133333333333333
17885 1.1152380952381
17885 0
17885 3.2597619047619
17885 2.12547619047619
17885 2
17885 2.68047619047619
17885 0.0019047619047619
17885 0.0169047619047619
17885 0.0133333333333333
17886 1.1152380952381
17886 0
17886 3.2597619047619
17886 2.12547619047619
17886 2
17886 2.68047619047619
17886 0.0019047619047619
17886 0.0169047619047619
17886 0.0133333333333333
17887 1.1152380952381
17887 0
17887 3.2597619047619
17887 2.12547619047619
17887 2
17887 2.68047619047619
17887 0.0019047619047619
17887 0.0169047619047619
17887 0.0133333333333333
17888 1.1152380952381
17888 0
17888 3.2597619047619
17888 2.12547619047619
17888 2
17888 2.68047619047619
17888 0.0019047619047619
17888 0.0169047619047619
17888 0.0133333333333333
17891 1.1152380952381
17891 0
17891 3.2597619047619
17891 2.12547619047619
17891 2
17891 2.68047619047619
17891 0.0019047619047619
17891 0.0169047619047619
17891 0.0133333333333333
17892 1.1152380952381
17892 0
17892 3.2597619047619
17892 2.12547619047619
17892 2
17892 2.68047619047619
17892 0.0019047619047619
17892 0.0169047619047619
17892 0.0133333333333333
17893 1.1152380952381
17893 0
17893 3.2597619047619
17893 2.12547619047619
17893 2
17893 2.68047619047619
17893 0.0019047619047619
17893 0.0169047619047619
17893 0.0133333333333333
17929 1.1152380952381
17929 0
17929 3.2597619047619
17929 2.12547619047619
17929 2
17929 2.68047619047619
17929 0.0019047619047619
17929 0.0169047619047619
17929 0.0133333333333333
17930 1.1152380952381
17930 0
17930 3.2597619047619
17930 2.12547619047619
17930 2
17930 2.68047619047619
17930 0.0019047619047619
17930 0.0169047619047619
17930 0.0133333333333333
17931 1.1152380952381
17931 0
17931 3.2597619047619
17931 2.12547619047619
17931 2
17931 2.68047619047619
17931 0.0019047619047619
17931 0.0169047619047619
17931 0.0133333333333333
17932 1.1152380952381
17932 0
17932 3.2597619047619
17932 2.12547619047619
17932 2
17932 2.68047619047619
17932 0.0019047619047619
17932 0.0169047619047619
17932 0.0133333333333333
17933 1.1152380952381
17933 0
17933 3.2597619047619
17933 2.12547619047619
17933 2
17933 2.68047619047619
17933 0.0019047619047619
17933 0.0169047619047619
17933 0.0133333333333333
17934 1.1152380952381
17934 0
17934 3.2597619047619
17934 2.12547619047619
17934 2
17934 2.68047619047619
17934 0.0019047619047619
17934 0.0169047619047619
17934 0.0133333333333333
17937 1.1152380952381
17937 0
17937 3.2597619047619
17937 2.12547619047619
17937 2
17937 2.68047619047619
17937 0.0019047619047619
17937 0.0169047619047619
17937 0.0133333333333333
17939 1.1152380952381
17939 0
17939 3.2597619047619
17939 2.12547619047619
17939 2
17939 2.68047619047619
17939 0.0019047619047619
17939 0.0169047619047619
17939 0.0133333333333333
17940 1.1152380952381
17940 0
17940 3.2597619047619
17940 2.12547619047619
17940 2
17940 2.68047619047619
17940 0.0019047619047619
17940 0.0169047619047619
17940 0.0133333333333333
17941 1.1152380952381
17941 0
17941 3.2597619047619
17941 2.12547619047619
17941 2
17941 2.68047619047619
17941 0.0019047619047619
17941 0.0169047619047619
17941 0.0133333333333333
17970 1.1152380952381
17970 0
17970 3.2597619047619
17970 2.12547619047619
17970 2
17970 2.68047619047619
17970 0.0019047619047619
17970 0.0169047619047619
17970 0.0133333333333333
17973 1.1152380952381
17973 0
17973 3.2597619047619
17973 2.12547619047619
17973 2
17973 2.68047619047619
17973 0.0019047619047619
17973 0.0169047619047619
17973 0.0133333333333333
17974 1.1152380952381
17974 0
17974 3.2597619047619
17974 2.12547619047619
17974 2
17974 2.68047619047619
17974 0.0019047619047619
17974 0.0169047619047619
17974 0.0133333333333333
17976 1.1152380952381
17976 0
17976 3.2597619047619
17976 2.12547619047619
17976 2
17976 2.68047619047619
17976 0.0019047619047619
17976 0.0169047619047619
17976 0.0133333333333333
17977 1.1152380952381
17977 0
17977 3.2597619047619
17977 2.12547619047619
17977 2
17977 2.68047619047619
17977 0.0019047619047619
17977 0.0169047619047619
17977 0.0133333333333333
17980 1.1152380952381
17980 0
17980 3.2597619047619
17980 2.12547619047619
17980 2
17980 2.68047619047619
17980 0.0019047619047619
17980 0.0169047619047619
17980 0.0133333333333333
17981 1.1152380952381
17981 0
17981 3.2597619047619
17981 2.12547619047619
17981 2
17981 2.68047619047619
17981 0.0019047619047619
17981 0.0169047619047619
17981 0.0133333333333333
17983 1.1152380952381
17983 0
17983 3.2597619047619
17983 2.12547619047619
17983 2
17983 2.68047619047619
17983 0.0019047619047619
17983 0.0169047619047619
17983 0.0133333333333333
18020 1.1152380952381
18020 0
18020 3.2597619047619
18020 2.12547619047619
18020 2
18020 2.68047619047619
18020 0.0019047619047619
18020 0.0169047619047619
18020 0.0133333333333333
18021 1.1152380952381
18021 0
18021 3.2597619047619
18021 2.12547619047619
18021 2
18021 2.68047619047619
18021 0.0019047619047619
18021 0.0169047619047619
18021 0.0133333333333333
18022 1.1152380952381
18022 0
18022 3.2597619047619
18022 2.12547619047619
18022 2
18022 2.68047619047619
18022 0.0019047619047619
18022 0.0169047619047619
18022 0.0133333333333333
18024 1.1152380952381
18024 0
18024 3.2597619047619
18024 2.12547619047619
18024 2
18024 2.68047619047619
18024 0.0019047619047619
18024 0.0169047619047619
18024 0.0133333333333333
18026 1.1152380952381
18026 0
18026 3.2597619047619
18026 2.12547619047619
18026 2
18026 2.68047619047619
18026 0.0019047619047619
18026 0.0169047619047619
18026 0.0133333333333333
18028 1.1152380952381
18028 0
18028 3.2597619047619
18028 2.12547619047619
18028 2
18028 2.68047619047619
18028 0.0019047619047619
18028 0.0169047619047619
18028 0.0133333333333333
18033 1.1152380952381
18033 0
18033 3.2597619047619
18033 2.12547619047619
18033 2
18033 2.68047619047619
18033 0.0019047619047619
18033 0.0169047619047619
18033 0.0133333333333333
18034 1.1152380952381
18034 0
18034 3.2597619047619
18034 2.12547619047619
18034 2
18034 2.68047619047619
18034 0.0019047619047619
18034 0.0169047619047619
18034 0.0133333333333333
18035 1.1152380952381
18035 0
18035 3.2597619047619
18035 2.12547619047619
18035 2
18035 2.68047619047619
18035 0.0019047619047619
18035 0.0169047619047619
18035 0.0133333333333333
18064 1.1152380952381
18064 0
18064 3.2597619047619
18064 2.12547619047619
18064 2
18064 2.68047619047619
18064 0.0019047619047619
18064 0.0169047619047619
18064 0.0133333333333333
18069 1.1152380952381
18069 0
18069 3.2597619047619
18069 2.12547619047619
18069 2
18069 2.68047619047619
18069 0.0019047619047619
18069 0.0169047619047619
18069 0.0133333333333333
18073 1.1152380952381
18073 0
18073 3.2597619047619
18073 2.12547619047619
18073 2
18073 2.68047619047619
18073 0.0019047619047619
18073 0.0169047619047619
18073 0.0133333333333333
18074 1.1152380952381
18074 0
18074 3.2597619047619
18074 2.12547619047619
18074 2
18074 2.68047619047619
18074 0.0019047619047619
18074 0.0169047619047619
18074 0.0133333333333333
18079 1.1152380952381
18079 0
18079 3.2597619047619
18079 2.12547619047619
18079 2
18079 2.68047619047619
18079 0.0019047619047619
18079 0.0169047619047619
18079 0.0133333333333333
18081 1.1152380952381
18081 0
18081 3.2597619047619
18081 2.12547619047619
18081 2
18081 2.68047619047619
18081 0.0019047619047619
18081 0.0169047619047619
18081 0.0133333333333333
18115 1.1152380952381
18115 0
18115 3.2597619047619
18115 2.12547619047619
18115 2
18115 2.68047619047619
18115 0.0019047619047619
18115 0.0169047619047619
18115 0.0133333333333333
18116 1.1152380952381
18116 0
18116 3.2597619047619
18116 2.12547619047619
18116 2
18116 2.68047619047619
18116 0.0019047619047619
18116 0.0169047619047619
18116 0.0133333333333333
18118 1.1152380952381
18118 0
18118 3.2597619047619
18118 2.12547619047619
18118 2
18118 2.68047619047619
18118 0.0019047619047619
18118 0.0169047619047619
18118 0.0133333333333333
18122 1.1152380952381
18122 0
18122 3.2597619047619
18122 2.12547619047619
18122 2
18122 2.68047619047619
18122 0.0019047619047619
18122 0.0169047619047619
18122 0.0133333333333333
18125 1.1152380952381
18125 0
18125 3.2597619047619
18125 2.12547619047619
18125 2
18125 2.68047619047619
18125 0.0019047619047619
18125 0.0169047619047619
18125 0.0133333333333333
18129 1.1152380952381
18129 0
18129 3.2597619047619
18129 2.12547619047619
18129 2
18129 2.68047619047619
18129 0.0019047619047619
18129 0.0169047619047619
18129 0.0133333333333333
18158 1.1152380952381
18158 0
18158 3.2597619047619
18158 2.12547619047619
18158 2
18158 2.68047619047619
18158 0.0019047619047619
18158 0.0169047619047619
18158 0.0133333333333333
18160 1.1152380952381
18160 0
18160 3.2597619047619
18160 2.12547619047619
18160 2
18160 2.68047619047619
18160 0.0019047619047619
18160 0.0169047619047619
18160 0.0133333333333333
18164 1.1152380952381
18164 0
18164 3.2597619047619
18164 2.12547619047619
18164 2
18164 2.68047619047619
18164 0.0019047619047619
18164 0.0169047619047619
18164 0.0133333333333333
18168 1.1152380952381
18168 0
18168 3.2597619047619
18168 2.12547619047619
18168 2
18168 2.68047619047619
18168 0.0019047619047619
18168 0.0169047619047619
18168 0.0133333333333333
18169 1.1152380952381
18169 0
18169 3.2597619047619
18169 2.12547619047619
18169 2
18169 2.68047619047619
18169 0.0019047619047619
18169 0.0169047619047619
18169 0.0133333333333333
18171 1.1152380952381
18171 0
18171 3.2597619047619
18171 2.12547619047619
18171 2
18171 2.68047619047619
18171 0.0019047619047619
18171 0.0169047619047619
18171 0.0133333333333333
18175 1.1152380952381
18175 0
18175 3.2597619047619
18175 2.12547619047619
18175 2
18175 2.68047619047619
18175 0.0019047619047619
18175 0.0169047619047619
18175 0.0133333333333333
18212 1.1152380952381
18212 0
18212 3.2597619047619
18212 2.12547619047619
18212 2
18212 2.68047619047619
18212 0.0019047619047619
18212 0.0169047619047619
18212 0.0133333333333333
18213 1.1152380952381
18213 0
18213 3.2597619047619
18213 2.12547619047619
18213 2
18213 2.68047619047619
18213 0.0019047619047619
18213 0.0169047619047619
18213 0.0133333333333333
18215 1.1152380952381
18215 0
18215 3.2597619047619
18215 2.12547619047619
18215 2
18215 2.68047619047619
18215 0.0019047619047619
18215 0.0169047619047619
18215 0.0133333333333333
18217 1.1152380952381
18217 0
18217 3.2597619047619
18217 2.12547619047619
18217 2
18217 2.68047619047619
18217 0.0019047619047619
18217 0.0169047619047619
18217 0.0133333333333333
18218 1.1152380952381
18218 0
18218 3.2597619047619
18218 2.12547619047619
18218 2
18218 2.68047619047619
18218 0.0019047619047619
18218 0.0169047619047619
18218 0.0133333333333333
18220 1.1152380952381
18220 0
18220 3.2597619047619
18220 2.12547619047619
18220 2
18220 2.68047619047619
18220 0.0019047619047619
18220 0.0169047619047619
18220 0.0133333333333333
18222 1.1152380952381
18222 0
18222 3.2597619047619
18222 2.12547619047619
18222 2
18222 2.68047619047619
18222 0.0019047619047619
18222 0.0169047619047619
18222 0.0133333333333333
18223 1.1152380952381
18223 0
18223 3.2597619047619
18223 2.12547619047619
18223 2
18223 2.68047619047619
18223 0.0019047619047619
18223 0.0169047619047619
18223 0.0133333333333333
18259 1.1152380952381
18259 0
18259 3.2597619047619
18259 2.12547619047619
18259 2
18259 2.68047619047619
18259 0.0019047619047619
18259 0.0169047619047619
18259 0.0133333333333333
18260 1.1152380952381
18260 0
18260 3.2597619047619
18260 2.12547619047619
18260 2
18260 2.68047619047619
18260 0.0019047619047619
18260 0.0169047619047619
18260 0.0133333333333333
18261 1.1152380952381
18261 0
18261 3.2597619047619
18261 2.12547619047619
18261 2
18261 2.68047619047619
18261 0.0019047619047619
18261 0.0169047619047619
18261 0.0133333333333333
18262 1.1152380952381
18262 0
18262 3.2597619047619
18262 2.12547619047619
18262 2
18262 2.68047619047619
18262 0.0019047619047619
18262 0.0169047619047619
18262 0.0133333333333333
18266 1.1152380952381
18266 0
18266 3.2597619047619
18266 2.12547619047619
18266 2
18266 2.68047619047619
18266 0.0019047619047619
18266 0.0169047619047619
18266 0.0133333333333333
18268 1.1152380952381
18268 0
18268 3.2597619047619
18268 2.12547619047619
18268 2
18268 2.68047619047619
18268 0.0019047619047619
18268 0.0169047619047619
18268 0.0133333333333333
18269 1.1152380952381
18269 0
18269 3.2597619047619
18269 2.12547619047619
18269 2
18269 2.68047619047619
18269 0.0019047619047619
18269 0.0169047619047619
18269 0.0133333333333333
18306 1.1152380952381
18306 0
18306 3.2597619047619
18306 2.12547619047619
18306 2
18306 2.68047619047619
18306 0.0019047619047619
18306 0.0169047619047619
18306 0.0133333333333333
18307 1.1152380952381
18307 0
18307 3.2597619047619
18307 2.12547619047619
18307 2
18307 2.68047619047619
18307 0.0019047619047619
18307 0.0169047619047619
18307 0.0133333333333333
18308 1.1152380952381
18308 0
18308 3.2597619047619
18308 2.12547619047619
18308 2
18308 2.68047619047619
18308 0.0019047619047619
18308 0.0169047619047619
18308 0.0133333333333333
18309 1.1152380952381
18309 0
18309 3.2597619047619
18309 2.12547619047619
18309 2
18309 2.68047619047619
18309 0.0019047619047619
18309 0.0169047619047619
18309 0.0133333333333333
18311 1.1152380952381
18311 0
18311 3.2597619047619
18311 2.12547619047619
18311 2
18311 2.68047619047619
18311 0.0019047619047619
18311 0.0169047619047619
18311 0.0133333333333333
18312 1.1152380952381
18312 0
18312 3.2597619047619
18312 2.12547619047619
18312 2
18312 2.68047619047619
18312 0.0019047619047619
18312 0.0169047619047619
18312 0.0133333333333333
18313 1.1152380952381
18313 0
18313 3.2597619047619
18313 2.12547619047619
18313 2
18313 2.68047619047619
18313 0.0019047619047619
18313 0.0169047619047619
18313 0.0133333333333333
18314 1.1152380952381
18314 0
18314 3.2597619047619
18314 2.12547619047619
18314 2
18314 2.68047619047619
18314 0.0019047619047619
18314 0.0169047619047619
18314 0.0133333333333333
18315 1.1152380952381
18315 0
18315 3.2597619047619
18315 2.12547619047619
18315 2
18315 2.68047619047619
18315 0.0019047619047619
18315 0.0169047619047619
18315 0.0133333333333333
18316 1.1152380952381
18316 0
18316 3.2597619047619
18316 2.12547619047619
18316 2
18316 2.68047619047619
18316 0.0019047619047619
18316 0.0169047619047619
18316 0.0133333333333333
18349 1.1152380952381
18349 0
18349 3.2597619047619
18349 2.12547619047619
18349 2
18349 2.68047619047619
18349 0.0019047619047619
18349 0.0169047619047619
18349 0.0133333333333333
18350 1.1152380952381
18350 0
18350 3.2597619047619
18350 2.12547619047619
18350 2
18350 2.68047619047619
18350 0.0019047619047619
18350 0.0169047619047619
18350 0.0133333333333333
18351 1.1152380952381
18351 0
18351 3.2597619047619
18351 2.12547619047619
18351 2
18351 2.68047619047619
18351 0.0019047619047619
18351 0.0169047619047619
18351 0.0133333333333333
18352 1.1152380952381
18352 0
18352 3.2597619047619
18352 2.12547619047619
18352 2
18352 2.68047619047619
18352 0.0019047619047619
18352 0.0169047619047619
18352 0.0133333333333333
18354 1.1152380952381
18354 0
18354 3.2597619047619
18354 2.12547619047619
18354 2
18354 2.68047619047619
18354 0.0019047619047619
18354 0.0169047619047619
18354 0.0133333333333333
18355 1.1152380952381
18355 0
18355 3.2597619047619
18355 2.12547619047619
18355 2
18355 2.68047619047619
18355 0.0019047619047619
18355 0.0169047619047619
18355 0.0133333333333333
18356 1.1152380952381
18356 0
18356 3.2597619047619
18356 2.12547619047619
18356 2
18356 2.68047619047619
18356 0.0019047619047619
18356 0.0169047619047619
18356 0.0133333333333333
18357 1.1152380952381
18357 0
18357 3.2597619047619
18357 2.12547619047619
18357 2
18357 2.68047619047619
18357 0.0019047619047619
18357 0.0169047619047619
18357 0.0133333333333333
18388 1.1152380952381
18388 0
18388 3.2597619047619
18388 2.12547619047619
18388 2
18388 2.68047619047619
18388 0.0019047619047619
18388 0.0169047619047619
18388 0.0133333333333333
18389 1.1152380952381
18389 0
18389 3.2597619047619
18389 2.12547619047619
18389 2
18389 2.68047619047619
18389 0.0019047619047619
18389 0.0169047619047619
18389 0.0133333333333333
18390 1.1152380952381
18390 0
18390 3.2597619047619
18390 2.12547619047619
18390 2
18390 2.68047619047619
18390 0.0019047619047619
18390 0.0169047619047619
18390 0.0133333333333333
18391 1.1152380952381
18391 0
18391 3.2597619047619
18391 2.12547619047619
18391 2
18391 2.68047619047619
18391 0.0019047619047619
18391 0.0169047619047619
18391 0.0133333333333333
18392 1.1152380952381
18392 0
18392 3.2597619047619
18392 2.12547619047619
18392 2
18392 2.68047619047619
18392 0.0019047619047619
18392 0.0169047619047619
18392 0.0133333333333333
18409 1.1152380952381
18409 0
18409 3.2597619047619
18409 2.12547619047619
18409 2
18409 2.68047619047619
18409 0.0019047619047619
18409 0.0169047619047619
18409 0.0133333333333333
18422 1.1152380952381
18422 0
18422 3.2597619047619
18422 2.12547619047619
18422 2
18422 2.68047619047619
18422 0.0019047619047619
18422 0.0169047619047619
18422 0.0133333333333333
18423 1.1152380952381
18423 0
18423 3.2597619047619
18423 2.12547619047619
18423 2
18423 2.68047619047619
18423 0.0019047619047619
18423 0.0169047619047619
18423 0.0133333333333333
18424 1.1152380952381
18424 0
18424 3.2597619047619
18424 2.12547619047619
18424 2
18424 2.68047619047619
18424 0.0019047619047619
18424 0.0169047619047619
18424 0.0133333333333333
18426 1.1152380952381
18426 0
18426 3.2597619047619
18426 2.12547619047619
18426 2
18426 2.68047619047619
18426 0.0019047619047619
18426 0.0169047619047619
18426 0.0133333333333333
18449 1.1152380952381
18449 0
18449 3.2597619047619
18449 2.12547619047619
18449 2
18449 2.68047619047619
18449 0.0019047619047619
18449 0.0169047619047619
18449 0.0133333333333333
18453 1.1152380952381
18453 0
18453 3.2597619047619
18453 2.12547619047619
18453 2
18453 2.68047619047619
18453 0.0019047619047619
18453 0.0169047619047619
18453 0.0133333333333333
18455 1.1152380952381
18455 0
18455 3.2597619047619
18455 2.12547619047619
18455 2
18455 2.68047619047619
18455 0.0019047619047619
18455 0.0169047619047619
18455 0.0133333333333333
18457 1.1152380952381
18457 0
18457 3.2597619047619
18457 2.12547619047619
18457 2
18457 2.68047619047619
18457 0.0019047619047619
18457 0.0169047619047619
18457 0.0133333333333333
18458 1.1152380952381
18458 0
18458 3.2597619047619
18458 2.12547619047619
18458 2
18458 2.68047619047619
18458 0.0019047619047619
18458 0.0169047619047619
18458 0.0133333333333333
18459 1.1152380952381
18459 0
18459 3.2597619047619
18459 2.12547619047619
18459 2
18459 2.68047619047619
18459 0.0019047619047619
18459 0.0169047619047619
18459 0.0133333333333333
18461 1.1152380952381
18461 0
18461 3.2597619047619
18461 2.12547619047619
18461 2
18461 2.68047619047619
18461 0.0019047619047619
18461 0.0169047619047619
18461 0.0133333333333333
18478 1.1152380952381
18478 0
18478 3.2597619047619
18478 2.12547619047619
18478 2
18478 2.68047619047619
18478 0.0019047619047619
18478 0.0169047619047619
18478 0.0133333333333333
18481 1.1152380952381
18481 0
18481 3.2597619047619
18481 2.12547619047619
18481 2
18481 2.68047619047619
18481 0.0019047619047619
18481 0.0169047619047619
18481 0.0133333333333333
18486 1.1152380952381
18486 0
18486 3.2597619047619
18486 2.12547619047619
18486 2
18486 2.68047619047619
18486 0.0019047619047619
18486 0.0169047619047619
18486 0.0133333333333333
18489 1.1152380952381
18489 0
18489 3.2597619047619
18489 2.12547619047619
18489 2
18489 2.68047619047619
18489 0.0019047619047619
18489 0.0169047619047619
18489 0.0133333333333333
18491 1.1152380952381
18491 0
18491 3.2597619047619
18491 2.12547619047619
18491 2
18491 2.68047619047619
18491 0.0019047619047619
18491 0.0169047619047619
18491 0.0133333333333333
18492 1.1152380952381
18492 0
18492 3.2597619047619
18492 2.12547619047619
18492 2
18492 2.68047619047619
18492 0.0019047619047619
18492 0.0169047619047619
18492 0.0133333333333333
18493 1.1152380952381
18493 0
18493 3.2597619047619
18493 2.12547619047619
18493 2
18493 2.68047619047619
18493 0.0019047619047619
18493 0.0169047619047619
18493 0.0133333333333333
18494 1.1152380952381
18494 0
18494 3.2597619047619
18494 2.12547619047619
18494 2
18494 2.68047619047619
18494 0.0019047619047619
18494 0.0169047619047619
18494 0.0133333333333333
18518 1.1152380952381
18518 0
18518 3.2597619047619
18518 2.12547619047619
18518 2
18518 2.68047619047619
18518 0.0019047619047619
18518 0.0169047619047619
18518 0.0133333333333333
18523 1.1152380952381
18523 0
18523 3.2597619047619
18523 2.12547619047619
18523 2
18523 2.68047619047619
18523 0.0019047619047619
18523 0.0169047619047619
18523 0.0133333333333333
18524 1.1152380952381
18524 0
18524 3.2597619047619
18524 2.12547619047619
18524 2
18524 2.68047619047619
18524 0.0019047619047619
18524 0.0169047619047619
18524 0.0133333333333333
18541 1.1152380952381
18541 0
18541 3.2597619047619
18541 2.12547619047619
18541 2
18541 2.68047619047619
18541 0.0019047619047619
18541 0.0169047619047619
18541 0.0133333333333333
18543 1.1152380952381
18543 0
18543 3.2597619047619
18543 2.12547619047619
18543 2
18543 2.68047619047619
18543 0.0019047619047619
18543 0.0169047619047619
18543 0.0133333333333333
18548 1.1152380952381
18548 0
18548 3.2597619047619
18548 2.12547619047619
18548 2
18548 2.68047619047619
18548 0.0019047619047619
18548 0.0169047619047619
18548 0.0133333333333333
18573 1.1152380952381
18573 0
18573 3.2597619047619
18573 2.12547619047619
18573 2
18573 2.68047619047619
18573 0.0019047619047619
18573 0.0169047619047619
18573 0.0133333333333333
18575 1.1152380952381
18575 0
18575 3.2597619047619
18575 2.12547619047619
18575 2
18575 2.68047619047619
18575 0.0019047619047619
18575 0.0169047619047619
18575 0.0133333333333333
18577 1.1152380952381
18577 0
18577 3.2597619047619
18577 2.12547619047619
18577 2
18577 2.68047619047619
18577 0.0019047619047619
18577 0.0169047619047619
18577 0.0133333333333333
18578 1.1152380952381
18578 0
18578 3.2597619047619
18578 2.12547619047619
18578 2
18578 2.68047619047619
18578 0.0019047619047619
18578 0.0169047619047619
18578 0.0133333333333333
18579 1.1152380952381
18579 0
18579 3.2597619047619
18579 2.12547619047619
18579 2
18579 2.68047619047619
18579 0.0019047619047619
18579 0.0169047619047619
18579 0.0133333333333333
18580 1.1152380952381
18580 0
18580 3.2597619047619
18580 2.12547619047619
18580 2
18580 2.68047619047619
18580 0.0019047619047619
18580 0.0169047619047619
18580 0.0133333333333333
18581 1.1152380952381
18581 0
18581 3.2597619047619
18581 2.12547619047619
18581 2
18581 2.68047619047619
18581 0.0019047619047619
18581 0.0169047619047619
18581 0.0133333333333333
18599 1.1152380952381
18599 0
18599 3.2597619047619
18599 2.12547619047619
18599 2
18599 2.68047619047619
18599 0.0019047619047619
18599 0.0169047619047619
18599 0.0133333333333333
18601 1.1152380952381
18601 0
18601 3.2597619047619
18601 2.12547619047619
18601 2
18601 2.68047619047619
18601 0.0019047619047619
18601 0.0169047619047619
18601 0.0133333333333333
18602 1.1152380952381
18602 0
18602 3.2597619047619
18602 2.12547619047619
18602 2
18602 2.68047619047619
18602 0.0019047619047619
18602 0.0169047619047619
18602 0.0133333333333333
18603 1.1152380952381
18603 0
18603 3.2597619047619
18603 2.12547619047619
18603 2
18603 2.68047619047619
18603 0.0019047619047619
18603 0.0169047619047619
18603 0.0133333333333333
18608 1.1152380952381
18608 0
18608 3.2597619047619
18608 2.12547619047619
18608 2
18608 2.68047619047619
18608 0.0019047619047619
18608 0.0169047619047619
18608 0.0133333333333333
18626 1.1152380952381
18626 0
18626 3.2597619047619
18626 2.12547619047619
18626 2
18626 2.68047619047619
18626 0.0019047619047619
18626 0.0169047619047619
18626 0.0133333333333333
18628 1.1152380952381
18628 0
18628 3.2597619047619
18628 2.12547619047619
18628 2
18628 2.68047619047619
18628 0.0019047619047619
18628 0.0169047619047619
18628 0.0133333333333333
18629 1.1152380952381
18629 0
18629 3.2597619047619
18629 2.12547619047619
18629 2
18629 2.68047619047619
18629 0.0019047619047619
18629 0.0169047619047619
18629 0.0133333333333333
18631 1.1152380952381
18631 0
18631 3.2597619047619
18631 2.12547619047619
18631 2
18631 2.68047619047619
18631 0.0019047619047619
18631 0.0169047619047619
18631 0.0133333333333333
18633 1.1152380952381
18633 0
18633 3.2597619047619
18633 2.12547619047619
18633 2
18633 2.68047619047619
18633 0.0019047619047619
18633 0.0169047619047619
18633 0.0133333333333333
18634 1.1152380952381
18634 0
18634 3.2597619047619
18634 2.12547619047619
18634 2
18634 2.68047619047619
18634 0.0019047619047619
18634 0.0169047619047619
18634 0.0133333333333333
18635 1.1152380952381
18635 0
18635 3.2597619047619
18635 2.12547619047619
18635 2
18635 2.68047619047619
18635 0.0019047619047619
18635 0.0169047619047619
18635 0.0133333333333333
18636 1.1152380952381
18636 0
18636 3.2597619047619
18636 2.12547619047619
18636 2
18636 2.68047619047619
18636 0.0019047619047619
18636 0.0169047619047619
18636 0.0133333333333333
18637 1.1152380952381
18637 0
18637 3.2597619047619
18637 2.12547619047619
18637 2
18637 2.68047619047619
18637 0.0019047619047619
18637 0.0169047619047619
18637 0.0133333333333333
18656 1.1152380952381
18656 0
18656 3.2597619047619
18656 2.12547619047619
18656 2
18656 2.68047619047619
18656 0.0019047619047619
18656 0.0169047619047619
18656 0.0133333333333333
18659 1.1152380952381
18659 0
18659 3.2597619047619
18659 2.12547619047619
18659 2
18659 2.68047619047619
18659 0.0019047619047619
18659 0.0169047619047619
18659 0.0133333333333333
18662 1.1152380952381
18662 0
18662 3.2597619047619
18662 2.12547619047619
18662 2
18662 2.68047619047619
18662 0.0019047619047619
18662 0.0169047619047619
18662 0.0133333333333333
18664 1.1152380952381
18664 0
18664 3.2597619047619
18664 2.12547619047619
18664 2
18664 2.68047619047619
18664 0.0019047619047619
18664 0.0169047619047619
18664 0.0133333333333333
18665 1.1152380952381
18665 0
18665 3.2597619047619
18665 2.12547619047619
18665 2
18665 2.68047619047619
18665 0.0019047619047619
18665 0.0169047619047619
18665 0.0133333333333333
18669 1.1152380952381
18669 0
18669 3.2597619047619
18669 2.12547619047619
18669 2
18669 2.68047619047619
18669 0.0019047619047619
18669 0.0169047619047619
18669 0.0133333333333333
18670 1.1152380952381
18670 0
18670 3.2597619047619
18670 2.12547619047619
18670 2
18670 2.68047619047619
18670 0.0019047619047619
18670 0.0169047619047619
18670 0.0133333333333333
18689 1.1152380952381
18689 0
18689 3.2597619047619
18689 2.12547619047619
18689 2
18689 2.68047619047619
18689 0.0019047619047619
18689 0.0169047619047619
18689 0.0133333333333333
18690 1.1152380952381
18690 0
18690 3.2597619047619
18690 2.12547619047619
18690 2
18690 2.68047619047619
18690 0.0019047619047619
18690 0.0169047619047619
18690 0.0133333333333333
18694 1.1152380952381
18694 0
18694 3.2597619047619
18694 2.12547619047619
18694 2
18694 2.68047619047619
18694 0.0019047619047619
18694 0.0169047619047619
18694 0.0133333333333333
18698 1.1152380952381
18698 0
18698 3.2597619047619
18698 2.12547619047619
18698 2
18698 2.68047619047619
18698 0.0019047619047619
18698 0.0169047619047619
18698 0.0133333333333333
18701 1.1152380952381
18701 0
18701 3.2597619047619
18701 2.12547619047619
18701 2
18701 2.68047619047619
18701 0.0019047619047619
18701 0.0169047619047619
18701 0.0133333333333333
18702 1.1152380952381
18702 0
18702 3.2597619047619
18702 2.12547619047619
18702 2
18702 2.68047619047619
18702 0.0019047619047619
18702 0.0169047619047619
18702 0.0133333333333333
18703 1.1152380952381
18703 0
18703 3.2597619047619
18703 2.12547619047619
18703 2
18703 2.68047619047619
18703 0.0019047619047619
18703 0.0169047619047619
18703 0.0133333333333333
18704 1.1152380952381
18704 0
18704 3.2597619047619
18704 2.12547619047619
18704 2
18704 2.68047619047619
18704 0.0019047619047619
18704 0.0169047619047619
18704 0.0133333333333333
18705 1.1152380952381
18705 0
18705 3.2597619047619
18705 2.12547619047619
18705 2
18705 2.68047619047619
18705 0.0019047619047619
18705 0.0169047619047619
18705 0.0133333333333333
18707 1.1152380952381
18707 0
18707 3.2597619047619
18707 2.12547619047619
18707 2
18707 2.68047619047619
18707 0.0019047619047619
18707 0.0169047619047619
18707 0.0133333333333333
18710 1.1152380952381
18710 0
18710 3.2597619047619
18710 2.12547619047619
18710 2
18710 2.68047619047619
18710 0.0019047619047619
18710 0.0169047619047619
18710 0.0133333333333333
18741 1.1152380952381
18741 0
18741 3.2597619047619
18741 2.12547619047619
18741 2
18741 2.68047619047619
18741 0.0019047619047619
18741 0.0169047619047619
18741 0.0133333333333333
18743 1.1152380952381
18743 0
18743 3.2597619047619
18743 2.12547619047619
18743 2
18743 2.68047619047619
18743 0.0019047619047619
18743 0.0169047619047619
18743 0.0133333333333333
18744 1.1152380952381
18744 0
18744 3.2597619047619
18744 2.12547619047619
18744 2
18744 2.68047619047619
18744 0.0019047619047619
18744 0.0169047619047619
18744 0.0133333333333333
18745 1.1152380952381
18745 0
18745 3.2597619047619
18745 2.12547619047619
18745 2
18745 2.68047619047619
18745 0.0019047619047619
18745 0.0169047619047619
18745 0.0133333333333333
18746 1.1152380952381
18746 0
18746 3.2597619047619
18746 2.12547619047619
18746 2
18746 2.68047619047619
18746 0.0019047619047619
18746 0.0169047619047619
18746 0.0133333333333333
18747 1.1152380952381
18747 0
18747 3.2597619047619
18747 2.12547619047619
18747 2
18747 2.68047619047619
18747 0.0019047619047619
18747 0.0169047619047619
18747 0.0133333333333333
18748 1.1152380952381
18748 0
18748 3.2597619047619
18748 2.12547619047619
18748 2
18748 2.68047619047619
18748 0.0019047619047619
18748 0.0169047619047619
18748 0.0133333333333333
18750 1.1152380952381
18750 0
18750 3.2597619047619
18750 2.12547619047619
18750 2
18750 2.68047619047619
18750 0.0019047619047619
18750 0.0169047619047619
18750 0.0133333333333333
18751 1.1152380952381
18751 0
18751 3.2597619047619
18751 2.12547619047619
18751 2
18751 2.68047619047619
18751 0.0019047619047619
18751 0.0169047619047619
18751 0.0133333333333333
18752 1.1152380952381
18752 0
18752 3.2597619047619
18752 2.12547619047619
18752 2
18752 2.68047619047619
18752 0.0019047619047619
18752 0.0169047619047619
18752 0.0133333333333333
18753 1.1152380952381
18753 0
18753 3.2597619047619
18753 2.12547619047619
18753 2
18753 2.68047619047619
18753 0.0019047619047619
18753 0.0169047619047619
18753 0.0133333333333333
18754 1.1152380952381
18754 0
18754 3.2597619047619
18754 2.12547619047619
18754 2
18754 2.68047619047619
18754 0.0019047619047619
18754 0.0169047619047619
18754 0.0133333333333333
18782 1.1152380952381
18782 0
18782 3.2597619047619
18782 2.12547619047619
18782 2
18782 2.68047619047619
18782 0.0019047619047619
18782 0.0169047619047619
18782 0.0133333333333333
18785 1.1152380952381
18785 0
18785 3.2597619047619
18785 2.12547619047619
18785 2
18785 2.68047619047619
18785 0.0019047619047619
18785 0.0169047619047619
18785 0.0133333333333333
18789 1.1152380952381
18789 0
18789 3.2597619047619
18789 2.12547619047619
18789 2
18789 2.68047619047619
18789 0.0019047619047619
18789 0.0169047619047619
18789 0.0133333333333333
18790 1.1152380952381
18790 0
18790 3.2597619047619
18790 2.12547619047619
18790 2
18790 2.68047619047619
18790 0.0019047619047619
18790 0.0169047619047619
18790 0.0133333333333333
18792 1.1152380952381
18792 0
18792 3.2597619047619
18792 2.12547619047619
18792 2
18792 2.68047619047619
18792 0.0019047619047619
18792 0.0169047619047619
18792 0.0133333333333333
18794 1.1152380952381
18794 0
18794 3.2597619047619
18794 2.12547619047619
18794 2
18794 2.68047619047619
18794 0.0019047619047619
18794 0.0169047619047619
18794 0.0133333333333333
18795 1.1152380952381
18795 0
18795 3.2597619047619
18795 2.12547619047619
18795 2
18795 2.68047619047619
18795 0.0019047619047619
18795 0.0169047619047619
18795 0.0133333333333333
18796 1.1152380952381
18796 0
18796 3.2597619047619
18796 2.12547619047619
18796 2
18796 2.68047619047619
18796 0.0019047619047619
18796 0.0169047619047619
18796 0.0133333333333333
18797 1.1152380952381
18797 0
18797 3.2597619047619
18797 2.12547619047619
18797 2
18797 2.68047619047619
18797 0.0019047619047619
18797 0.0169047619047619
18797 0.0133333333333333
18798 1.1152380952381
18798 0
18798 3.2597619047619
18798 2.12547619047619
18798 2
18798 2.68047619047619
18798 0.0019047619047619
18798 0.0169047619047619
18798 0.0133333333333333
18799 1.1152380952381
18799 0
18799 3.2597619047619
18799 2.12547619047619
18799 2
18799 2.68047619047619
18799 0.0019047619047619
18799 0.0169047619047619
18799 0.0133333333333333
18826 1.1152380952381
18826 0
18826 3.2597619047619
18826 2.12547619047619
18826 2
18826 2.68047619047619
18826 0.0019047619047619
18826 0.0169047619047619
18826 0.0133333333333333
18829 1.1152380952381
18829 0
18829 3.2597619047619
18829 2.12547619047619
18829 2
18829 2.68047619047619
18829 0.0019047619047619
18829 0.0169047619047619
18829 0.0133333333333333
18834 1.1152380952381
18834 0
18834 3.2597619047619
18834 2.12547619047619
18834 2
18834 2.68047619047619
18834 0.0019047619047619
18834 0.0169047619047619
18834 0.0133333333333333
18836 1.1152380952381
18836 0
18836 3.2597619047619
18836 2.12547619047619
18836 2
18836 2.68047619047619
18836 0.0019047619047619
18836 0.0169047619047619
18836 0.0133333333333333
18838 1.1152380952381
18838 0
18838 3.2597619047619
18838 2.12547619047619
18838 2
18838 2.68047619047619
18838 0.0019047619047619
18838 0.0169047619047619
18838 0.0133333333333333
18842 1.1152380952381
18842 0
18842 3.2597619047619
18842 2.12547619047619
18842 2
18842 2.68047619047619
18842 0.0019047619047619
18842 0.0169047619047619
18842 0.0133333333333333
18868 1.1152380952381
18868 0
18868 3.2597619047619
18868 2.12547619047619
18868 2
18868 2.68047619047619
18868 0.0019047619047619
18868 0.0169047619047619
18868 0.0133333333333333
18871 1.1152380952381
18871 0
18871 3.2597619047619
18871 2.12547619047619
18871 2
18871 2.68047619047619
18871 0.0019047619047619
18871 0.0169047619047619
18871 0.0133333333333333
18877 1.1152380952381
18877 0
18877 3.2597619047619
18877 2.12547619047619
18877 2
18877 2.68047619047619
18877 0.0019047619047619
18877 0.0169047619047619
18877 0.0133333333333333
18882 1.1152380952381
18882 0
18882 3.2597619047619
18882 2.12547619047619
18882 2
18882 2.68047619047619
18882 0.0019047619047619
18882 0.0169047619047619
18882 0.0133333333333333
18885 1.1152380952381
18885 0
18885 3.2597619047619
18885 2.12547619047619
18885 2
18885 2.68047619047619
18885 0.0019047619047619
18885 0.0169047619047619
18885 0.0133333333333333
18906 1.1152380952381
18906 0
18906 3.2597619047619
18906 2.12547619047619
18906 2
18906 2.68047619047619
18906 0.0019047619047619
18906 0.0169047619047619
18906 0.0133333333333333
18907 1.1152380952381
18907 0
18907 3.2597619047619
18907 2.12547619047619
18907 2
18907 2.68047619047619
18907 0.0019047619047619
18907 0.0169047619047619
18907 0.0133333333333333
18909 1.1152380952381
18909 0
18909 3.2597619047619
18909 2.12547619047619
18909 2
18909 2.68047619047619
18909 0.0019047619047619
18909 0.0169047619047619
18909 0.0133333333333333
18916 1.1152380952381
18916 0
18916 3.2597619047619
18916 2.12547619047619
18916 2
18916 2.68047619047619
18916 0.0019047619047619
18916 0.0169047619047619
18916 0.0133333333333333
18917 1.1152380952381
18917 0
18917 3.2597619047619
18917 2.12547619047619
18917 2
18917 2.68047619047619
18917 0.0019047619047619
18917 0.0169047619047619
18917 0.0133333333333333
18918 1.1152380952381
18918 0
18918 3.2597619047619
18918 2.12547619047619
18918 2
18918 2.68047619047619
18918 0.0019047619047619
18918 0.0169047619047619
18918 0.0133333333333333
18919 1.1152380952381
18919 0
18919 3.2597619047619
18919 2.12547619047619
18919 2
18919 2.68047619047619
18919 0.0019047619047619
18919 0.0169047619047619
18919 0.0133333333333333
18920 1.1152380952381
18920 0
18920 3.2597619047619
18920 2.12547619047619
18920 2
18920 2.68047619047619
18920 0.0019047619047619
18920 0.0169047619047619
18920 0.0133333333333333
18921 1.1152380952381
18921 0
18921 3.2597619047619
18921 2.12547619047619
18921 2
18921 2.68047619047619
18921 0.0019047619047619
18921 0.0169047619047619
18921 0.0133333333333333
18922 1.1152380952381
18922 0
18922 3.2597619047619
18922 2.12547619047619
18922 2
18922 2.68047619047619
18922 0.0019047619047619
18922 0.0169047619047619
18922 0.0133333333333333
18923 1.1152380952381
18923 0
18923 3.2597619047619
18923 2.12547619047619
18923 2
18923 2.68047619047619
18923 0.0019047619047619
18923 0.0169047619047619
18923 0.0133333333333333
18924 1.1152380952381
18924 0
18924 3.2597619047619
18924 2.12547619047619
18924 2
18924 2.68047619047619
18924 0.0019047619047619
18924 0.0169047619047619
18924 0.0133333333333333
18925 1.1152380952381
18925 0
18925 3.2597619047619
18925 2.12547619047619
18925 2
18925 2.68047619047619
18925 0.0019047619047619
18925 0.0169047619047619
18925 0.0133333333333333
18950 1.1152380952381
18950 0
18950 3.2597619047619
18950 2.12547619047619
18950 2
18950 2.68047619047619
18950 0.0019047619047619
18950 0.0169047619047619
18950 0.0133333333333333
18958 1.1152380952381
18958 0
18958 3.2597619047619
18958 2.12547619047619
18958 2
18958 2.68047619047619
18958 0.0019047619047619
18958 0.0169047619047619
18958 0.0133333333333333
18959 1.1152380952381
18959 0
18959 3.2597619047619
18959 2.12547619047619
18959 2
18959 2.68047619047619
18959 0.0019047619047619
18959 0.0169047619047619
18959 0.0133333333333333
18961 1.1152380952381
18961 0
18961 3.2597619047619
18961 2.12547619047619
18961 2
18961 2.68047619047619
18961 0.0019047619047619
18961 0.0169047619047619
18961 0.0133333333333333
18962 1.1152380952381
18962 0
18962 3.2597619047619
18962 2.12547619047619
18962 2
18962 2.68047619047619
18962 0.0019047619047619
18962 0.0169047619047619
18962 0.0133333333333333
18965 1.1152380952381
18965 0
18965 3.2597619047619
18965 2.12547619047619
18965 2
18965 2.68047619047619
18965 0.0019047619047619
18965 0.0169047619047619
18965 0.0133333333333333
18989 1.1152380952381
18989 0
18989 3.2597619047619
18989 2.12547619047619
18989 2
18989 2.68047619047619
18989 0.0019047619047619
18989 0.0169047619047619
18989 0.0133333333333333
18990 1.1152380952381
18990 0
18990 3.2597619047619
18990 2.12547619047619
18990 2
18990 2.68047619047619
18990 0.0019047619047619
18990 0.0169047619047619
18990 0.0133333333333333
18991 1.1152380952381
18991 0
18991 3.2597619047619
18991 2.12547619047619
18991 2
18991 2.68047619047619
18991 0.0019047619047619
18991 0.0169047619047619
18991 0.0133333333333333
18992 1.1152380952381
18992 0
18992 3.2597619047619
18992 2.12547619047619
18992 2
18992 2.68047619047619
18992 0.0019047619047619
18992 0.0169047619047619
18992 0.0133333333333333
18995 1.1152380952381
18995 0
18995 3.2597619047619
18995 2.12547619047619
18995 2
18995 2.68047619047619
18995 0.0019047619047619
18995 0.0169047619047619
18995 0.0133333333333333
18997 1.1152380952381
18997 0
18997 3.2597619047619
18997 2.12547619047619
18997 2
18997 2.68047619047619
18997 0.0019047619047619
18997 0.0169047619047619
18997 0.0133333333333333
18998 1.1152380952381
18998 0
18998 3.2597619047619
18998 2.12547619047619
18998 2
18998 2.68047619047619
18998 0.0019047619047619
18998 0.0169047619047619
18998 0.0133333333333333
18999 1.1152380952381
18999 0
18999 3.2597619047619
18999 2.12547619047619
18999 2
18999 2.68047619047619
18999 0.0019047619047619
18999 0.0169047619047619
18999 0.0133333333333333
19001 1.1152380952381
19001 0
19001 3.2597619047619
19001 2.12547619047619
19001 2
19001 2.68047619047619
19001 0.0019047619047619
19001 0.0169047619047619
19001 0.0133333333333333
19002 1.1152380952381
19002 0
19002 3.2597619047619
19002 2.12547619047619
19002 2
19002 2.68047619047619
19002 0.0019047619047619
19002 0.0169047619047619
19002 0.0133333333333333
19003 1.1152380952381
19003 0
19003 3.2597619047619
19003 2.12547619047619
19003 2
19003 2.68047619047619
19003 0.0019047619047619
19003 0.0169047619047619
19003 0.0133333333333333
19028 1.1152380952381
19028 0
19028 3.2597619047619
19028 2.12547619047619
19028 2
19028 2.68047619047619
19028 0.0019047619047619
19028 0.0169047619047619
19028 0.0133333333333333
19029 1.1152380952381
19029 0
19029 3.2597619047619
19029 2.12547619047619
19029 2
19029 2.68047619047619
19029 0.0019047619047619
19029 0.0169047619047619
19029 0.0133333333333333
19030 1.1152380952381
19030 0
19030 3.2597619047619
19030 2.12547619047619
19030 2
19030 2.68047619047619
19030 0.0019047619047619
19030 0.0169047619047619
19030 0.0133333333333333
19034 1.1152380952381
19034 0
19034 3.2597619047619
19034 2.12547619047619
19034 2
19034 2.68047619047619
19034 0.0019047619047619
19034 0.0169047619047619
19034 0.0133333333333333
19036 1.1152380952381
19036 0
19036 3.2597619047619
19036 2.12547619047619
19036 2
19036 2.68047619047619
19036 0.0019047619047619
19036 0.0169047619047619
19036 0.0133333333333333
19037 1.1152380952381
19037 0
19037 3.2597619047619
19037 2.12547619047619
19037 2
19037 2.68047619047619
19037 0.0019047619047619
19037 0.0169047619047619
19037 0.0133333333333333
19038 1.1152380952381
19038 0
19038 3.2597619047619
19038 2.12547619047619
19038 2
19038 2.68047619047619
19038 0.0019047619047619
19038 0.0169047619047619
19038 0.0133333333333333
19039 1.1152380952381
19039 0
19039 3.2597619047619
19039 2.12547619047619
19039 2
19039 2.68047619047619
19039 0.0019047619047619
19039 0.0169047619047619
19039 0.0133333333333333
19064 1.1152380952381
19064 0
19064 3.2597619047619
19064 2.12547619047619
19064 2
19064 2.68047619047619
19064 0.0019047619047619
19064 0.0169047619047619
19064 0.0133333333333333
19065 1.1152380952381
19065 0
19065 3.2597619047619
19065 2.12547619047619
19065 2
19065 2.68047619047619
19065 0.0019047619047619
19065 0.0169047619047619
19065 0.0133333333333333
19066 1.1152380952381
19066 0
19066 3.2597619047619
19066 2.12547619047619
19066 2
19066 2.68047619047619
19066 0.0019047619047619
19066 0.0169047619047619
19066 0.0133333333333333
19071 1.1152380952381
19071 0
19071 3.2597619047619
19071 2.12547619047619
19071 2
19071 2.68047619047619
19071 0.0019047619047619
19071 0.0169047619047619
19071 0.0133333333333333
19104 1.1152380952381
19104 0
19104 3.2597619047619
19104 2.12547619047619
19104 2
19104 2.68047619047619
19104 0.0019047619047619
19104 0.0169047619047619
19104 0.0133333333333333
19107 1.1152380952381
19107 0
19107 3.2597619047619
19107 2.12547619047619
19107 2
19107 2.68047619047619
19107 0.0019047619047619
19107 0.0169047619047619
19107 0.0133333333333333
19138 1.1152380952381
19138 0
19138 3.2597619047619
19138 2.12547619047619
19138 2
19138 2.68047619047619
19138 0.0019047619047619
19138 0.0169047619047619
19138 0.0133333333333333
19203 1.1152380952381
19203 0
19203 3.2597619047619
19203 2.12547619047619
19203 2
19203 2.68047619047619
19203 0.0019047619047619
19203 0.0169047619047619
19203 0.0133333333333333
