pt_graph cpue_kghour
10140 1.24
10140 0
10140 3.05
10140 2.53
10140 3.51
10140 2.95
10140 0
10140 0
10140 0
10141 1.24
10141 0
10141 3.05
10141 2.53
10141 3.51
10141 2.95
10141 0
10141 0
10141 0
10142 1.24
10142 0
10142 3.05
10142 2.53
10142 3.51
10142 2.95
10142 0
10142 0
10142 0
10143 1.24
10143 0
10143 3.05
10143 2.53
10143 3.51
10143 2.95
10143 0
10143 0
10143 0
10144 1.24
10144 0
10144 3.05
10144 2.53
10144 3.51
10144 2.95
10144 0
10144 0
10144 0
10146 1.24
10146 0
10146 3.05
10146 2.53
10146 3.51
10146 2.95
10146 0
10146 0
10146 0
10147 1.24
10147 0
10147 3.05
10147 2.53
10147 3.51
10147 2.95
10147 0
10147 0
10147 0
10219 1.24
10219 0
10219 3.05
10219 2.53
10219 3.51
10219 2.95
10219 0
10219 0
10219 0
10220 1.24
10220 0
10220 3.05
10220 2.53
10220 3.51
10220 2.95
10220 0
10220 0
10220 0
10221 1.24
10221 0
10221 3.05
10221 2.53
10221 3.51
10221 2.95
10221 0
10221 0
10221 0
10222 1.24
10222 0
10222 3.05
10222 2.53
10222 3.51
10222 2.95
10222 0
10222 0
10222 0
10223 1.24
10223 0
10223 3.05
10223 2.53
10223 3.51
10223 2.95
10223 0
10223 0
10223 0
10224 1.24
10224 0
10224 3.05
10224 2.53
10224 3.51
10224 2.95
10224 0
10224 0
10224 0
10225 1.24
10225 0
10225 3.05
10225 2.53
10225 3.51
10225 2.95
10225 0
10225 0
10225 0
10226 1.24
10226 0
10226 3.05
10226 2.53
10226 3.51
10226 2.95
10226 0
10226 0
10226 0
10228 1.24
10228 0
10228 3.05
10228 2.53
10228 3.51
10228 2.95
10228 0
10228 0
10228 0
10229 1.24
10229 0
10229 3.05
10229 2.53
10229 3.51
10229 2.95
10229 0
10229 0
10229 0
10306 1.24
10306 0
10306 3.05
10306 2.53
10306 3.51
10306 2.95
10306 0
10306 0
10306 0
10307 1.24
10307 0
10307 3.05
10307 2.53
10307 3.51
10307 2.95
10307 0
10307 0
10307 0
10308 1.24
10308 0
10308 3.05
10308 2.53
10308 3.51
10308 2.95
10308 0
10308 0
10308 0
10310 1.24
10310 0
10310 3.05
10310 2.53
10310 3.51
10310 2.95
10310 0
10310 0
10310 0
10311 1.24
10311 0
10311 3.05
10311 2.53
10311 3.51
10311 2.95
10311 0
10311 0
10311 0
10313 1.24
10313 0
10313 3.05
10313 2.53
10313 3.51
10313 2.95
10313 0
10313 0
10313 0
10390 1.24
10390 0
10390 3.05
10390 2.53
10390 3.51
10390 2.95
10390 0
10390 0
10390 0
10393 1.24
10393 0
10393 3.05
10393 2.53
10393 3.51
10393 2.95
10393 0
10393 0
10393 0
10395 1.24
10395 0
10395 3.05
10395 2.53
10395 3.51
10395 2.95
10395 0
10395 0
10395 0
10486 1.24
10486 0
10486 3.05
10486 2.53
10486 3.51
10486 2.95
10486 0
10486 0
10486 0
10487 1.24
10487 0
10487 3.05
10487 2.53
10487 3.51
10487 2.95
10487 0
10487 0
10487 0
10488 1.24
10488 0
10488 3.05
10488 2.53
10488 3.51
10488 2.95
10488 0
10488 0
10488 0
10489 1.24
10489 0
10489 3.05
10489 2.53
10489 3.51
10489 2.95
10489 0
10489 0
10489 0
10588 1.24
10588 0
10588 3.05
10588 2.53
10588 3.51
10588 2.95
10588 0
10588 0
10588 0
10589 1.24
10589 0
10589 3.05
10589 2.53
10589 3.51
10589 2.95
10589 0
10589 0
10589 0
10590 1.24
10590 0
10590 3.05
10590 2.53
10590 3.51
10590 2.95
10590 0
10590 0
10590 0
10595 1.24
10595 0
10595 3.05
10595 2.53
10595 3.51
10595 2.95
10595 0
10595 0
10595 0
10596 1.24
10596 0
10596 3.05
10596 2.53
10596 3.51
10596 2.95
10596 0
10596 0
10596 0
10600 1.24
10600 0
10600 3.05
10600 2.53
10600 3.51
10600 2.95
10600 0
10600 0
10600 0
10602 1.24
10602 0
10602 3.05
10602 2.53
10602 3.51
10602 2.95
10602 0
10602 0
10602 0
10692 1.24
10692 0
10692 3.05
10692 2.53
10692 3.51
10692 2.95
10692 0
10692 0
10692 0
10698 1.24
10698 0
10698 3.05
10698 2.53
10698 3.51
10698 2.95
10698 0
10698 0
10698 0
11497 1.24
11497 0
11497 3.05
11497 2.53
11497 3.51
11497 2.95
11497 0
11497 0
11497 0
11498 1.24
11498 0
11498 3.05
11498 2.53
11498 3.51
11498 2.95
11498 0
11498 0
11498 0
11608 1.24
11608 0
11608 3.05
11608 2.53
11608 3.51
11608 2.95
11608 0
11608 0
11608 0
11625 1.24
11625 0
11625 3.05
11625 2.53
11625 3.51
11625 2.95
11625 0
11625 0
11625 0
11753 1.24
11753 0
11753 3.05
11753 2.53
11753 3.51
11753 2.95
11753 0
11753 0
11753 0
11754 1.24
11754 0
11754 3.05
11754 2.53
11754 3.51
11754 2.95
11754 0
11754 0
11754 0
11862 1.24
11862 0
11862 3.05
11862 2.53
11862 3.51
11862 2.95
11862 0
11862 0
11862 0
11883 1.24
11883 0
11883 3.05
11883 2.53
11883 3.51
11883 2.95
11883 0
11883 0
11883 0
11885 1.24
11885 0
11885 3.05
11885 2.53
11885 3.51
11885 2.95
11885 0
11885 0
11885 0
11886 1.24
11886 0
11886 3.05
11886 2.53
11886 3.51
11886 2.95
11886 0
11886 0
11886 0
11887 1.24
11887 0
11887 3.05
11887 2.53
11887 3.51
11887 2.95
11887 0
11887 0
11887 0
11990 1.24
11990 0
11990 3.05
11990 2.53
11990 3.51
11990 2.95
11990 0
11990 0
11990 0
12005 1.24
12005 0
12005 3.05
12005 2.53
12005 3.51
12005 2.95
12005 0
12005 0
12005 0
12008 1.24
12008 0
12008 3.05
12008 2.53
12008 3.51
12008 2.95
12008 0
12008 0
12008 0
12010 1.24
12010 0
12010 3.05
12010 2.53
12010 3.51
12010 2.95
12010 0
12010 0
12010 0
12011 1.24
12011 0
12011 3.05
12011 2.53
12011 3.51
12011 2.95
12011 0
12011 0
12011 0
12012 1.24
12012 0
12012 3.05
12012 2.53
12012 3.51
12012 2.95
12012 0
12012 0
12012 0
12108 1.24
12108 0
12108 3.05
12108 2.53
12108 3.51
12108 2.95
12108 0
12108 0
12108 0
12112 1.24
12112 0
12112 3.05
12112 2.53
12112 3.51
12112 2.95
12112 0
12112 0
12112 0
12130 1.24
12130 0
12130 3.05
12130 2.53
12130 3.51
12130 2.95
12130 0
12130 0
12130 0
12131 1.24
12131 0
12131 3.05
12131 2.53
12131 3.51
12131 2.95
12131 0
12131 0
12131 0
12132 1.24
12132 0
12132 3.05
12132 2.53
12132 3.51
12132 2.95
12132 0
12132 0
12132 0
12133 1.24
12133 0
12133 3.05
12133 2.53
12133 3.51
12133 2.95
12133 0
12133 0
12133 0
12134 1.24
12134 0
12134 3.05
12134 2.53
12134 3.51
12134 2.95
12134 0
12134 0
12134 0
12230 1.24
12230 0
12230 3.05
12230 2.53
12230 3.51
12230 2.95
12230 0
12230 0
12230 0
12237 1.24
12237 0
12237 3.05
12237 2.53
12237 3.51
12237 2.95
12237 0
12237 0
12237 0
12251 1.24
12251 0
12251 3.05
12251 2.53
12251 3.51
12251 2.95
12251 0
12251 0
12251 0
12252 1.24
12252 0
12252 3.05
12252 2.53
12252 3.51
12252 2.95
12252 0
12252 0
12252 0
12253 1.24
12253 0
12253 3.05
12253 2.53
12253 3.51
12253 2.95
12253 0
12253 0
12253 0
12254 1.24
12254 0
12254 3.05
12254 2.53
12254 3.51
12254 2.95
12254 0
12254 0
12254 0
12255 1.24
12255 0
12255 3.05
12255 2.53
12255 3.51
12255 2.95
12255 0
12255 0
12255 0
12256 1.24
12256 0
12256 3.05
12256 2.53
12256 3.51
12256 2.95
12256 0
12256 0
12256 0
12257 1.24
12257 0
12257 3.05
12257 2.53
12257 3.51
12257 2.95
12257 0
12257 0
12257 0
12259 1.24
12259 0
12259 3.05
12259 2.53
12259 3.51
12259 2.95
12259 0
12259 0
12259 0
12260 1.24
12260 0
12260 3.05
12260 2.53
12260 3.51
12260 2.95
12260 0
12260 0
12260 0
12366 1.24
12366 0
12366 3.05
12366 2.53
12366 3.51
12366 2.95
12366 0
12366 0
12366 0
12370 1.24
12370 0
12370 3.05
12370 2.53
12370 3.51
12370 2.95
12370 0
12370 0
12370 0
12382 1.24
12382 0
12382 3.05
12382 2.53
12382 3.51
12382 2.95
12382 0
12382 0
12382 0
12383 1.24
12383 0
12383 3.05
12383 2.53
12383 3.51
12383 2.95
12383 0
12383 0
12383 0
12384 1.24
12384 0
12384 3.05
12384 2.53
12384 3.51
12384 2.95
12384 0
12384 0
12384 0
12386 1.24
12386 0
12386 3.05
12386 2.53
12386 3.51
12386 2.95
12386 0
12386 0
12386 0
12389 1.24
12389 0
12389 3.05
12389 2.53
12389 3.51
12389 2.95
12389 0
12389 0
12389 0
12390 1.24
12390 0
12390 3.05
12390 2.53
12390 3.51
12390 2.95
12390 0
12390 0
12390 0
12500 1.24
12500 0
12500 3.05
12500 2.53
12500 3.51
12500 2.95
12500 0
12500 0
12500 0
12501 1.24
12501 0
12501 3.05
12501 2.53
12501 3.51
12501 2.95
12501 0
12501 0
12501 0
12515 1.24
12515 0
12515 3.05
12515 2.53
12515 3.51
12515 2.95
12515 0
12515 0
12515 0
12516 1.24
12516 0
12516 3.05
12516 2.53
12516 3.51
12516 2.95
12516 0
12516 0
12516 0
12517 1.24
12517 0
12517 3.05
12517 2.53
12517 3.51
12517 2.95
12517 0
12517 0
12517 0
12519 1.24
12519 0
12519 3.05
12519 2.53
12519 3.51
12519 2.95
12519 0
12519 0
12519 0
12522 1.24
12522 0
12522 3.05
12522 2.53
12522 3.51
12522 2.95
12522 0
12522 0
12522 0
12628 1.24
12628 0
12628 3.05
12628 2.53
12628 3.51
12628 2.95
12628 0
12628 0
12628 0
12629 1.24
12629 0
12629 3.05
12629 2.53
12629 3.51
12629 2.95
12629 0
12629 0
12629 0
12630 1.24
12630 0
12630 3.05
12630 2.53
12630 3.51
12630 2.95
12630 0
12630 0
12630 0
12644 1.24
12644 0
12644 3.05
12644 2.53
12644 3.51
12644 2.95
12644 0
12644 0
12644 0
12645 1.24
12645 0
12645 3.05
12645 2.53
12645 3.51
12645 2.95
12645 0
12645 0
12645 0
12646 1.24
12646 0
12646 3.05
12646 2.53
12646 3.51
12646 2.95
12646 0
12646 0
12646 0
12650 1.24
12650 0
12650 3.05
12650 2.53
12650 3.51
12650 2.95
12650 0
12650 0
12650 0
12651 1.24
12651 0
12651 3.05
12651 2.53
12651 3.51
12651 2.95
12651 0
12651 0
12651 0
12748 1.24
12748 0
12748 3.05
12748 2.53
12748 3.51
12748 2.95
12748 0
12748 0
12748 0
12760 1.24
12760 0
12760 3.05
12760 2.53
12760 3.51
12760 2.95
12760 0
12760 0
12760 0
12761 1.24
12761 0
12761 3.05
12761 2.53
12761 3.51
12761 2.95
12761 0
12761 0
12761 0
12762 1.24
12762 0
12762 3.05
12762 2.53
12762 3.51
12762 2.95
12762 0
12762 0
12762 0
12766 1.24
12766 0
12766 3.05
12766 2.53
12766 3.51
12766 2.95
12766 0
12766 0
12766 0
12767 1.24
12767 0
12767 3.05
12767 2.53
12767 3.51
12767 2.95
12767 0
12767 0
12767 0
12768 1.24
12768 0
12768 3.05
12768 2.53
12768 3.51
12768 2.95
12768 0
12768 0
12768 0
12862 1.24
12862 0
12862 3.05
12862 2.53
12862 3.51
12862 2.95
12862 0
12862 0
12862 0
12863 1.24
12863 0
12863 3.05
12863 2.53
12863 3.51
12863 2.95
12863 0
12863 0
12863 0
12864 1.24
12864 0
12864 3.05
12864 2.53
12864 3.51
12864 2.95
12864 0
12864 0
12864 0
12867 1.24
12867 0
12867 3.05
12867 2.53
12867 3.51
12867 2.95
12867 0
12867 0
12867 0
12884 1.24
12884 0
12884 3.05
12884 2.53
12884 3.51
12884 2.95
12884 0
12884 0
12884 0
12885 1.24
12885 0
12885 3.05
12885 2.53
12885 3.51
12885 2.95
12885 0
12885 0
12885 0
12886 1.24
12886 0
12886 3.05
12886 2.53
12886 3.51
12886 2.95
12886 0
12886 0
12886 0
12887 1.24
12887 0
12887 3.05
12887 2.53
12887 3.51
12887 2.95
12887 0
12887 0
12887 0
12888 1.24
12888 0
12888 3.05
12888 2.53
12888 3.51
12888 2.95
12888 0
12888 0
12888 0
12889 1.24
12889 0
12889 3.05
12889 2.53
12889 3.51
12889 2.95
12889 0
12889 0
12889 0
12983 1.24
12983 0
12983 3.05
12983 2.53
12983 3.51
12983 2.95
12983 0
12983 0
12983 0
12988 1.24
12988 0
12988 3.05
12988 2.53
12988 3.51
12988 2.95
12988 0
12988 0
12988 0
13006 1.24
13006 0
13006 3.05
13006 2.53
13006 3.51
13006 2.95
13006 0
13006 0
13006 0
13007 1.24
13007 0
13007 3.05
13007 2.53
13007 3.51
13007 2.95
13007 0
13007 0
13007 0
13008 1.24
13008 0
13008 3.05
13008 2.53
13008 3.51
13008 2.95
13008 0
13008 0
13008 0
13009 1.24
13009 0
13009 3.05
13009 2.53
13009 3.51
13009 2.95
13009 0
13009 0
13009 0
13010 1.24
13010 0
13010 3.05
13010 2.53
13010 3.51
13010 2.95
13010 0
13010 0
13010 0
13098 1.24
13098 0
13098 3.05
13098 2.53
13098 3.51
13098 2.95
13098 0
13098 0
13098 0
13099 1.24
13099 0
13099 3.05
13099 2.53
13099 3.51
13099 2.95
13099 0
13099 0
13099 0
13101 1.24
13101 0
13101 3.05
13101 2.53
13101 3.51
13101 2.95
13101 0
13101 0
13101 0
13102 1.24
13102 0
13102 3.05
13102 2.53
13102 3.51
13102 2.95
13102 0
13102 0
13102 0
13103 1.24
13103 0
13103 3.05
13103 2.53
13103 3.51
13103 2.95
13103 0
13103 0
13103 0
13111 1.24
13111 0
13111 3.05
13111 2.53
13111 3.51
13111 2.95
13111 0
13111 0
13111 0
13113 1.24
13113 0
13113 3.05
13113 2.53
13113 3.51
13113 2.95
13113 0
13113 0
13113 0
13118 1.24
13118 0
13118 3.05
13118 2.53
13118 3.51
13118 2.95
13118 0
13118 0
13118 0
13120 1.24
13120 0
13120 3.05
13120 2.53
13120 3.51
13120 2.95
13120 0
13120 0
13120 0
13121 1.24
13121 0
13121 3.05
13121 2.53
13121 3.51
13121 2.95
13121 0
13121 0
13121 0
13122 1.24
13122 0
13122 3.05
13122 2.53
13122 3.51
13122 2.95
13122 0
13122 0
13122 0
13123 1.24
13123 0
13123 3.05
13123 2.53
13123 3.51
13123 2.95
13123 0
13123 0
13123 0
13200 1.24
13200 0
13200 3.05
13200 2.53
13200 3.51
13200 2.95
13200 0
13200 0
13200 0
13206 1.24
13206 0
13206 3.05
13206 2.53
13206 3.51
13206 2.95
13206 0
13206 0
13206 0
13209 1.24
13209 0
13209 3.05
13209 2.53
13209 3.51
13209 2.95
13209 0
13209 0
13209 0
13224 1.24
13224 0
13224 3.05
13224 2.53
13224 3.51
13224 2.95
13224 0
13224 0
13224 0
13225 1.24
13225 0
13225 3.05
13225 2.53
13225 3.51
13225 2.95
13225 0
13225 0
13225 0
13226 1.24
13226 0
13226 3.05
13226 2.53
13226 3.51
13226 2.95
13226 0
13226 0
13226 0
13296 1.24
13296 0
13296 3.05
13296 2.53
13296 3.51
13296 2.95
13296 0
13296 0
13296 0
13297 1.24
13297 0
13297 3.05
13297 2.53
13297 3.51
13297 2.95
13297 0
13297 0
13297 0
13298 1.24
13298 0
13298 3.05
13298 2.53
13298 3.51
13298 2.95
13298 0
13298 0
13298 0
13299 1.24
13299 0
13299 3.05
13299 2.53
13299 3.51
13299 2.95
13299 0
13299 0
13299 0
13304 1.24
13304 0
13304 3.05
13304 2.53
13304 3.51
13304 2.95
13304 0
13304 0
13304 0
13318 1.24
13318 0
13318 3.05
13318 2.53
13318 3.51
13318 2.95
13318 0
13318 0
13318 0
13319 1.24
13319 0
13319 3.05
13319 2.53
13319 3.51
13319 2.95
13319 0
13319 0
13319 0
13323 1.24
13323 0
13323 3.05
13323 2.53
13323 3.51
13323 2.95
13323 0
13323 0
13323 0
13324 1.24
13324 0
13324 3.05
13324 2.53
13324 3.51
13324 2.95
13324 0
13324 0
13324 0
13383 1.24
13383 0
13383 3.05
13383 2.53
13383 3.51
13383 2.95
13383 0
13383 0
13383 0
13403 1.24
13403 0
13403 3.05
13403 2.53
13403 3.51
13403 2.95
13403 0
13403 0
13403 0
13404 1.24
13404 0
13404 3.05
13404 2.53
13404 3.51
13404 2.95
13404 0
13404 0
13404 0
13405 1.24
13405 0
13405 3.05
13405 2.53
13405 3.51
13405 2.95
13405 0
13405 0
13405 0
13406 1.24
13406 0
13406 3.05
13406 2.53
13406 3.51
13406 2.95
13406 0
13406 0
13406 0
13407 1.24
13407 0
13407 3.05
13407 2.53
13407 3.51
13407 2.95
13407 0
13407 0
13407 0
13408 1.24
13408 0
13408 3.05
13408 2.53
13408 3.51
13408 2.95
13408 0
13408 0
13408 0
13409 1.24
13409 0
13409 3.05
13409 2.53
13409 3.51
13409 2.95
13409 0
13409 0
13409 0
13484 1.24
13484 0
13484 3.05
13484 2.53
13484 3.51
13484 2.95
13484 0
13484 0
13484 0
13485 1.24
13485 0
13485 3.05
13485 2.53
13485 3.51
13485 2.95
13485 0
13485 0
13485 0
13486 1.24
13486 0
13486 3.05
13486 2.53
13486 3.51
13486 2.95
13486 0
13486 0
13486 0
13488 1.24
13488 0
13488 3.05
13488 2.53
13488 3.51
13488 2.95
13488 0
13488 0
13488 0
13490 1.24
13490 0
13490 3.05
13490 2.53
13490 3.51
13490 2.95
13490 0
13490 0
13490 0
13534 1.24
13534 0
13534 3.05
13534 2.53
13534 3.51
13534 2.95
13534 0
13534 0
13534 0
13536 1.24
13536 0
13536 3.05
13536 2.53
13536 3.51
13536 2.95
13536 0
13536 0
13536 0
13543 1.24
13543 0
13543 3.05
13543 2.53
13543 3.51
13543 2.95
13543 0
13543 0
13543 0
13552 1.24
13552 0
13552 3.05
13552 2.53
13552 3.51
13552 2.95
13552 0
13552 0
13552 0
13554 1.24
13554 0
13554 3.05
13554 2.53
13554 3.51
13554 2.95
13554 0
13554 0
13554 0
13555 1.24
13555 0
13555 3.05
13555 2.53
13555 3.51
13555 2.95
13555 0
13555 0
13555 0
13557 1.24
13557 0
13557 3.05
13557 2.53
13557 3.51
13557 2.95
13557 0
13557 0
13557 0
13558 1.24
13558 0
13558 3.05
13558 2.53
13558 3.51
13558 2.95
13558 0
13558 0
13558 0
13559 1.24
13559 0
13559 3.05
13559 2.53
13559 3.51
13559 2.95
13559 0
13559 0
13559 0
13611 1.24
13611 0
13611 3.05
13611 2.53
13611 3.51
13611 2.95
13611 0
13611 0
13611 0
13613 1.24
13613 0
13613 3.05
13613 2.53
13613 3.51
13613 2.95
13613 0
13613 0
13613 0
13614 1.24
13614 0
13614 3.05
13614 2.53
13614 3.51
13614 2.95
13614 0
13614 0
13614 0
13617 1.24
13617 0
13617 3.05
13617 2.53
13617 3.51
13617 2.95
13617 0
13617 0
13617 0
13618 1.24
13618 0
13618 3.05
13618 2.53
13618 3.51
13618 2.95
13618 0
13618 0
13618 0
13619 1.24
13619 0
13619 3.05
13619 2.53
13619 3.51
13619 2.95
13619 0
13619 0
13619 0
13651 1.24
13651 0
13651 3.05
13651 2.53
13651 3.51
13651 2.95
13651 0
13651 0
13651 0
13669 1.24
13669 0
13669 3.05
13669 2.53
13669 3.51
13669 2.95
13669 0
13669 0
13669 0
13670 1.24
13670 0
13670 3.05
13670 2.53
13670 3.51
13670 2.95
13670 0
13670 0
13670 0
13671 1.24
13671 0
13671 3.05
13671 2.53
13671 3.51
13671 2.95
13671 0
13671 0
13671 0
13674 1.24
13674 0
13674 3.05
13674 2.53
13674 3.51
13674 2.95
13674 0
13674 0
13674 0
13675 1.24
13675 0
13675 3.05
13675 2.53
13675 3.51
13675 2.95
13675 0
13675 0
13675 0
13676 1.24
13676 0
13676 3.05
13676 2.53
13676 3.51
13676 2.95
13676 0
13676 0
13676 0
13707 1.24
13707 0
13707 3.05
13707 2.53
13707 3.51
13707 2.95
13707 0
13707 0
13707 0
13709 1.24
13709 0
13709 3.05
13709 2.53
13709 3.51
13709 2.95
13709 0
13709 0
13709 0
13714 1.24
13714 0
13714 3.05
13714 2.53
13714 3.51
13714 2.95
13714 0
13714 0
13714 0
13724 1.24
13724 0
13724 3.05
13724 2.53
13724 3.51
13724 2.95
13724 0
13724 0
13724 0
13725 1.24
13725 0
13725 3.05
13725 2.53
13725 3.51
13725 2.95
13725 0
13725 0
13725 0
13729 1.24
13729 0
13729 3.05
13729 2.53
13729 3.51
13729 2.95
13729 0
13729 0
13729 0
13730 1.24
13730 0
13730 3.05
13730 2.53
13730 3.51
13730 2.95
13730 0
13730 0
13730 0
13731 1.24
13731 0
13731 3.05
13731 2.53
13731 3.51
13731 2.95
13731 0
13731 0
13731 0
13764 1.24
13764 0
13764 3.05
13764 2.53
13764 3.51
13764 2.95
13764 0
13764 0
13764 0
13769 1.24
13769 0
13769 3.05
13769 2.53
13769 3.51
13769 2.95
13769 0
13769 0
13769 0
13772 1.24
13772 0
13772 3.05
13772 2.53
13772 3.51
13772 2.95
13772 0
13772 0
13772 0
13780 1.24
13780 0
13780 3.05
13780 2.53
13780 3.51
13780 2.95
13780 0
13780 0
13780 0
13782 1.24
13782 0
13782 3.05
13782 2.53
13782 3.51
13782 2.95
13782 0
13782 0
13782 0
13784 1.24
13784 0
13784 3.05
13784 2.53
13784 3.51
13784 2.95
13784 0
13784 0
13784 0
13785 1.24
13785 0
13785 3.05
13785 2.53
13785 3.51
13785 2.95
13785 0
13785 0
13785 0
13816 1.24
13816 0
13816 3.05
13816 2.53
13816 3.51
13816 2.95
13816 0
13816 0
13816 0
13818 1.24
13818 0
13818 3.05
13818 2.53
13818 3.51
13818 2.95
13818 0
13818 0
13818 0
13822 1.24
13822 0
13822 3.05
13822 2.53
13822 3.51
13822 2.95
13822 0
13822 0
13822 0
13823 1.24
13823 0
13823 3.05
13823 2.53
13823 3.51
13823 2.95
13823 0
13823 0
13823 0
13832 1.24
13832 0
13832 3.05
13832 2.53
13832 3.51
13832 2.95
13832 0
13832 0
13832 0
13835 1.24
13835 0
13835 3.05
13835 2.53
13835 3.51
13835 2.95
13835 0
13835 0
13835 0
13836 1.24
13836 0
13836 3.05
13836 2.53
13836 3.51
13836 2.95
13836 0
13836 0
13836 0
13838 1.24
13838 0
13838 3.05
13838 2.53
13838 3.51
13838 2.95
13838 0
13838 0
13838 0
13874 1.24
13874 0
13874 3.05
13874 2.53
13874 3.51
13874 2.95
13874 0
13874 0
13874 0
13880 1.24
13880 0
13880 3.05
13880 2.53
13880 3.51
13880 2.95
13880 0
13880 0
13880 0
13885 1.24
13885 0
13885 3.05
13885 2.53
13885 3.51
13885 2.95
13885 0
13885 0
13885 0
13889 1.24
13889 0
13889 3.05
13889 2.53
13889 3.51
13889 2.95
13889 0
13889 0
13889 0
13892 1.24
13892 0
13892 3.05
13892 2.53
13892 3.51
13892 2.95
13892 0
13892 0
13892 0
13893 1.24
13893 0
13893 3.05
13893 2.53
13893 3.51
13893 2.95
13893 0
13893 0
13893 0
13946 1.24
13946 0
13946 3.05
13946 2.53
13946 3.51
13946 2.95
13946 0
13946 0
13946 0
13947 1.24
13947 0
13947 3.05
13947 2.53
13947 3.51
13947 2.95
13947 0
13947 0
13947 0
13948 1.24
13948 0
13948 3.05
13948 2.53
13948 3.51
13948 2.95
13948 0
13948 0
13948 0
13949 1.24
13949 0
13949 3.05
13949 2.53
13949 3.51
13949 2.95
13949 0
13949 0
13949 0
13950 1.24
13950 0
13950 3.05
13950 2.53
13950 3.51
13950 2.95
13950 0
13950 0
13950 0
13951 1.24
13951 0
13951 3.05
13951 2.53
13951 3.51
13951 2.95
13951 0
13951 0
13951 0
13952 1.24
13952 0
13952 3.05
13952 2.53
13952 3.51
13952 2.95
13952 0
13952 0
13952 0
13982 1.24
13982 0
13982 3.05
13982 2.53
13982 3.51
13982 2.95
13982 0
13982 0
13982 0
13987 1.24
13987 0
13987 3.05
13987 2.53
13987 3.51
13987 2.95
13987 0
13987 0
13987 0
13994 1.24
13994 0
13994 3.05
13994 2.53
13994 3.51
13994 2.95
13994 0
13994 0
13994 0
13997 1.24
13997 0
13997 3.05
13997 2.53
13997 3.51
13997 2.95
13997 0
13997 0
13997 0
13998 1.24
13998 0
13998 3.05
13998 2.53
13998 3.51
13998 2.95
13998 0
13998 0
13998 0
14001 1.24
14001 0
14001 3.05
14001 2.53
14001 3.51
14001 2.95
14001 0
14001 0
14001 0
14004 1.24
14004 0
14004 3.05
14004 2.53
14004 3.51
14004 2.95
14004 0
14004 0
14004 0
14005 1.24
14005 0
14005 3.05
14005 2.53
14005 3.51
14005 2.95
14005 0
14005 0
14005 0
14006 1.24
14006 0
14006 3.05
14006 2.53
14006 3.51
14006 2.95
14006 0
14006 0
14006 0
14008 1.24
14008 0
14008 3.05
14008 2.53
14008 3.51
14008 2.95
14008 0
14008 0
14008 0
14009 1.24
14009 0
14009 3.05
14009 2.53
14009 3.51
14009 2.95
14009 0
14009 0
14009 0
14035 1.24
14035 0
14035 3.05
14035 2.53
14035 3.51
14035 2.95
14035 0
14035 0
14035 0
14042 1.24
14042 0
14042 3.05
14042 2.53
14042 3.51
14042 2.95
14042 0
14042 0
14042 0
14045 1.24
14045 0
14045 3.05
14045 2.53
14045 3.51
14045 2.95
14045 0
14045 0
14045 0
14057 1.24
14057 0
14057 3.05
14057 2.53
14057 3.51
14057 2.95
14057 0
14057 0
14057 0
14058 1.24
14058 0
14058 3.05
14058 2.53
14058 3.51
14058 2.95
14058 0
14058 0
14058 0
14059 1.24
14059 0
14059 3.05
14059 2.53
14059 3.51
14059 2.95
14059 0
14059 0
14059 0
14060 1.24
14060 0
14060 3.05
14060 2.53
14060 3.51
14060 2.95
14060 0
14060 0
14060 0
14062 1.24
14062 0
14062 3.05
14062 2.53
14062 3.51
14062 2.95
14062 0
14062 0
14062 0
14064 1.24
14064 0
14064 3.05
14064 2.53
14064 3.51
14064 2.95
14064 0
14064 0
14064 0
14086 1.24
14086 0
14086 3.05
14086 2.53
14086 3.51
14086 2.95
14086 0
14086 0
14086 0
14093 1.24
14093 0
14093 3.05
14093 2.53
14093 3.51
14093 2.95
14093 0
14093 0
14093 0
14096 1.24
14096 0
14096 3.05
14096 2.53
14096 3.51
14096 2.95
14096 0
14096 0
14096 0
14097 1.24
14097 0
14097 3.05
14097 2.53
14097 3.51
14097 2.95
14097 0
14097 0
14097 0
14098 1.24
14098 0
14098 3.05
14098 2.53
14098 3.51
14098 2.95
14098 0
14098 0
14098 0
14107 1.24
14107 0
14107 3.05
14107 2.53
14107 3.51
14107 2.95
14107 0
14107 0
14107 0
14109 1.24
14109 0
14109 3.05
14109 2.53
14109 3.51
14109 2.95
14109 0
14109 0
14109 0
14112 1.24
14112 0
14112 3.05
14112 2.53
14112 3.51
14112 2.95
14112 0
14112 0
14112 0
14115 1.24
14115 0
14115 3.05
14115 2.53
14115 3.51
14115 2.95
14115 0
14115 0
14115 0
14151 1.24
14151 0
14151 3.05
14151 2.53
14151 3.51
14151 2.95
14151 0
14151 0
14151 0
14152 1.24
14152 0
14152 3.05
14152 2.53
14152 3.51
14152 2.95
14152 0
14152 0
14152 0
14154 1.24
14154 0
14154 3.05
14154 2.53
14154 3.51
14154 2.95
14154 0
14154 0
14154 0
14163 1.24
14163 0
14163 3.05
14163 2.53
14163 3.51
14163 2.95
14163 0
14163 0
14163 0
14167 1.24
14167 0
14167 3.05
14167 2.53
14167 3.51
14167 2.95
14167 0
14167 0
14167 0
14168 1.24
14168 0
14168 3.05
14168 2.53
14168 3.51
14168 2.95
14168 0
14168 0
14168 0
14169 1.24
14169 0
14169 3.05
14169 2.53
14169 3.51
14169 2.95
14169 0
14169 0
14169 0
14209 1.24
14209 0
14209 3.05
14209 2.53
14209 3.51
14209 2.95
14209 0
14209 0
14209 0
14210 1.24
14210 0
14210 3.05
14210 2.53
14210 3.51
14210 2.95
14210 0
14210 0
14210 0
14212 1.24
14212 0
14212 3.05
14212 2.53
14212 3.51
14212 2.95
14212 0
14212 0
14212 0
14241 1.24
14241 0
14241 3.05
14241 2.53
14241 3.51
14241 2.95
14241 0
14241 0
14241 0
14256 1.24
14256 0
14256 3.05
14256 2.53
14256 3.51
14256 2.95
14256 0
14256 0
14256 0
14257 1.24
14257 0
14257 3.05
14257 2.53
14257 3.51
14257 2.95
14257 0
14257 0
14257 0
14258 1.24
14258 0
14258 3.05
14258 2.53
14258 3.51
14258 2.95
14258 0
14258 0
14258 0
14259 1.24
14259 0
14259 3.05
14259 2.53
14259 3.51
14259 2.95
14259 0
14259 0
14259 0
14260 1.24
14260 0
14260 3.05
14260 2.53
14260 3.51
14260 2.95
14260 0
14260 0
14260 0
14261 1.24
14261 0
14261 3.05
14261 2.53
14261 3.51
14261 2.95
14261 0
14261 0
14261 0
14264 1.24
14264 0
14264 3.05
14264 2.53
14264 3.51
14264 2.95
14264 0
14264 0
14264 0
14285 1.24
14285 0
14285 3.05
14285 2.53
14285 3.51
14285 2.95
14285 0
14285 0
14285 0
14287 1.24
14287 0
14287 3.05
14287 2.53
14287 3.51
14287 2.95
14287 0
14287 0
14287 0
14291 1.24
14291 0
14291 3.05
14291 2.53
14291 3.51
14291 2.95
14291 0
14291 0
14291 0
14293 1.24
14293 0
14293 3.05
14293 2.53
14293 3.51
14293 2.95
14293 0
14293 0
14293 0
14299 1.24
14299 0
14299 3.05
14299 2.53
14299 3.51
14299 2.95
14299 0
14299 0
14299 0
14300 1.24
14300 0
14300 3.05
14300 2.53
14300 3.51
14300 2.95
14300 0
14300 0
14300 0
14301 1.24
14301 0
14301 3.05
14301 2.53
14301 3.51
14301 2.95
14301 0
14301 0
14301 0
14303 1.24
14303 0
14303 3.05
14303 2.53
14303 3.51
14303 2.95
14303 0
14303 0
14303 0
14304 1.24
14304 0
14304 3.05
14304 2.53
14304 3.51
14304 2.95
14304 0
14304 0
14304 0
14305 1.24
14305 0
14305 3.05
14305 2.53
14305 3.51
14305 2.95
14305 0
14305 0
14305 0
14306 1.24
14306 0
14306 3.05
14306 2.53
14306 3.51
14306 2.95
14306 0
14306 0
14306 0
14308 1.24
14308 0
14308 3.05
14308 2.53
14308 3.51
14308 2.95
14308 0
14308 0
14308 0
14331 1.24
14331 0
14331 3.05
14331 2.53
14331 3.51
14331 2.95
14331 0
14331 0
14331 0
14337 1.24
14337 0
14337 3.05
14337 2.53
14337 3.51
14337 2.95
14337 0
14337 0
14337 0
14338 1.24
14338 0
14338 3.05
14338 2.53
14338 3.51
14338 2.95
14338 0
14338 0
14338 0
14343 1.24
14343 0
14343 3.05
14343 2.53
14343 3.51
14343 2.95
14343 0
14343 0
14343 0
14344 1.24
14344 0
14344 3.05
14344 2.53
14344 3.51
14344 2.95
14344 0
14344 0
14344 0
14345 1.24
14345 0
14345 3.05
14345 2.53
14345 3.51
14345 2.95
14345 0
14345 0
14345 0
14348 1.24
14348 0
14348 3.05
14348 2.53
14348 3.51
14348 2.95
14348 0
14348 0
14348 0
14349 1.24
14349 0
14349 3.05
14349 2.53
14349 3.51
14349 2.95
14349 0
14349 0
14349 0
14350 1.24
14350 0
14350 3.05
14350 2.53
14350 3.51
14350 2.95
14350 0
14350 0
14350 0
14351 1.24
14351 0
14351 3.05
14351 2.53
14351 3.51
14351 2.95
14351 0
14351 0
14351 0
14352 1.24
14352 0
14352 3.05
14352 2.53
14352 3.51
14352 2.95
14352 0
14352 0
14352 0
14353 1.24
14353 0
14353 3.05
14353 2.53
14353 3.51
14353 2.95
14353 0
14353 0
14353 0
14355 1.24
14355 0
14355 3.05
14355 2.53
14355 3.51
14355 2.95
14355 0
14355 0
14355 0
14373 1.24
14373 0
14373 3.05
14373 2.53
14373 3.51
14373 2.95
14373 0
14373 0
14373 0
14375 1.24
14375 0
14375 3.05
14375 2.53
14375 3.51
14375 2.95
14375 0
14375 0
14375 0
14380 1.24
14380 0
14380 3.05
14380 2.53
14380 3.51
14380 2.95
14380 0
14380 0
14380 0
14381 1.24
14381 0
14381 3.05
14381 2.53
14381 3.51
14381 2.95
14381 0
14381 0
14381 0
14385 1.24
14385 0
14385 3.05
14385 2.53
14385 3.51
14385 2.95
14385 0
14385 0
14385 0
14386 1.24
14386 0
14386 3.05
14386 2.53
14386 3.51
14386 2.95
14386 0
14386 0
14386 0
14388 1.24
14388 0
14388 3.05
14388 2.53
14388 3.51
14388 2.95
14388 0
14388 0
14388 0
14389 1.24
14389 0
14389 3.05
14389 2.53
14389 3.51
14389 2.95
14389 0
14389 0
14389 0
14390 1.24
14390 0
14390 3.05
14390 2.53
14390 3.51
14390 2.95
14390 0
14390 0
14390 0
14391 1.24
14391 0
14391 3.05
14391 2.53
14391 3.51
14391 2.95
14391 0
14391 0
14391 0
14392 1.24
14392 0
14392 3.05
14392 2.53
14392 3.51
14392 2.95
14392 0
14392 0
14392 0
14394 1.24
14394 0
14394 3.05
14394 2.53
14394 3.51
14394 2.95
14394 0
14394 0
14394 0
14395 1.24
14395 0
14395 3.05
14395 2.53
14395 3.51
14395 2.95
14395 0
14395 0
14395 0
14422 1.24
14422 0
14422 3.05
14422 2.53
14422 3.51
14422 2.95
14422 0
14422 0
14422 0
14423 1.24
14423 0
14423 3.05
14423 2.53
14423 3.51
14423 2.95
14423 0
14423 0
14423 0
14425 1.24
14425 0
14425 3.05
14425 2.53
14425 3.51
14425 2.95
14425 0
14425 0
14425 0
14426 1.24
14426 0
14426 3.05
14426 2.53
14426 3.51
14426 2.95
14426 0
14426 0
14426 0
14427 1.24
14427 0
14427 3.05
14427 2.53
14427 3.51
14427 2.95
14427 0
14427 0
14427 0
14428 1.24
14428 0
14428 3.05
14428 2.53
14428 3.51
14428 2.95
14428 0
14428 0
14428 0
14432 1.24
14432 0
14432 3.05
14432 2.53
14432 3.51
14432 2.95
14432 0
14432 0
14432 0
14433 1.24
14433 0
14433 3.05
14433 2.53
14433 3.51
14433 2.95
14433 0
14433 0
14433 0
14435 1.24
14435 0
14435 3.05
14435 2.53
14435 3.51
14435 2.95
14435 0
14435 0
14435 0
14436 1.24
14436 0
14436 3.05
14436 2.53
14436 3.51
14436 2.95
14436 0
14436 0
14436 0
14437 1.24
14437 0
14437 3.05
14437 2.53
14437 3.51
14437 2.95
14437 0
14437 0
14437 0
14438 1.24
14438 0
14438 3.05
14438 2.53
14438 3.51
14438 2.95
14438 0
14438 0
14438 0
14462 1.24
14462 0
14462 3.05
14462 2.53
14462 3.51
14462 2.95
14462 0
14462 0
14462 0
14463 1.24
14463 0
14463 3.05
14463 2.53
14463 3.51
14463 2.95
14463 0
14463 0
14463 0
14464 1.24
14464 0
14464 3.05
14464 2.53
14464 3.51
14464 2.95
14464 0
14464 0
14464 0
14465 1.24
14465 0
14465 3.05
14465 2.53
14465 3.51
14465 2.95
14465 0
14465 0
14465 0
14466 1.24
14466 0
14466 3.05
14466 2.53
14466 3.51
14466 2.95
14466 0
14466 0
14466 0
14470 1.24
14470 0
14470 3.05
14470 2.53
14470 3.51
14470 2.95
14470 0
14470 0
14470 0
14472 1.24
14472 0
14472 3.05
14472 2.53
14472 3.51
14472 2.95
14472 0
14472 0
14472 0
14473 1.24
14473 0
14473 3.05
14473 2.53
14473 3.51
14473 2.95
14473 0
14473 0
14473 0
14474 1.24
14474 0
14474 3.05
14474 2.53
14474 3.51
14474 2.95
14474 0
14474 0
14474 0
14493 1.24
14493 0
14493 3.05
14493 2.53
14493 3.51
14493 2.95
14493 0
14493 0
14493 0
14496 1.24
14496 0
14496 3.05
14496 2.53
14496 3.51
14496 2.95
14496 0
14496 0
14496 0
14499 1.24
14499 0
14499 3.05
14499 2.53
14499 3.51
14499 2.95
14499 0
14499 0
14499 0
14500 1.24
14500 0
14500 3.05
14500 2.53
14500 3.51
14500 2.95
14500 0
14500 0
14500 0
14501 1.24
14501 0
14501 3.05
14501 2.53
14501 3.51
14501 2.95
14501 0
14501 0
14501 0
14505 1.24
14505 0
14505 3.05
14505 2.53
14505 3.51
14505 2.95
14505 0
14505 0
14505 0
14507 1.24
14507 0
14507 3.05
14507 2.53
14507 3.51
14507 2.95
14507 0
14507 0
14507 0
14508 1.24
14508 0
14508 3.05
14508 2.53
14508 3.51
14508 2.95
14508 0
14508 0
14508 0
14531 1.24
14531 0
14531 3.05
14531 2.53
14531 3.51
14531 2.95
14531 0
14531 0
14531 0
14533 1.24
14533 0
14533 3.05
14533 2.53
14533 3.51
14533 2.95
14533 0
14533 0
14533 0
14538 1.24
14538 0
14538 3.05
14538 2.53
14538 3.51
14538 2.95
14538 0
14538 0
14538 0
14559 1.24
14559 0
14559 3.05
14559 2.53
14559 3.51
14559 2.95
14559 0
14559 0
14559 0
14560 1.24
14560 0
14560 3.05
14560 2.53
14560 3.51
14560 2.95
14560 0
14560 0
14560 0
14561 1.24
14561 0
14561 3.05
14561 2.53
14561 3.51
14561 2.95
14561 0
14561 0
14561 0
14569 1.24
14569 0
14569 3.05
14569 2.53
14569 3.51
14569 2.95
14569 0
14569 0
14569 0
14570 1.24
14570 0
14570 3.05
14570 2.53
14570 3.51
14570 2.95
14570 0
14570 0
14570 0
14596 1.24
14596 0
14596 3.05
14596 2.53
14596 3.51
14596 2.95
14596 0
14596 0
14596 0
14598 1.24
14598 0
14598 3.05
14598 2.53
14598 3.51
14598 2.95
14598 0
14598 0
14598 0
14604 1.24
14604 0
14604 3.05
14604 2.53
14604 3.51
14604 2.95
14604 0
14604 0
14604 0
14629 1.24
14629 0
14629 3.05
14629 2.53
14629 3.51
14629 2.95
14629 0
14629 0
14629 0
14631 1.24
14631 0
14631 3.05
14631 2.53
14631 3.51
14631 2.95
14631 0
14631 0
14631 0
14632 1.24
14632 0
14632 3.05
14632 2.53
14632 3.51
14632 2.95
14632 0
14632 0
14632 0
14633 1.24
14633 0
14633 3.05
14633 2.53
14633 3.51
14633 2.95
14633 0
14633 0
14633 0
14634 1.24
14634 0
14634 3.05
14634 2.53
14634 3.51
14634 2.95
14634 0
14634 0
14634 0
14636 1.24
14636 0
14636 3.05
14636 2.53
14636 3.51
14636 2.95
14636 0
14636 0
14636 0
14637 1.24
14637 0
14637 3.05
14637 2.53
14637 3.51
14637 2.95
14637 0
14637 0
14637 0
14664 1.24
14664 0
14664 3.05
14664 2.53
14664 3.51
14664 2.95
14664 0
14664 0
14664 0
14665 1.24
14665 0
14665 3.05
14665 2.53
14665 3.51
14665 2.95
14665 0
14665 0
14665 0
14666 1.24
14666 0
14666 3.05
14666 2.53
14666 3.51
14666 2.95
14666 0
14666 0
14666 0
14667 1.24
14667 0
14667 3.05
14667 2.53
14667 3.51
14667 2.95
14667 0
14667 0
14667 0
14698 1.24
14698 0
14698 3.05
14698 2.53
14698 3.51
14698 2.95
14698 0
14698 0
14698 0
14699 1.24
14699 0
14699 3.05
14699 2.53
14699 3.51
14699 2.95
14699 0
14699 0
14699 0
