pt_graph cpue_kghour
15425 1.16
15425 0
15425 3.77
15425 2.18
15425 2
15425 2.96
15425 0
15425 0.05
15425 0.05
15491 1.16
15491 0
15491 3.77
15491 2.18
15491 2
15491 2.96
15491 0
15491 0.05
15491 0.05
15554 1.16
15554 0
15554 3.77
15554 2.18
15554 2
15554 2.96
15554 0
15554 0.05
15554 0.05
15557 1.16
15557 0
15557 3.77
15557 2.18
15557 2
15557 2.96
15557 0
15557 0.05
15557 0.05
15558 1.16
15558 0
15558 3.77
15558 2.18
15558 2
15558 2.96
15558 0
15558 0.05
15558 0.05
15619 1.16
15619 0
15619 3.77
15619 2.18
15619 2
15619 2.96
15619 0
15619 0.05
15619 0.05
15620 1.16
15620 0
15620 3.77
15620 2.18
15620 2
15620 2.96
15620 0
15620 0.05
15620 0.05
15621 1.16
15621 0
15621 3.77
15621 2.18
15621 2
15621 2.96
15621 0
15621 0.05
15621 0.05
15622 1.16
15622 0
15622 3.77
15622 2.18
15622 2
15622 2.96
15622 0
15622 0.05
15622 0.05
15684 1.16
15684 0
15684 3.77
15684 2.18
15684 2
15684 2.96
15684 0
15684 0.05
15684 0.05
15685 1.16
15685 0
15685 3.77
15685 2.18
15685 2
15685 2.96
15685 0
15685 0.05
15685 0.05
15686 1.16
15686 0
15686 3.77
15686 2.18
15686 2
15686 2.96
15686 0
15686 0.05
15686 0.05
15754 1.16
15754 0
15754 3.77
15754 2.18
15754 2
15754 2.96
15754 0
15754 0.05
15754 0.05
15818 1.16
15818 0
15818 3.77
15818 2.18
15818 2
15818 2.96
15818 0
15818 0.05
15818 0.05
15819 1.16
15819 0
15819 3.77
15819 2.18
15819 2
15819 2.96
15819 0
15819 0.05
15819 0.05
15820 1.16
15820 0
15820 3.77
15820 2.18
15820 2
15820 2.96
15820 0
15820 0.05
15820 0.05
15822 1.16
15822 0
15822 3.77
15822 2.18
15822 2
15822 2.96
15822 0
15822 0.05
15822 0.05
15880 1.16
15880 0
15880 3.77
15880 2.18
15880 2
15880 2.96
15880 0
15880 0.05
15880 0.05
15886 1.16
15886 0
15886 3.77
15886 2.18
15886 2
15886 2.96
15886 0
15886 0.05
15886 0.05
15945 1.16
15945 0
15945 3.77
15945 2.18
15945 2
15945 2.96
15945 0
15945 0.05
15945 0.05
15947 1.16
15947 0
15947 3.77
15947 2.18
15947 2
15947 2.96
15947 0
15947 0.05
15947 0.05
15948 1.16
15948 0
15948 3.77
15948 2.18
15948 2
15948 2.96
15948 0
15948 0.05
15948 0.05
15950 1.16
15950 0
15950 3.77
15950 2.18
15950 2
15950 2.96
15950 0
15950 0.05
15950 0.05
15951 1.16
15951 0
15951 3.77
15951 2.18
15951 2
15951 2.96
15951 0
15951 0.05
15951 0.05
15998 1.16
15998 0
15998 3.77
15998 2.18
15998 2
15998 2.96
15998 0
15998 0.05
15998 0.05
16003 1.16
16003 0
16003 3.77
16003 2.18
16003 2
16003 2.96
16003 0
16003 0.05
16003 0.05
16005 1.16
16005 0
16005 3.77
16005 2.18
16005 2
16005 2.96
16005 0
16005 0.05
16005 0.05
16006 1.16
16006 0
16006 3.77
16006 2.18
16006 2
16006 2.96
16006 0
16006 0.05
16006 0.05
16007 1.16
16007 0
16007 3.77
16007 2.18
16007 2
16007 2.96
16007 0
16007 0.05
16007 0.05
16034 1.16
16034 0
16034 3.77
16034 2.18
16034 2
16034 2.96
16034 0
16034 0.05
16034 0.05
16049 1.16
16049 0
16049 3.77
16049 2.18
16049 2
16049 2.96
16049 0
16049 0.05
16049 0.05
16056 1.16
16056 0
16056 3.77
16056 2.18
16056 2
16056 2.96
16056 0
16056 0.05
16056 0.05
16057 1.16
16057 0
16057 3.77
16057 2.18
16057 2
16057 2.96
16057 0
16057 0.05
16057 0.05
16058 1.16
16058 0
16058 3.77
16058 2.18
16058 2
16058 2.96
16058 0
16058 0.05
16058 0.05
16059 1.16
16059 0
16059 3.77
16059 2.18
16059 2
16059 2.96
16059 0
16059 0.05
16059 0.05
16104 1.16
16104 0
16104 3.77
16104 2.18
16104 2
16104 2.96
16104 0
16104 0.05
16104 0.05
16105 1.16
16105 0
16105 3.77
16105 2.18
16105 2
16105 2.96
16105 0
16105 0.05
16105 0.05
16106 1.16
16106 0
16106 3.77
16106 2.18
16106 2
16106 2.96
16106 0
16106 0.05
16106 0.05
16136 1.16
16136 0
16136 3.77
16136 2.18
16136 2
16136 2.96
16136 0
16136 0.05
16136 0.05
16147 1.16
16147 0
16147 3.77
16147 2.18
16147 2
16147 2.96
16147 0
16147 0.05
16147 0.05
16150 1.16
16150 0
16150 3.77
16150 2.18
16150 2
16150 2.96
16150 0
16150 0.05
16150 0.05
16152 1.16
16152 0
16152 3.77
16152 2.18
16152 2
16152 2.96
16152 0
16152 0.05
16152 0.05
16153 1.16
16153 0
16153 3.77
16153 2.18
16153 2
16153 2.96
16153 0
16153 0.05
16153 0.05
16154 1.16
16154 0
16154 3.77
16154 2.18
16154 2
16154 2.96
16154 0
16154 0.05
16154 0.05
16155 1.16
16155 0
16155 3.77
16155 2.18
16155 2
16155 2.96
16155 0
16155 0.05
16155 0.05
16199 1.16
16199 0
16199 3.77
16199 2.18
16199 2
16199 2.96
16199 0
16199 0.05
16199 0.05
16200 1.16
16200 0
16200 3.77
16200 2.18
16200 2
16200 2.96
16200 0
16200 0.05
16200 0.05
16201 1.16
16201 0
16201 3.77
16201 2.18
16201 2
16201 2.96
16201 0
16201 0.05
16201 0.05
16202 1.16
16202 0
16202 3.77
16202 2.18
16202 2
16202 2.96
16202 0
16202 0.05
16202 0.05
16224 1.16
16224 0
16224 3.77
16224 2.18
16224 2
16224 2.96
16224 0
16224 0.05
16224 0.05
16244 1.16
16244 0
16244 3.77
16244 2.18
16244 2
16244 2.96
16244 0
16244 0.05
16244 0.05
16245 1.16
16245 0
16245 3.77
16245 2.18
16245 2
16245 2.96
16245 0
16245 0.05
16245 0.05
16247 1.16
16247 0
16247 3.77
16247 2.18
16247 2
16247 2.96
16247 0
16247 0.05
16247 0.05
16248 1.16
16248 0
16248 3.77
16248 2.18
16248 2
16248 2.96
16248 0
16248 0.05
16248 0.05
16290 1.16
16290 0
16290 3.77
16290 2.18
16290 2
16290 2.96
16290 0
16290 0.05
16290 0.05
16291 1.16
16291 0
16291 3.77
16291 2.18
16291 2
16291 2.96
16291 0
16291 0.05
16291 0.05
16294 1.16
16294 0
16294 3.77
16294 2.18
16294 2
16294 2.96
16294 0
16294 0.05
16294 0.05
16339 1.16
16339 0
16339 3.77
16339 2.18
16339 2
16339 2.96
16339 0
16339 0.05
16339 0.05
16360 1.16
16360 0
16360 3.77
16360 2.18
16360 2
16360 2.96
16360 0
16360 0.05
16360 0.05
16374 1.16
16374 0
16374 3.77
16374 2.18
16374 2
16374 2.96
16374 0
16374 0.05
16374 0.05
16379 1.16
16379 0
16379 3.77
16379 2.18
16379 2
16379 2.96
16379 0
16379 0.05
16379 0.05
16404 1.16
16404 0
16404 3.77
16404 2.18
16404 2
16404 2.96
16404 0
16404 0.05
16404 0.05
16426 1.16
16426 0
16426 3.77
16426 2.18
16426 2
16426 2.96
16426 0
16426 0.05
16426 0.05
16469 1.16
16469 0
16469 3.77
16469 2.18
16469 2
16469 2.96
16469 0
16469 0.05
16469 0.05
16496 1.16
16496 0
16496 3.77
16496 2.18
16496 2
16496 2.96
16496 0
16496 0.05
16496 0.05
16501 1.16
16501 0
16501 3.77
16501 2.18
16501 2
16501 2.96
16501 0
16501 0.05
16501 0.05
16509 1.16
16509 0
16509 3.77
16509 2.18
16509 2
16509 2.96
16509 0
16509 0.05
16509 0.05
16510 1.16
16510 0
16510 3.77
16510 2.18
16510 2
16510 2.96
16510 0
16510 0.05
16510 0.05
16514 1.16
16514 0
16514 3.77
16514 2.18
16514 2
16514 2.96
16514 0
16514 0.05
16514 0.05
16552 1.16
16552 0
16552 3.77
16552 2.18
16552 2
16552 2.96
16552 0
16552 0.05
16552 0.05
16556 1.16
16556 0
16556 3.77
16556 2.18
16556 2
16556 2.96
16556 0
16556 0.05
16556 0.05
16558 1.16
16558 0
16558 3.77
16558 2.18
16558 2
16558 2.96
16558 0
16558 0.05
16558 0.05
16600 1.16
16600 0
16600 3.77
16600 2.18
16600 2
16600 2.96
16600 0
16600 0.05
16600 0.05
16601 1.16
16601 0
16601 3.77
16601 2.18
16601 2
16601 2.96
16601 0
16601 0.05
16601 0.05
16642 1.16
16642 0
16642 3.77
16642 2.18
16642 2
16642 2.96
16642 0
16642 0.05
16642 0.05
16645 1.16
16645 0
16645 3.77
16645 2.18
16645 2
16645 2.96
16645 0
16645 0.05
16645 0.05
16676 1.16
16676 0
16676 3.77
16676 2.18
16676 2
16676 2.96
16676 0
16676 0.05
16676 0.05
16681 1.16
16681 0
16681 3.77
16681 2.18
16681 2
16681 2.96
16681 0
16681 0.05
16681 0.05
16714 1.16
16714 0
16714 3.77
16714 2.18
16714 2
16714 2.96
16714 0
16714 0.05
16714 0.05
16715 1.16
16715 0
16715 3.77
16715 2.18
16715 2
16715 2.96
16715 0
16715 0.05
16715 0.05
16717 1.16
16717 0
16717 3.77
16717 2.18
16717 2
16717 2.96
16717 0
16717 0.05
16717 0.05
16734 1.16
16734 0
16734 3.77
16734 2.18
16734 2
16734 2.96
16734 0
16734 0.05
16734 0.05
16781 1.16
16781 0
16781 3.77
16781 2.18
16781 2
16781 2.96
16781 0
16781 0.05
16781 0.05
16782 1.16
16782 0
16782 3.77
16782 2.18
16782 2
16782 2.96
16782 0
16782 0.05
16782 0.05
16815 1.16
16815 0
16815 3.77
16815 2.18
16815 2
16815 2.96
16815 0
16815 0.05
16815 0.05
16819 1.16
16819 0
16819 3.77
16819 2.18
16819 2
16819 2.96
16819 0
16819 0.05
16819 0.05
16824 1.16
16824 0
16824 3.77
16824 2.18
16824 2
16824 2.96
16824 0
16824 0.05
16824 0.05
16859 1.16
16859 0
16859 3.77
16859 2.18
16859 2
16859 2.96
16859 0
16859 0.05
16859 0.05
16870 1.16
16870 0
16870 3.77
16870 2.18
16870 2
16870 2.96
16870 0
16870 0.05
16870 0.05
16872 1.16
16872 0
16872 3.77
16872 2.18
16872 2
16872 2.96
16872 0
16872 0.05
16872 0.05
16873 1.16
16873 0
16873 3.77
16873 2.18
16873 2
16873 2.96
16873 0
16873 0.05
16873 0.05
16879 1.16
16879 0
16879 3.77
16879 2.18
16879 2
16879 2.96
16879 0
16879 0.05
16879 0.05
16903 1.16
16903 0
16903 3.77
16903 2.18
16903 2
16903 2.96
16903 0
16903 0.05
16903 0.05
16913 1.16
16913 0
16913 3.77
16913 2.18
16913 2
16913 2.96
16913 0
16913 0.05
16913 0.05
16919 1.16
16919 0
16919 3.77
16919 2.18
16919 2
16919 2.96
16919 0
16919 0.05
16919 0.05
16952 1.16
16952 0
16952 3.77
16952 2.18
16952 2
16952 2.96
16952 0
16952 0.05
16952 0.05
16964 1.16
16964 0
16964 3.77
16964 2.18
16964 2
16964 2.96
16964 0
16964 0.05
16964 0.05
16992 1.16
16992 0
16992 3.77
16992 2.18
16992 2
16992 2.96
16992 0
16992 0.05
16992 0.05
17000 1.16
17000 0
17000 3.77
17000 2.18
17000 2
17000 2.96
17000 0
17000 0.05
17000 0.05
17002 1.16
17002 0
17002 3.77
17002 2.18
17002 2
17002 2.96
17002 0
17002 0.05
17002 0.05
17003 1.16
17003 0
17003 3.77
17003 2.18
17003 2
17003 2.96
17003 0
17003 0.05
17003 0.05
17005 1.16
17005 0
17005 3.77
17005 2.18
17005 2
17005 2.96
17005 0
17005 0.05
17005 0.05
17034 1.16
17034 0
17034 3.77
17034 2.18
17034 2
17034 2.96
17034 0
17034 0.05
17034 0.05
17046 1.16
17046 0
17046 3.77
17046 2.18
17046 2
17046 2.96
17046 0
17046 0.05
17046 0.05
17075 1.16
17075 0
17075 3.77
17075 2.18
17075 2
17075 2.96
17075 0
17075 0.05
17075 0.05
17088 1.16
17088 0
17088 3.77
17088 2.18
17088 2
17088 2.96
17088 0
17088 0.05
17088 0.05
17114 1.16
17114 0
17114 3.77
17114 2.18
17114 2
17114 2.96
17114 0
17114 0.05
17114 0.05
17124 1.16
17124 0
17124 3.77
17124 2.18
17124 2
17124 2.96
17124 0
17124 0.05
17124 0.05
17133 1.16
17133 0
17133 3.77
17133 2.18
17133 2
17133 2.96
17133 0
17133 0.05
17133 0.05
17163 1.16
17163 0
17163 3.77
17163 2.18
17163 2
17163 2.96
17163 0
17163 0.05
17163 0.05
17166 1.16
17166 0
17166 3.77
17166 2.18
17166 2
17166 2.96
17166 0
17166 0.05
17166 0.05
17205 1.16
17205 0
17205 3.77
17205 2.18
17205 2
17205 2.96
17205 0
17205 0.05
17205 0.05
17217 1.16
17217 0
17217 3.77
17217 2.18
17217 2
17217 2.96
17217 0
17217 0.05
17217 0.05
17245 1.16
17245 0
17245 3.77
17245 2.18
17245 2
17245 2.96
17245 0
17245 0.05
17245 0.05
17246 1.16
17246 0
17246 3.77
17246 2.18
17246 2
17246 2.96
17246 0
17246 0.05
17246 0.05
17282 1.16
17282 0
17282 3.77
17282 2.18
17282 2
17282 2.96
17282 0
17282 0.05
17282 0.05
17285 1.16
17285 0
17285 3.77
17285 2.18
17285 2
17285 2.96
17285 0
17285 0.05
17285 0.05
17287 1.16
17287 0
17287 3.77
17287 2.18
17287 2
17287 2.96
17287 0
17287 0.05
17287 0.05
17289 1.16
17289 0
17289 3.77
17289 2.18
17289 2
17289 2.96
17289 0
17289 0.05
17289 0.05
17319 1.16
17319 0
17319 3.77
17319 2.18
17319 2
17319 2.96
17319 0
17319 0.05
17319 0.05
17320 1.16
17320 0
17320 3.77
17320 2.18
17320 2
17320 2.96
17320 0
17320 0.05
17320 0.05
17330 1.16
17330 0
17330 3.77
17330 2.18
17330 2
17330 2.96
17330 0
17330 0.05
17330 0.05
17354 1.16
17354 0
17354 3.77
17354 2.18
17354 2
17354 2.96
17354 0
17354 0.05
17354 0.05
17356 1.16
17356 0
17356 3.77
17356 2.18
17356 2
17356 2.96
17356 0
17356 0.05
17356 0.05
17361 1.16
17361 0
17361 3.77
17361 2.18
17361 2
17361 2.96
17361 0
17361 0.05
17361 0.05
17386 1.16
17386 0
17386 3.77
17386 2.18
17386 2
17386 2.96
17386 0
17386 0.05
17386 0.05
17388 1.16
17388 0
17388 3.77
17388 2.18
17388 2
17388 2.96
17388 0
17388 0.05
17388 0.05
17389 1.16
17389 0
17389 3.77
17389 2.18
17389 2
17389 2.96
17389 0
17389 0.05
17389 0.05
17392 1.16
17392 0
17392 3.77
17392 2.18
17392 2
17392 2.96
17392 0
17392 0.05
17392 0.05
17452 1.16
17452 0
17452 3.77
17452 2.18
17452 2
17452 2.96
17452 0
17452 0.05
17452 0.05
17453 1.16
17453 0
17453 3.77
17453 2.18
17453 2
17453 2.96
17453 0
17453 0.05
17453 0.05
17454 1.16
17454 0
17454 3.77
17454 2.18
17454 2
17454 2.96
17454 0
17454 0.05
17454 0.05
17456 1.16
17456 0
17456 3.77
17456 2.18
17456 2
17456 2.96
17456 0
17456 0.05
17456 0.05
17457 1.16
17457 0
17457 3.77
17457 2.18
17457 2
17457 2.96
17457 0
17457 0.05
17457 0.05
17462 1.16
17462 0
17462 3.77
17462 2.18
17462 2
17462 2.96
17462 0
17462 0.05
17462 0.05
17486 1.16
17486 0
17486 3.77
17486 2.18
17486 2
17486 2.96
17486 0
17486 0.05
17486 0.05
17487 1.16
17487 0
17487 3.77
17487 2.18
17487 2
17487 2.96
17487 0
17487 0.05
17487 0.05
17488 1.16
17488 0
17488 3.77
17488 2.18
17488 2
17488 2.96
17488 0
17488 0.05
17488 0.05
17489 1.16
17489 0
17489 3.77
17489 2.18
17489 2
17489 2.96
17489 0
17489 0.05
17489 0.05
17490 1.16
17490 0
17490 3.77
17490 2.18
17490 2
17490 2.96
17490 0
17490 0.05
17490 0.05
17498 1.16
17498 0
17498 3.77
17498 2.18
17498 2
17498 2.96
17498 0
17498 0.05
17498 0.05
17499 1.16
17499 0
17499 3.77
17499 2.18
17499 2
17499 2.96
17499 0
17499 0.05
17499 0.05
17520 1.16
17520 0
17520 3.77
17520 2.18
17520 2
17520 2.96
17520 0
17520 0.05
17520 0.05
17523 1.16
17523 0
17523 3.77
17523 2.18
17523 2
17523 2.96
17523 0
17523 0.05
17523 0.05
17525 1.16
17525 0
17525 3.77
17525 2.18
17525 2
17525 2.96
17525 0
17525 0.05
17525 0.05
17526 1.16
17526 0
17526 3.77
17526 2.18
17526 2
17526 2.96
17526 0
17526 0.05
17526 0.05
17528 1.16
17528 0
17528 3.77
17528 2.18
17528 2
17528 2.96
17528 0
17528 0.05
17528 0.05
17529 1.16
17529 0
17529 3.77
17529 2.18
17529 2
17529 2.96
17529 0
17529 0.05
17529 0.05
17531 1.16
17531 0
17531 3.77
17531 2.18
17531 2
17531 2.96
17531 0
17531 0.05
17531 0.05
17533 1.16
17533 0
17533 3.77
17533 2.18
17533 2
17533 2.96
17533 0
17533 0.05
17533 0.05
17536 1.16
17536 0
17536 3.77
17536 2.18
17536 2
17536 2.96
17536 0
17536 0.05
17536 0.05
17540 1.16
17540 0
17540 3.77
17540 2.18
17540 2
17540 2.96
17540 0
17540 0.05
17540 0.05
17562 1.16
17562 0
17562 3.77
17562 2.18
17562 2
17562 2.96
17562 0
17562 0.05
17562 0.05
17563 1.16
17563 0
17563 3.77
17563 2.18
17563 2
17563 2.96
17563 0
17563 0.05
17563 0.05
17565 1.16
17565 0
17565 3.77
17565 2.18
17565 2
17565 2.96
17565 0
17565 0.05
17565 0.05
17566 1.16
17566 0
17566 3.77
17566 2.18
17566 2
17566 2.96
17566 0
17566 0.05
17566 0.05
17567 1.16
17567 0
17567 3.77
17567 2.18
17567 2
17567 2.96
17567 0
17567 0.05
17567 0.05
17568 1.16
17568 0
17568 3.77
17568 2.18
17568 2
17568 2.96
17568 0
17568 0.05
17568 0.05
17570 1.16
17570 0
17570 3.77
17570 2.18
17570 2
17570 2.96
17570 0
17570 0.05
17570 0.05
17571 1.16
17571 0
17571 3.77
17571 2.18
17571 2
17571 2.96
17571 0
17571 0.05
17571 0.05
17573 1.16
17573 0
17573 3.77
17573 2.18
17573 2
17573 2.96
17573 0
17573 0.05
17573 0.05
17579 1.16
17579 0
17579 3.77
17579 2.18
17579 2
17579 2.96
17579 0
17579 0.05
17579 0.05
17603 1.16
17603 0
17603 3.77
17603 2.18
17603 2
17603 2.96
17603 0
17603 0.05
17603 0.05
17604 1.16
17604 0
17604 3.77
17604 2.18
17604 2
17604 2.96
17604 0
17604 0.05
17604 0.05
17606 1.16
17606 0
17606 3.77
17606 2.18
17606 2
17606 2.96
17606 0
17606 0.05
17606 0.05
17607 1.16
17607 0
17607 3.77
17607 2.18
17607 2
17607 2.96
17607 0
17607 0.05
17607 0.05
17608 1.16
17608 0
17608 3.77
17608 2.18
17608 2
17608 2.96
17608 0
17608 0.05
17608 0.05
17609 1.16
17609 0
17609 3.77
17609 2.18
17609 2
17609 2.96
17609 0
17609 0.05
17609 0.05
17610 1.16
17610 0
17610 3.77
17610 2.18
17610 2
17610 2.96
17610 0
17610 0.05
17610 0.05
17611 1.16
17611 0
17611 3.77
17611 2.18
17611 2
17611 2.96
17611 0
17611 0.05
17611 0.05
17612 1.16
17612 0
17612 3.77
17612 2.18
17612 2
17612 2.96
17612 0
17612 0.05
17612 0.05
17613 1.16
17613 0
17613 3.77
17613 2.18
17613 2
17613 2.96
17613 0
17613 0.05
17613 0.05
17644 1.16
17644 0
17644 3.77
17644 2.18
17644 2
17644 2.96
17644 0
17644 0.05
17644 0.05
17648 1.16
17648 0
17648 3.77
17648 2.18
17648 2
17648 2.96
17648 0
17648 0.05
17648 0.05
17651 1.16
17651 0
17651 3.77
17651 2.18
17651 2
17651 2.96
17651 0
17651 0.05
17651 0.05
17652 1.16
17652 0
17652 3.77
17652 2.18
17652 2
17652 2.96
17652 0
17652 0.05
17652 0.05
17655 1.16
17655 0
17655 3.77
17655 2.18
17655 2
17655 2.96
17655 0
17655 0.05
17655 0.05
17662 1.16
17662 0
17662 3.77
17662 2.18
17662 2
17662 2.96
17662 0
17662 0.05
17662 0.05
17666 1.16
17666 0
17666 3.77
17666 2.18
17666 2
17666 2.96
17666 0
17666 0.05
17666 0.05
17696 1.16
17696 0
17696 3.77
17696 2.18
17696 2
17696 2.96
17696 0
17696 0.05
17696 0.05
17697 1.16
17697 0
17697 3.77
17697 2.18
17697 2
17697 2.96
17697 0
17697 0.05
17697 0.05
17698 1.16
17698 0
17698 3.77
17698 2.18
17698 2
17698 2.96
17698 0
17698 0.05
17698 0.05
17700 1.16
17700 0
17700 3.77
17700 2.18
17700 2
17700 2.96
17700 0
17700 0.05
17700 0.05
17702 1.16
17702 0
17702 3.77
17702 2.18
17702 2
17702 2.96
17702 0
17702 0.05
17702 0.05
17703 1.16
17703 0
17703 3.77
17703 2.18
17703 2
17703 2.96
17703 0
17703 0.05
17703 0.05
17707 1.16
17707 0
17707 3.77
17707 2.18
17707 2
17707 2.96
17707 0
17707 0.05
17707 0.05
17708 1.16
17708 0
17708 3.77
17708 2.18
17708 2
17708 2.96
17708 0
17708 0.05
17708 0.05
17709 1.16
17709 0
17709 3.77
17709 2.18
17709 2
17709 2.96
17709 0
17709 0.05
17709 0.05
17743 1.16
17743 0
17743 3.77
17743 2.18
17743 2
17743 2.96
17743 0
17743 0.05
17743 0.05
17744 1.16
17744 0
17744 3.77
17744 2.18
17744 2
17744 2.96
17744 0
17744 0.05
17744 0.05
17745 1.16
17745 0
17745 3.77
17745 2.18
17745 2
17745 2.96
17745 0
17745 0.05
17745 0.05
17754 1.16
17754 0
17754 3.77
17754 2.18
17754 2
17754 2.96
17754 0
17754 0.05
17754 0.05
17755 1.16
17755 0
17755 3.77
17755 2.18
17755 2
17755 2.96
17755 0
17755 0.05
17755 0.05
17788 1.16
17788 0
17788 3.77
17788 2.18
17788 2
17788 2.96
17788 0
17788 0.05
17788 0.05
17791 1.16
17791 0
17791 3.77
17791 2.18
17791 2
17791 2.96
17791 0
17791 0.05
17791 0.05
17794 1.16
17794 0
17794 3.77
17794 2.18
17794 2
17794 2.96
17794 0
17794 0.05
17794 0.05
17795 1.16
17795 0
17795 3.77
17795 2.18
17795 2
17795 2.96
17795 0
17795 0.05
17795 0.05
17800 1.16
17800 0
17800 3.77
17800 2.18
17800 2
17800 2.96
17800 0
17800 0.05
17800 0.05
17835 1.16
17835 0
17835 3.77
17835 2.18
17835 2
17835 2.96
17835 0
17835 0.05
17835 0.05
17836 1.16
17836 0
17836 3.77
17836 2.18
17836 2
17836 2.96
17836 0
17836 0.05
17836 0.05
17837 1.16
17837 0
17837 3.77
17837 2.18
17837 2
17837 2.96
17837 0
17837 0.05
17837 0.05
17838 1.16
17838 0
17838 3.77
17838 2.18
17838 2
17838 2.96
17838 0
17838 0.05
17838 0.05
17840 1.16
17840 0
17840 3.77
17840 2.18
17840 2
17840 2.96
17840 0
17840 0.05
17840 0.05
17842 1.16
17842 0
17842 3.77
17842 2.18
17842 2
17842 2.96
17842 0
17842 0.05
17842 0.05
17844 1.16
17844 0
17844 3.77
17844 2.18
17844 2
17844 2.96
17844 0
17844 0.05
17844 0.05
17845 1.16
17845 0
17845 3.77
17845 2.18
17845 2
17845 2.96
17845 0
17845 0.05
17845 0.05
17846 1.16
17846 0
17846 3.77
17846 2.18
17846 2
17846 2.96
17846 0
17846 0.05
17846 0.05
17847 1.16
17847 0
17847 3.77
17847 2.18
17847 2
17847 2.96
17847 0
17847 0.05
17847 0.05
17874 1.16
17874 0
17874 3.77
17874 2.18
17874 2
17874 2.96
17874 0
17874 0.05
17874 0.05
17880 1.16
17880 0
17880 3.77
17880 2.18
17880 2
17880 2.96
17880 0
17880 0.05
17880 0.05
17882 1.16
17882 0
17882 3.77
17882 2.18
17882 2
17882 2.96
17882 0
17882 0.05
17882 0.05
17884 1.16
17884 0
17884 3.77
17884 2.18
17884 2
17884 2.96
17884 0
17884 0.05
17884 0.05
17886 1.16
17886 0
17886 3.77
17886 2.18
17886 2
17886 2.96
17886 0
17886 0.05
17886 0.05
17890 1.16
17890 0
17890 3.77
17890 2.18
17890 2
17890 2.96
17890 0
17890 0.05
17890 0.05
17892 1.16
17892 0
17892 3.77
17892 2.18
17892 2
17892 2.96
17892 0
17892 0.05
17892 0.05
17893 1.16
17893 0
17893 3.77
17893 2.18
17893 2
17893 2.96
17893 0
17893 0.05
17893 0.05
17924 1.16
17924 0
17924 3.77
17924 2.18
17924 2
17924 2.96
17924 0
17924 0.05
17924 0.05
17926 1.16
17926 0
17926 3.77
17926 2.18
17926 2
17926 2.96
17926 0
17926 0.05
17926 0.05
17929 1.16
17929 0
17929 3.77
17929 2.18
17929 2
17929 2.96
17929 0
17929 0.05
17929 0.05
17930 1.16
17930 0
17930 3.77
17930 2.18
17930 2
17930 2.96
17930 0
17930 0.05
17930 0.05
17933 1.16
17933 0
17933 3.77
17933 2.18
17933 2
17933 2.96
17933 0
17933 0.05
17933 0.05
17937 1.16
17937 0
17937 3.77
17937 2.18
17937 2
17937 2.96
17937 0
17937 0.05
17937 0.05
17939 1.16
17939 0
17939 3.77
17939 2.18
17939 2
17939 2.96
17939 0
17939 0.05
17939 0.05
17973 1.16
17973 0
17973 3.77
17973 2.18
17973 2
17973 2.96
17973 0
17973 0.05
17973 0.05
17974 1.16
17974 0
17974 3.77
17974 2.18
17974 2
17974 2.96
17974 0
17974 0.05
17974 0.05
17976 1.16
17976 0
17976 3.77
17976 2.18
17976 2
17976 2.96
17976 0
17976 0.05
17976 0.05
17977 1.16
17977 0
17977 3.77
17977 2.18
17977 2
17977 2.96
17977 0
17977 0.05
17977 0.05
17978 1.16
17978 0
17978 3.77
17978 2.18
17978 2
17978 2.96
17978 0
17978 0.05
17978 0.05
17980 1.16
17980 0
17980 3.77
17980 2.18
17980 2
17980 2.96
17980 0
17980 0.05
17980 0.05
17981 1.16
17981 0
17981 3.77
17981 2.18
17981 2
17981 2.96
17981 0
17981 0.05
17981 0.05
17983 1.16
17983 0
17983 3.77
17983 2.18
17983 2
17983 2.96
17983 0
17983 0.05
17983 0.05
17987 1.16
17987 0
17987 3.77
17987 2.18
17987 2
17987 2.96
17987 0
17987 0.05
17987 0.05
18014 1.16
18014 0
18014 3.77
18014 2.18
18014 2
18014 2.96
18014 0
18014 0.05
18014 0.05
18020 1.16
18020 0
18020 3.77
18020 2.18
18020 2
18020 2.96
18020 0
18020 0.05
18020 0.05
18021 1.16
18021 0
18021 3.77
18021 2.18
18021 2
18021 2.96
18021 0
18021 0.05
18021 0.05
18022 1.16
18022 0
18022 3.77
18022 2.18
18022 2
18022 2.96
18022 0
18022 0.05
18022 0.05
18023 1.16
18023 0
18023 3.77
18023 2.18
18023 2
18023 2.96
18023 0
18023 0.05
18023 0.05
18027 1.16
18027 0
18027 3.77
18027 2.18
18027 2
18027 2.96
18027 0
18027 0.05
18027 0.05
18030 1.16
18030 0
18030 3.77
18030 2.18
18030 2
18030 2.96
18030 0
18030 0.05
18030 0.05
18031 1.16
18031 0
18031 3.77
18031 2.18
18031 2
18031 2.96
18031 0
18031 0.05
18031 0.05
18032 1.16
18032 0
18032 3.77
18032 2.18
18032 2
18032 2.96
18032 0
18032 0.05
18032 0.05
18033 1.16
18033 0
18033 3.77
18033 2.18
18033 2
18033 2.96
18033 0
18033 0.05
18033 0.05
18034 1.16
18034 0
18034 3.77
18034 2.18
18034 2
18034 2.96
18034 0
18034 0.05
18034 0.05
18057 1.16
18057 0
18057 3.77
18057 2.18
18057 2
18057 2.96
18057 0
18057 0.05
18057 0.05
18061 1.16
18061 0
18061 3.77
18061 2.18
18061 2
18061 2.96
18061 0
18061 0.05
18061 0.05
18067 1.16
18067 0
18067 3.77
18067 2.18
18067 2
18067 2.96
18067 0
18067 0.05
18067 0.05
18069 1.16
18069 0
18069 3.77
18069 2.18
18069 2
18069 2.96
18069 0
18069 0.05
18069 0.05
18070 1.16
18070 0
18070 3.77
18070 2.18
18070 2
18070 2.96
18070 0
18070 0.05
18070 0.05
18072 1.16
18072 0
18072 3.77
18072 2.18
18072 2
18072 2.96
18072 0
18072 0.05
18072 0.05
18074 1.16
18074 0
18074 3.77
18074 2.18
18074 2
18074 2.96
18074 0
18074 0.05
18074 0.05
18075 1.16
18075 0
18075 3.77
18075 2.18
18075 2
18075 2.96
18075 0
18075 0.05
18075 0.05
18076 1.16
18076 0
18076 3.77
18076 2.18
18076 2
18076 2.96
18076 0
18076 0.05
18076 0.05
18079 1.16
18079 0
18079 3.77
18079 2.18
18079 2
18079 2.96
18079 0
18079 0.05
18079 0.05
18081 1.16
18081 0
18081 3.77
18081 2.18
18081 2
18081 2.96
18081 0
18081 0.05
18081 0.05
18082 1.16
18082 0
18082 3.77
18082 2.18
18082 2
18082 2.96
18082 0
18082 0.05
18082 0.05
18108 1.16
18108 0
18108 3.77
18108 2.18
18108 2
18108 2.96
18108 0
18108 0.05
18108 0.05
18114 1.16
18114 0
18114 3.77
18114 2.18
18114 2
18114 2.96
18114 0
18114 0.05
18114 0.05
18115 1.16
18115 0
18115 3.77
18115 2.18
18115 2
18115 2.96
18115 0
18115 0.05
18115 0.05
18116 1.16
18116 0
18116 3.77
18116 2.18
18116 2
18116 2.96
18116 0
18116 0.05
18116 0.05
18118 1.16
18118 0
18118 3.77
18118 2.18
18118 2
18118 2.96
18118 0
18118 0.05
18118 0.05
18119 1.16
18119 0
18119 3.77
18119 2.18
18119 2
18119 2.96
18119 0
18119 0.05
18119 0.05
18121 1.16
18121 0
18121 3.77
18121 2.18
18121 2
18121 2.96
18121 0
18121 0.05
18121 0.05
18122 1.16
18122 0
18122 3.77
18122 2.18
18122 2
18122 2.96
18122 0
18122 0.05
18122 0.05
18125 1.16
18125 0
18125 3.77
18125 2.18
18125 2
18125 2.96
18125 0
18125 0.05
18125 0.05
18126 1.16
18126 0
18126 3.77
18126 2.18
18126 2
18126 2.96
18126 0
18126 0.05
18126 0.05
18127 1.16
18127 0
18127 3.77
18127 2.18
18127 2
18127 2.96
18127 0
18127 0.05
18127 0.05
18129 1.16
18129 0
18129 3.77
18129 2.18
18129 2
18129 2.96
18129 0
18129 0.05
18129 0.05
18164 1.16
18164 0
18164 3.77
18164 2.18
18164 2
18164 2.96
18164 0
18164 0.05
18164 0.05
18166 1.16
18166 0
18166 3.77
18166 2.18
18166 2
18166 2.96
18166 0
18166 0.05
18166 0.05
18169 1.16
18169 0
18169 3.77
18169 2.18
18169 2
18169 2.96
18169 0
18169 0.05
18169 0.05
18175 1.16
18175 0
18175 3.77
18175 2.18
18175 2
18175 2.96
18175 0
18175 0.05
18175 0.05
18205 1.16
18205 0
18205 3.77
18205 2.18
18205 2
18205 2.96
18205 0
18205 0.05
18205 0.05
18210 1.16
18210 0
18210 3.77
18210 2.18
18210 2
18210 2.96
18210 0
18210 0.05
18210 0.05
18212 1.16
18212 0
18212 3.77
18212 2.18
18212 2
18212 2.96
18212 0
18212 0.05
18212 0.05
18213 1.16
18213 0
18213 3.77
18213 2.18
18213 2
18213 2.96
18213 0
18213 0.05
18213 0.05
18214 1.16
18214 0
18214 3.77
18214 2.18
18214 2
18214 2.96
18214 0
18214 0.05
18214 0.05
18217 1.16
18217 0
18217 3.77
18217 2.18
18217 2
18217 2.96
18217 0
18217 0.05
18217 0.05
18219 1.16
18219 0
18219 3.77
18219 2.18
18219 2
18219 2.96
18219 0
18219 0.05
18219 0.05
18220 1.16
18220 0
18220 3.77
18220 2.18
18220 2
18220 2.96
18220 0
18220 0.05
18220 0.05
18221 1.16
18221 0
18221 3.77
18221 2.18
18221 2
18221 2.96
18221 0
18221 0.05
18221 0.05
18223 1.16
18223 0
18223 3.77
18223 2.18
18223 2
18223 2.96
18223 0
18223 0.05
18223 0.05
18225 1.16
18225 0
18225 3.77
18225 2.18
18225 2
18225 2.96
18225 0
18225 0.05
18225 0.05
18251 1.16
18251 0
18251 3.77
18251 2.18
18251 2
18251 2.96
18251 0
18251 0.05
18251 0.05
18254 1.16
18254 0
18254 3.77
18254 2.18
18254 2
18254 2.96
18254 0
18254 0.05
18254 0.05
18259 1.16
18259 0
18259 3.77
18259 2.18
18259 2
18259 2.96
18259 0
18259 0.05
18259 0.05
18260 1.16
18260 0
18260 3.77
18260 2.18
18260 2
18260 2.96
18260 0
18260 0.05
18260 0.05
18261 1.16
18261 0
18261 3.77
18261 2.18
18261 2
18261 2.96
18261 0
18261 0.05
18261 0.05
18262 1.16
18262 0
18262 3.77
18262 2.18
18262 2
18262 2.96
18262 0
18262 0.05
18262 0.05
18263 1.16
18263 0
18263 3.77
18263 2.18
18263 2
18263 2.96
18263 0
18263 0.05
18263 0.05
18264 1.16
18264 0
18264 3.77
18264 2.18
18264 2
18264 2.96
18264 0
18264 0.05
18264 0.05
18266 1.16
18266 0
18266 3.77
18266 2.18
18266 2
18266 2.96
18266 0
18266 0.05
18266 0.05
18268 1.16
18268 0
18268 3.77
18268 2.18
18268 2
18268 2.96
18268 0
18268 0.05
18268 0.05
18269 1.16
18269 0
18269 3.77
18269 2.18
18269 2
18269 2.96
18269 0
18269 0.05
18269 0.05
18270 1.16
18270 0
18270 3.77
18270 2.18
18270 2
18270 2.96
18270 0
18270 0.05
18270 0.05
18271 1.16
18271 0
18271 3.77
18271 2.18
18271 2
18271 2.96
18271 0
18271 0.05
18271 0.05
18306 1.16
18306 0
18306 3.77
18306 2.18
18306 2
18306 2.96
18306 0
18306 0.05
18306 0.05
18307 1.16
18307 0
18307 3.77
18307 2.18
18307 2
18307 2.96
18307 0
18307 0.05
18307 0.05
18308 1.16
18308 0
18308 3.77
18308 2.18
18308 2
18308 2.96
18308 0
18308 0.05
18308 0.05
18309 1.16
18309 0
18309 3.77
18309 2.18
18309 2
18309 2.96
18309 0
18309 0.05
18309 0.05
18310 1.16
18310 0
18310 3.77
18310 2.18
18310 2
18310 2.96
18310 0
18310 0.05
18310 0.05
18311 1.16
18311 0
18311 3.77
18311 2.18
18311 2
18311 2.96
18311 0
18311 0.05
18311 0.05
18313 1.16
18313 0
18313 3.77
18313 2.18
18313 2
18313 2.96
18313 0
18313 0.05
18313 0.05
18314 1.16
18314 0
18314 3.77
18314 2.18
18314 2
18314 2.96
18314 0
18314 0.05
18314 0.05
18315 1.16
18315 0
18315 3.77
18315 2.18
18315 2
18315 2.96
18315 0
18315 0.05
18315 0.05
18316 1.16
18316 0
18316 3.77
18316 2.18
18316 2
18316 2.96
18316 0
18316 0.05
18316 0.05
18349 1.16
18349 0
18349 3.77
18349 2.18
18349 2
18349 2.96
18349 0
18349 0.05
18349 0.05
18350 1.16
18350 0
18350 3.77
18350 2.18
18350 2
18350 2.96
18350 0
18350 0.05
18350 0.05
18351 1.16
18351 0
18351 3.77
18351 2.18
18351 2
18351 2.96
18351 0
18351 0.05
18351 0.05
18352 1.16
18352 0
18352 3.77
18352 2.18
18352 2
18352 2.96
18352 0
18352 0.05
18352 0.05
18354 1.16
18354 0
18354 3.77
18354 2.18
18354 2
18354 2.96
18354 0
18354 0.05
18354 0.05
18355 1.16
18355 0
18355 3.77
18355 2.18
18355 2
18355 2.96
18355 0
18355 0.05
18355 0.05
18356 1.16
18356 0
18356 3.77
18356 2.18
18356 2
18356 2.96
18356 0
18356 0.05
18356 0.05
18357 1.16
18357 0
18357 3.77
18357 2.18
18357 2
18357 2.96
18357 0
18357 0.05
18357 0.05
18388 1.16
18388 0
18388 3.77
18388 2.18
18388 2
18388 2.96
18388 0
18388 0.05
18388 0.05
18389 1.16
18389 0
18389 3.77
18389 2.18
18389 2
18389 2.96
18389 0
18389 0.05
18389 0.05
18390 1.16
18390 0
18390 3.77
18390 2.18
18390 2
18390 2.96
18390 0
18390 0.05
18390 0.05
18392 1.16
18392 0
18392 3.77
18392 2.18
18392 2
18392 2.96
18392 0
18392 0.05
18392 0.05
18420 1.16
18420 0
18420 3.77
18420 2.18
18420 2
18420 2.96
18420 0
18420 0.05
18420 0.05
18421 1.16
18421 0
18421 3.77
18421 2.18
18421 2
18421 2.96
18421 0
18421 0.05
18421 0.05
18422 1.16
18422 0
18422 3.77
18422 2.18
18422 2
18422 2.96
18422 0
18422 0.05
18422 0.05
18423 1.16
18423 0
18423 3.77
18423 2.18
18423 2
18423 2.96
18423 0
18423 0.05
18423 0.05
18424 1.16
18424 0
18424 3.77
18424 2.18
18424 2
18424 2.96
18424 0
18424 0.05
18424 0.05
18426 1.16
18426 0
18426 3.77
18426 2.18
18426 2
18426 2.96
18426 0
18426 0.05
18426 0.05
18452 1.16
18452 0
18452 3.77
18452 2.18
18452 2
18452 2.96
18452 0
18452 0.05
18452 0.05
18453 1.16
18453 0
18453 3.77
18453 2.18
18453 2
18453 2.96
18453 0
18453 0.05
18453 0.05
18454 1.16
18454 0
18454 3.77
18454 2.18
18454 2
18454 2.96
18454 0
18454 0.05
18454 0.05
18457 1.16
18457 0
18457 3.77
18457 2.18
18457 2
18457 2.96
18457 0
18457 0.05
18457 0.05
18458 1.16
18458 0
18458 3.77
18458 2.18
18458 2
18458 2.96
18458 0
18458 0.05
18458 0.05
18459 1.16
18459 0
18459 3.77
18459 2.18
18459 2
18459 2.96
18459 0
18459 0.05
18459 0.05
18461 1.16
18461 0
18461 3.77
18461 2.18
18461 2
18461 2.96
18461 0
18461 0.05
18461 0.05
18487 1.16
18487 0
18487 3.77
18487 2.18
18487 2
18487 2.96
18487 0
18487 0.05
18487 0.05
18491 1.16
18491 0
18491 3.77
18491 2.18
18491 2
18491 2.96
18491 0
18491 0.05
18491 0.05
18492 1.16
18492 0
18492 3.77
18492 2.18
18492 2
18492 2.96
18492 0
18492 0.05
18492 0.05
18493 1.16
18493 0
18493 3.77
18493 2.18
18493 2
18493 2.96
18493 0
18493 0.05
18493 0.05
18494 1.16
18494 0
18494 3.77
18494 2.18
18494 2
18494 2.96
18494 0
18494 0.05
18494 0.05
18522 1.16
18522 0
18522 3.77
18522 2.18
18522 2
18522 2.96
18522 0
18522 0.05
18522 0.05
18523 1.16
18523 0
18523 3.77
18523 2.18
18523 2
18523 2.96
18523 0
18523 0.05
18523 0.05
18524 1.16
18524 0
18524 3.77
18524 2.18
18524 2
18524 2.96
18524 0
18524 0.05
18524 0.05
18581 1.16
18581 0
18581 3.77
18581 2.18
18581 2
18581 2.96
18581 0
18581 0.05
18581 0.05
18608 1.16
18608 0
18608 3.77
18608 2.18
18608 2
18608 2.96
18608 0
18608 0.05
18608 0.05
18636 1.16
18636 0
18636 3.77
18636 2.18
18636 2
18636 2.96
18636 0
18636 0.05
18636 0.05
18637 1.16
18637 0
18637 3.77
18637 2.18
18637 2
18637 2.96
18637 0
18637 0.05
18637 0.05
18670 1.16
18670 0
18670 3.77
18670 2.18
18670 2
18670 2.96
18670 0
18670 0.05
18670 0.05
18700 1.16
18700 0
18700 3.77
18700 2.18
18700 2
18700 2.96
18700 0
18700 0.05
18700 0.05
18701 1.16
18701 0
18701 3.77
18701 2.18
18701 2
18701 2.96
18701 0
18701 0.05
18701 0.05
18702 1.16
18702 0
18702 3.77
18702 2.18
18702 2
18702 2.96
18702 0
18702 0.05
18702 0.05
18703 1.16
18703 0
18703 3.77
18703 2.18
18703 2
18703 2.96
18703 0
18703 0.05
18703 0.05
18704 1.16
18704 0
18704 3.77
18704 2.18
18704 2
18704 2.96
18704 0
18704 0.05
18704 0.05
18705 1.16
18705 0
18705 3.77
18705 2.18
18705 2
18705 2.96
18705 0
18705 0.05
18705 0.05
18706 1.16
18706 0
18706 3.77
18706 2.18
18706 2
18706 2.96
18706 0
18706 0.05
18706 0.05
18707 1.16
18707 0
18707 3.77
18707 2.18
18707 2
18707 2.96
18707 0
18707 0.05
18707 0.05
18710 1.16
18710 0
18710 3.77
18710 2.18
18710 2
18710 2.96
18710 0
18710 0.05
18710 0.05
18711 1.16
18711 0
18711 3.77
18711 2.18
18711 2
18711 2.96
18711 0
18711 0.05
18711 0.05
18745 1.16
18745 0
18745 3.77
18745 2.18
18745 2
18745 2.96
18745 0
18745 0.05
18745 0.05
18747 1.16
18747 0
18747 3.77
18747 2.18
18747 2
18747 2.96
18747 0
18747 0.05
18747 0.05
18748 1.16
18748 0
18748 3.77
18748 2.18
18748 2
18748 2.96
18748 0
18748 0.05
18748 0.05
18749 1.16
18749 0
18749 3.77
18749 2.18
18749 2
18749 2.96
18749 0
18749 0.05
18749 0.05
18750 1.16
18750 0
18750 3.77
18750 2.18
18750 2
18750 2.96
18750 0
18750 0.05
18750 0.05
18751 1.16
18751 0
18751 3.77
18751 2.18
18751 2
18751 2.96
18751 0
18751 0.05
18751 0.05
18752 1.16
18752 0
18752 3.77
18752 2.18
18752 2
18752 2.96
18752 0
18752 0.05
18752 0.05
18753 1.16
18753 0
18753 3.77
18753 2.18
18753 2
18753 2.96
18753 0
18753 0.05
18753 0.05
18754 1.16
18754 0
18754 3.77
18754 2.18
18754 2
18754 2.96
18754 0
18754 0.05
18754 0.05
18755 1.16
18755 0
18755 3.77
18755 2.18
18755 2
18755 2.96
18755 0
18755 0.05
18755 0.05
18788 1.16
18788 0
18788 3.77
18788 2.18
18788 2
18788 2.96
18788 0
18788 0.05
18788 0.05
18789 1.16
18789 0
18789 3.77
18789 2.18
18789 2
18789 2.96
18789 0
18789 0.05
18789 0.05
18791 1.16
18791 0
18791 3.77
18791 2.18
18791 2
18791 2.96
18791 0
18791 0.05
18791 0.05
18792 1.16
18792 0
18792 3.77
18792 2.18
18792 2
18792 2.96
18792 0
18792 0.05
18792 0.05
18793 1.16
18793 0
18793 3.77
18793 2.18
18793 2
18793 2.96
18793 0
18793 0.05
18793 0.05
18794 1.16
18794 0
18794 3.77
18794 2.18
18794 2
18794 2.96
18794 0
18794 0.05
18794 0.05
18795 1.16
18795 0
18795 3.77
18795 2.18
18795 2
18795 2.96
18795 0
18795 0.05
18795 0.05
18796 1.16
18796 0
18796 3.77
18796 2.18
18796 2
18796 2.96
18796 0
18796 0.05
18796 0.05
18797 1.16
18797 0
18797 3.77
18797 2.18
18797 2
18797 2.96
18797 0
18797 0.05
18797 0.05
18798 1.16
18798 0
18798 3.77
18798 2.18
18798 2
18798 2.96
18798 0
18798 0.05
18798 0.05
18799 1.16
18799 0
18799 3.77
18799 2.18
18799 2
18799 2.96
18799 0
18799 0.05
18799 0.05
18836 1.16
18836 0
18836 3.77
18836 2.18
18836 2
18836 2.96
18836 0
18836 0.05
18836 0.05
18837 1.16
18837 0
18837 3.77
18837 2.18
18837 2
18837 2.96
18837 0
18837 0.05
18837 0.05
18838 1.16
18838 0
18838 3.77
18838 2.18
18838 2
18838 2.96
18838 0
18838 0.05
18838 0.05
18840 1.16
18840 0
18840 3.77
18840 2.18
18840 2
18840 2.96
18840 0
18840 0.05
18840 0.05
18841 1.16
18841 0
18841 3.77
18841 2.18
18841 2
18841 2.96
18841 0
18841 0.05
18841 0.05
18843 1.16
18843 0
18843 3.77
18843 2.18
18843 2
18843 2.96
18843 0
18843 0.05
18843 0.05
18844 1.16
18844 0
18844 3.77
18844 2.18
18844 2
18844 2.96
18844 0
18844 0.05
18844 0.05
18846 1.16
18846 0
18846 3.77
18846 2.18
18846 2
18846 2.96
18846 0
18846 0.05
18846 0.05
18879 1.16
18879 0
18879 3.77
18879 2.18
18879 2
18879 2.96
18879 0
18879 0.05
18879 0.05
18883 1.16
18883 0
18883 3.77
18883 2.18
18883 2
18883 2.96
18883 0
18883 0.05
18883 0.05
18884 1.16
18884 0
18884 3.77
18884 2.18
18884 2
18884 2.96
18884 0
18884 0.05
18884 0.05
18886 1.16
18886 0
18886 3.77
18886 2.18
18886 2
18886 2.96
18886 0
18886 0.05
18886 0.05
18922 1.16
18922 0
18922 3.77
18922 2.18
18922 2
18922 2.96
18922 0
18922 0.05
18922 0.05
18924 1.16
18924 0
18924 3.77
18924 2.18
18924 2
18924 2.96
18924 0
18924 0.05
18924 0.05
18926 1.16
18926 0
18926 3.77
18926 2.18
18926 2
18926 2.96
18926 0
18926 0.05
18926 0.05
18964 1.16
18964 0
18964 3.77
18964 2.18
18964 2
18964 2.96
18964 0
18964 0.05
18964 0.05
18965 1.16
18965 0
18965 3.77
18965 2.18
18965 2
18965 2.96
18965 0
18965 0.05
18965 0.05
19003 1.16
19003 0
19003 3.77
19003 2.18
19003 2
19003 2.96
19003 0
19003 0.05
19003 0.05
