pt_graph scale
3952 1.18119047619048
3952 0
3952 2.7952380952381
3952 2.41333333333333
3952 3.14
3952 2.72142857142857
3952 0.00214285714285714
3952 0
3952 0.0142857142857143
4168 1.18119047619048
4168 0
4168 2.7952380952381
4168 2.41333333333333
4168 3.14
4168 2.72142857142857
4168 0.00214285714285714
4168 0
4168 0.0142857142857143
4381 1.18119047619048
4381 0
4381 2.7952380952381
4381 2.41333333333333
4381 3.14
4381 2.72142857142857
4381 0.00214285714285714
4381 0
4381 0.0142857142857143
4420 1.18119047619048
4420 0
4420 2.7952380952381
4420 2.41333333333333
4420 3.14
4420 2.72142857142857
4420 0.00214285714285714
4420 0
4420 0.0142857142857143
4593 1.18119047619048
4593 0
4593 2.7952380952381
4593 2.41333333333333
4593 3.14
4593 2.72142857142857
4593 0.00214285714285714
4593 0
4593 0.0142857142857143
4635 1.18119047619048
4635 0
4635 2.7952380952381
4635 2.41333333333333
4635 3.14
4635 2.72142857142857
4635 0.00214285714285714
4635 0
4635 0.0142857142857143
4690 1.18119047619048
4690 0
4690 2.7952380952381
4690 2.41333333333333
4690 3.14
4690 2.72142857142857
4690 0.00214285714285714
4690 0
4690 0.0142857142857143
4727 1.18119047619048
4727 0
4727 2.7952380952381
4727 2.41333333333333
4727 3.14
4727 2.72142857142857
4727 0.00214285714285714
4727 0
4727 0.0142857142857143
4758 1.18119047619048
4758 0
4758 2.7952380952381
4758 2.41333333333333
4758 3.14
4758 2.72142857142857
4758 0.00214285714285714
4758 0
4758 0.0142857142857143
4757 1.18119047619048
4757 0
4757 2.7952380952381
4757 2.41333333333333
4757 3.14
4757 2.72142857142857
4757 0.00214285714285714
4757 0
4757 0.0142857142857143
4808 1.18119047619048
4808 0
4808 2.7952380952381
4808 2.41333333333333
4808 3.14
4808 2.72142857142857
4808 0.00214285714285714
4808 0
4808 0.0142857142857143
4836 1.18119047619048
4836 0
4836 2.7952380952381
4836 2.41333333333333
4836 3.14
4836 2.72142857142857
4836 0.00214285714285714
4836 0
4836 0.0142857142857143
4887 1.18119047619048
4887 0
4887 2.7952380952381
4887 2.41333333333333
4887 3.14
4887 2.72142857142857
4887 0.00214285714285714
4887 0
4887 0.0142857142857143
4876 1.18119047619048
4876 0
4876 2.7952380952381
4876 2.41333333333333
4876 3.14
4876 2.72142857142857
4876 0.00214285714285714
4876 0
4876 0.0142857142857143
4875 1.18119047619048
4875 0
4875 2.7952380952381
4875 2.41333333333333
4875 3.14
4875 2.72142857142857
4875 0.00214285714285714
4875 0
4875 0.0142857142857143
4929 1.18119047619048
4929 0
4929 2.7952380952381
4929 2.41333333333333
4929 3.14
4929 2.72142857142857
4929 0.00214285714285714
4929 0
4929 0.0142857142857143
4923 1.18119047619048
4923 0
4923 2.7952380952381
4923 2.41333333333333
4923 3.14
4923 2.72142857142857
4923 0.00214285714285714
4923 0
4923 0.0142857142857143
4922 1.18119047619048
4922 0
4922 2.7952380952381
4922 2.41333333333333
4922 3.14
4922 2.72142857142857
4922 0.00214285714285714
4922 0
4922 0.0142857142857143
4921 1.18119047619048
4921 0
4921 2.7952380952381
4921 2.41333333333333
4921 3.14
4921 2.72142857142857
4921 0.00214285714285714
4921 0
4921 0.0142857142857143
4984 1.18119047619048
4984 0
4984 2.7952380952381
4984 2.41333333333333
4984 3.14
4984 2.72142857142857
4984 0.00214285714285714
4984 0
4984 0.0142857142857143
4978 1.18119047619048
4978 0
4978 2.7952380952381
4978 2.41333333333333
4978 3.14
4978 2.72142857142857
4978 0.00214285714285714
4978 0
4978 0.0142857142857143
4977 1.18119047619048
4977 0
4977 2.7952380952381
4977 2.41333333333333
4977 3.14
4977 2.72142857142857
4977 0.00214285714285714
4977 0
4977 0.0142857142857143
4973 1.18119047619048
4973 0
4973 2.7952380952381
4973 2.41333333333333
4973 3.14
4973 2.72142857142857
4973 0.00214285714285714
4973 0
4973 0.0142857142857143
4972 1.18119047619048
4972 0
4972 2.7952380952381
4972 2.41333333333333
4972 3.14
4972 2.72142857142857
4972 0.00214285714285714
4972 0
4972 0.0142857142857143
5040 1.18119047619048
5040 0
5040 2.7952380952381
5040 2.41333333333333
5040 3.14
5040 2.72142857142857
5040 0.00214285714285714
5040 0
5040 0.0142857142857143
5039 1.18119047619048
5039 0
5039 2.7952380952381
5039 2.41333333333333
5039 3.14
5039 2.72142857142857
5039 0.00214285714285714
5039 0
5039 0.0142857142857143
5032 1.18119047619048
5032 0
5032 2.7952380952381
5032 2.41333333333333
5032 3.14
5032 2.72142857142857
5032 0.00214285714285714
5032 0
5032 0.0142857142857143
5031 1.18119047619048
5031 0
5031 2.7952380952381
5031 2.41333333333333
5031 3.14
5031 2.72142857142857
5031 0.00214285714285714
5031 0
5031 0.0142857142857143
5030 1.18119047619048
5030 0
5030 2.7952380952381
5030 2.41333333333333
5030 3.14
5030 2.72142857142857
5030 0.00214285714285714
5030 0
5030 0.0142857142857143
5029 1.18119047619048
5029 0
5029 2.7952380952381
5029 2.41333333333333
5029 3.14
5029 2.72142857142857
5029 0.00214285714285714
5029 0
5029 0.0142857142857143
5097 1.18119047619048
5097 0
5097 2.7952380952381
5097 2.41333333333333
5097 3.14
5097 2.72142857142857
5097 0.00214285714285714
5097 0
5097 0.0142857142857143
5096 1.18119047619048
5096 0
5096 2.7952380952381
5096 2.41333333333333
5096 3.14
5096 2.72142857142857
5096 0.00214285714285714
5096 0
5096 0.0142857142857143
5095 1.18119047619048
5095 0
5095 2.7952380952381
5095 2.41333333333333
5095 3.14
5095 2.72142857142857
5095 0.00214285714285714
5095 0
5095 0.0142857142857143
5094 1.18119047619048
5094 0
5094 2.7952380952381
5094 2.41333333333333
5094 3.14
5094 2.72142857142857
5094 0.00214285714285714
5094 0
5094 0.0142857142857143
5093 1.18119047619048
5093 0
5093 2.7952380952381
5093 2.41333333333333
5093 3.14
5093 2.72142857142857
5093 0.00214285714285714
5093 0
5093 0.0142857142857143
5092 1.18119047619048
5092 0
5092 2.7952380952381
5092 2.41333333333333
5092 3.14
5092 2.72142857142857
5092 0.00214285714285714
5092 0
5092 0.0142857142857143
5091 1.18119047619048
5091 0
5091 2.7952380952381
5091 2.41333333333333
5091 3.14
5091 2.72142857142857
5091 0.00214285714285714
5091 0
5091 0.0142857142857143
5090 1.18119047619048
5090 0
5090 2.7952380952381
5090 2.41333333333333
5090 3.14
5090 2.72142857142857
5090 0.00214285714285714
5090 0
5090 0.0142857142857143
5089 1.18119047619048
5089 0
5089 2.7952380952381
5089 2.41333333333333
5089 3.14
5089 2.72142857142857
5089 0.00214285714285714
5089 0
5089 0.0142857142857143
5152 1.18119047619048
5152 0
5152 2.7952380952381
5152 2.41333333333333
5152 3.14
5152 2.72142857142857
5152 0.00214285714285714
5152 0
5152 0.0142857142857143
5151 1.18119047619048
5151 0
5151 2.7952380952381
5151 2.41333333333333
5151 3.14
5151 2.72142857142857
5151 0.00214285714285714
5151 0
5151 0.0142857142857143
5150 1.18119047619048
5150 0
5150 2.7952380952381
5150 2.41333333333333
5150 3.14
5150 2.72142857142857
5150 0.00214285714285714
5150 0
5150 0.0142857142857143
5149 1.18119047619048
5149 0
5149 2.7952380952381
5149 2.41333333333333
5149 3.14
5149 2.72142857142857
5149 0.00214285714285714
5149 0
5149 0.0142857142857143
5148 1.18119047619048
5148 0
5148 2.7952380952381
5148 2.41333333333333
5148 3.14
5148 2.72142857142857
5148 0.00214285714285714
5148 0
5148 0.0142857142857143
5147 1.18119047619048
5147 0
5147 2.7952380952381
5147 2.41333333333333
5147 3.14
5147 2.72142857142857
5147 0.00214285714285714
5147 0
5147 0.0142857142857143
19516 1.18119047619048
19516 0
19516 2.7952380952381
19516 2.41333333333333
19516 3.14
19516 2.72142857142857
19516 0.00214285714285714
19516 0
19516 0.0142857142857143
