pt_graph scale
9547 1.1152380952381
9547 0
9547 3.2597619047619
9547 2.12547619047619
9547 2
9547 2.68047619047619
9547 0.0019047619047619
9547 0.0169047619047619
9547 0.0133333333333333
9546 1.1152380952381
9546 0
9546 3.2597619047619
9546 2.12547619047619
9546 2
9546 2.68047619047619
9546 0.0019047619047619
9546 0.0169047619047619
9546 0.0133333333333333
9545 1.1152380952381
9545 0
9545 3.2597619047619
9545 2.12547619047619
9545 2
9545 2.68047619047619
9545 0.0019047619047619
9545 0.0169047619047619
9545 0.0133333333333333
9623 1.1152380952381
9623 0
9623 3.2597619047619
9623 2.12547619047619
9623 2
9623 2.68047619047619
9623 0.0019047619047619
9623 0.0169047619047619
9623 0.0133333333333333
9622 1.1152380952381
9622 0
9622 3.2597619047619
9622 2.12547619047619
9622 2
9622 2.68047619047619
9622 0.0019047619047619
9622 0.0169047619047619
9622 0.0133333333333333
9621 1.1152380952381
9621 0
9621 3.2597619047619
9621 2.12547619047619
9621 2
9621 2.68047619047619
9621 0.0019047619047619
9621 0.0169047619047619
9621 0.0133333333333333
9620 1.1152380952381
9620 0
9620 3.2597619047619
9620 2.12547619047619
9620 2
9620 2.68047619047619
9620 0.0019047619047619
9620 0.0169047619047619
9620 0.0133333333333333
9619 1.1152380952381
9619 0
9619 3.2597619047619
9619 2.12547619047619
9619 2
9619 2.68047619047619
9619 0.0019047619047619
9619 0.0169047619047619
9619 0.0133333333333333
9618 1.1152380952381
9618 0
9618 3.2597619047619
9618 2.12547619047619
9618 2
9618 2.68047619047619
9618 0.0019047619047619
9618 0.0169047619047619
9618 0.0133333333333333
9617 1.1152380952381
9617 0
9617 3.2597619047619
9617 2.12547619047619
9617 2
9617 2.68047619047619
9617 0.0019047619047619
9617 0.0169047619047619
9617 0.0133333333333333
9616 1.1152380952381
9616 0
9616 3.2597619047619
9616 2.12547619047619
9616 2
9616 2.68047619047619
9616 0.0019047619047619
9616 0.0169047619047619
9616 0.0133333333333333
9700 1.1152380952381
9700 0
9700 3.2597619047619
9700 2.12547619047619
9700 2
9700 2.68047619047619
9700 0.0019047619047619
9700 0.0169047619047619
9700 0.0133333333333333
9699 1.1152380952381
9699 0
9699 3.2597619047619
9699 2.12547619047619
9699 2
9699 2.68047619047619
9699 0.0019047619047619
9699 0.0169047619047619
9699 0.0133333333333333
9698 1.1152380952381
9698 0
9698 3.2597619047619
9698 2.12547619047619
9698 2
9698 2.68047619047619
9698 0.0019047619047619
9698 0.0169047619047619
9698 0.0133333333333333
9697 1.1152380952381
9697 0
9697 3.2597619047619
9697 2.12547619047619
9697 2
9697 2.68047619047619
9697 0.0019047619047619
9697 0.0169047619047619
9697 0.0133333333333333
9696 1.1152380952381
9696 0
9696 3.2597619047619
9696 2.12547619047619
9696 2
9696 2.68047619047619
9696 0.0019047619047619
9696 0.0169047619047619
9696 0.0133333333333333
9695 1.1152380952381
9695 0
9695 3.2597619047619
9695 2.12547619047619
9695 2
9695 2.68047619047619
9695 0.0019047619047619
9695 0.0169047619047619
9695 0.0133333333333333
9694 1.1152380952381
9694 0
9694 3.2597619047619
9694 2.12547619047619
9694 2
9694 2.68047619047619
9694 0.0019047619047619
9694 0.0169047619047619
9694 0.0133333333333333
9693 1.1152380952381
9693 0
9693 3.2597619047619
9693 2.12547619047619
9693 2
9693 2.68047619047619
9693 0.0019047619047619
9693 0.0169047619047619
9693 0.0133333333333333
9692 1.1152380952381
9692 0
9692 3.2597619047619
9692 2.12547619047619
9692 2
9692 2.68047619047619
9692 0.0019047619047619
9692 0.0169047619047619
9692 0.0133333333333333
9778 1.1152380952381
9778 0
9778 3.2597619047619
9778 2.12547619047619
9778 2
9778 2.68047619047619
9778 0.0019047619047619
9778 0.0169047619047619
9778 0.0133333333333333
9777 1.1152380952381
9777 0
9777 3.2597619047619
9777 2.12547619047619
9777 2
9777 2.68047619047619
9777 0.0019047619047619
9777 0.0169047619047619
9777 0.0133333333333333
9776 1.1152380952381
9776 0
9776 3.2597619047619
9776 2.12547619047619
9776 2
9776 2.68047619047619
9776 0.0019047619047619
9776 0.0169047619047619
9776 0.0133333333333333
9775 1.1152380952381
9775 0
9775 3.2597619047619
9775 2.12547619047619
9775 2
9775 2.68047619047619
9775 0.0019047619047619
9775 0.0169047619047619
9775 0.0133333333333333
9774 1.1152380952381
9774 0
9774 3.2597619047619
9774 2.12547619047619
9774 2
9774 2.68047619047619
9774 0.0019047619047619
9774 0.0169047619047619
9774 0.0133333333333333
9773 1.1152380952381
9773 0
9773 3.2597619047619
9773 2.12547619047619
9773 2
9773 2.68047619047619
9773 0.0019047619047619
9773 0.0169047619047619
9773 0.0133333333333333
9771 1.1152380952381
9771 0
9771 3.2597619047619
9771 2.12547619047619
9771 2
9771 2.68047619047619
9771 0.0019047619047619
9771 0.0169047619047619
9771 0.0133333333333333
9770 1.1152380952381
9770 0
9770 3.2597619047619
9770 2.12547619047619
9770 2
9770 2.68047619047619
9770 0.0019047619047619
9770 0.0169047619047619
9770 0.0133333333333333
9769 1.1152380952381
9769 0
9769 3.2597619047619
9769 2.12547619047619
9769 2
9769 2.68047619047619
9769 0.0019047619047619
9769 0.0169047619047619
9769 0.0133333333333333
9860 1.1152380952381
9860 0
9860 3.2597619047619
9860 2.12547619047619
9860 2
9860 2.68047619047619
9860 0.0019047619047619
9860 0.0169047619047619
9860 0.0133333333333333
9859 1.1152380952381
9859 0
9859 3.2597619047619
9859 2.12547619047619
9859 2
9859 2.68047619047619
9859 0.0019047619047619
9859 0.0169047619047619
9859 0.0133333333333333
9858 1.1152380952381
9858 0
9858 3.2597619047619
9858 2.12547619047619
9858 2
9858 2.68047619047619
9858 0.0019047619047619
9858 0.0169047619047619
9858 0.0133333333333333
9857 1.1152380952381
9857 0
9857 3.2597619047619
9857 2.12547619047619
9857 2
9857 2.68047619047619
9857 0.0019047619047619
9857 0.0169047619047619
9857 0.0133333333333333
9855 1.1152380952381
9855 0
9855 3.2597619047619
9855 2.12547619047619
9855 2
9855 2.68047619047619
9855 0.0019047619047619
9855 0.0169047619047619
9855 0.0133333333333333
9854 1.1152380952381
9854 0
9854 3.2597619047619
9854 2.12547619047619
9854 2
9854 2.68047619047619
9854 0.0019047619047619
9854 0.0169047619047619
9854 0.0133333333333333
9853 1.1152380952381
9853 0
9853 3.2597619047619
9853 2.12547619047619
9853 2
9853 2.68047619047619
9853 0.0019047619047619
9853 0.0169047619047619
9853 0.0133333333333333
9851 1.1152380952381
9851 0
9851 3.2597619047619
9851 2.12547619047619
9851 2
9851 2.68047619047619
9851 0.0019047619047619
9851 0.0169047619047619
9851 0.0133333333333333
9941 1.1152380952381
9941 0
9941 3.2597619047619
9941 2.12547619047619
9941 2
9941 2.68047619047619
9941 0.0019047619047619
9941 0.0169047619047619
9941 0.0133333333333333
9940 1.1152380952381
9940 0
9940 3.2597619047619
9940 2.12547619047619
9940 2
9940 2.68047619047619
9940 0.0019047619047619
9940 0.0169047619047619
9940 0.0133333333333333
9939 1.1152380952381
9939 0
9939 3.2597619047619
9939 2.12547619047619
9939 2
9939 2.68047619047619
9939 0.0019047619047619
9939 0.0169047619047619
9939 0.0133333333333333
9938 1.1152380952381
9938 0
9938 3.2597619047619
9938 2.12547619047619
9938 2
9938 2.68047619047619
9938 0.0019047619047619
9938 0.0169047619047619
9938 0.0133333333333333
9937 1.1152380952381
9937 0
9937 3.2597619047619
9937 2.12547619047619
9937 2
9937 2.68047619047619
9937 0.0019047619047619
9937 0.0169047619047619
9937 0.0133333333333333
9933 1.1152380952381
9933 0
9933 3.2597619047619
9933 2.12547619047619
9933 2
9933 2.68047619047619
9933 0.0019047619047619
9933 0.0169047619047619
9933 0.0133333333333333
10022 1.1152380952381
10022 0
10022 3.2597619047619
10022 2.12547619047619
10022 2
10022 2.68047619047619
10022 0.0019047619047619
10022 0.0169047619047619
10022 0.0133333333333333
10021 1.1152380952381
10021 0
10021 3.2597619047619
10021 2.12547619047619
10021 2
10021 2.68047619047619
10021 0.0019047619047619
10021 0.0169047619047619
10021 0.0133333333333333
10017 1.1152380952381
10017 0
10017 3.2597619047619
10017 2.12547619047619
10017 2
10017 2.68047619047619
10017 0.0019047619047619
10017 0.0169047619047619
10017 0.0133333333333333
10015 1.1152380952381
10015 0
10015 3.2597619047619
10015 2.12547619047619
10015 2
10015 2.68047619047619
10015 0.0019047619047619
10015 0.0169047619047619
10015 0.0133333333333333
10014 1.1152380952381
10014 0
10014 3.2597619047619
10014 2.12547619047619
10014 2
10014 2.68047619047619
10014 0.0019047619047619
10014 0.0169047619047619
10014 0.0133333333333333
10098 1.1152380952381
10098 0
10098 3.2597619047619
10098 2.12547619047619
10098 2
10098 2.68047619047619
10098 0.0019047619047619
10098 0.0169047619047619
10098 0.0133333333333333
10097 1.1152380952381
10097 0
10097 3.2597619047619
10097 2.12547619047619
10097 2
10097 2.68047619047619
10097 0.0019047619047619
10097 0.0169047619047619
10097 0.0133333333333333
10180 1.1152380952381
10180 0
10180 3.2597619047619
10180 2.12547619047619
10180 2
10180 2.68047619047619
10180 0.0019047619047619
10180 0.0169047619047619
10180 0.0133333333333333
10263 1.1152380952381
10263 0
10263 3.2597619047619
10263 2.12547619047619
10263 2
10263 2.68047619047619
10263 0.0019047619047619
10263 0.0169047619047619
10263 0.0133333333333333
10360 1.1152380952381
10360 0
10360 3.2597619047619
10360 2.12547619047619
10360 2
10360 2.68047619047619
10360 0.0019047619047619
10360 0.0169047619047619
10360 0.0133333333333333
10359 1.1152380952381
10359 0
10359 3.2597619047619
10359 2.12547619047619
10359 2
10359 2.68047619047619
10359 0.0019047619047619
10359 0.0169047619047619
10359 0.0133333333333333
10455 1.1152380952381
10455 0
10455 3.2597619047619
10455 2.12547619047619
10455 2
10455 2.68047619047619
10455 0.0019047619047619
10455 0.0169047619047619
10455 0.0133333333333333
10454 1.1152380952381
10454 0
10454 3.2597619047619
10454 2.12547619047619
10454 2
10454 2.68047619047619
10454 0.0019047619047619
10454 0.0169047619047619
10454 0.0133333333333333
10453 1.1152380952381
10453 0
10453 3.2597619047619
10453 2.12547619047619
10453 2
10453 2.68047619047619
10453 0.0019047619047619
10453 0.0169047619047619
10453 0.0133333333333333
10452 1.1152380952381
10452 0
10452 3.2597619047619
10452 2.12547619047619
10452 2
10452 2.68047619047619
10452 0.0019047619047619
10452 0.0169047619047619
10452 0.0133333333333333
10451 1.1152380952381
10451 0
10451 3.2597619047619
10451 2.12547619047619
10451 2
10451 2.68047619047619
10451 0.0019047619047619
10451 0.0169047619047619
10451 0.0133333333333333
10445 1.1152380952381
10445 0
10445 3.2597619047619
10445 2.12547619047619
10445 2
10445 2.68047619047619
10445 0.0019047619047619
10445 0.0169047619047619
10445 0.0133333333333333
10432 1.1152380952381
10432 0
10432 3.2597619047619
10432 2.12547619047619
10432 2
10432 2.68047619047619
10432 0.0019047619047619
10432 0.0169047619047619
10432 0.0133333333333333
10431 1.1152380952381
10431 0
10431 3.2597619047619
10431 2.12547619047619
10431 2
10431 2.68047619047619
10431 0.0019047619047619
10431 0.0169047619047619
10431 0.0133333333333333
10554 1.1152380952381
10554 0
10554 3.2597619047619
10554 2.12547619047619
10554 2
10554 2.68047619047619
10554 0.0019047619047619
10554 0.0169047619047619
10554 0.0133333333333333
10553 1.1152380952381
10553 0
10553 3.2597619047619
10553 2.12547619047619
10553 2
10553 2.68047619047619
10553 0.0019047619047619
10553 0.0169047619047619
10553 0.0133333333333333
10551 1.1152380952381
10551 0
10551 3.2597619047619
10551 2.12547619047619
10551 2
10551 2.68047619047619
10551 0.0019047619047619
10551 0.0169047619047619
10551 0.0133333333333333
10550 1.1152380952381
10550 0
10550 3.2597619047619
10550 2.12547619047619
10550 2
10550 2.68047619047619
10550 0.0019047619047619
10550 0.0169047619047619
10550 0.0133333333333333
10549 1.1152380952381
10549 0
10549 3.2597619047619
10549 2.12547619047619
10549 2
10549 2.68047619047619
10549 0.0019047619047619
10549 0.0169047619047619
10549 0.0133333333333333
10531 1.1152380952381
10531 0
10531 3.2597619047619
10531 2.12547619047619
10531 2
10531 2.68047619047619
10531 0.0019047619047619
10531 0.0169047619047619
10531 0.0133333333333333
10656 1.1152380952381
10656 0
10656 3.2597619047619
10656 2.12547619047619
10656 2
10656 2.68047619047619
10656 0.0019047619047619
10656 0.0169047619047619
10656 0.0133333333333333
10628 1.1152380952381
10628 0
10628 3.2597619047619
10628 2.12547619047619
10628 2
10628 2.68047619047619
10628 0.0019047619047619
10628 0.0169047619047619
10628 0.0133333333333333
10764 1.1152380952381
10764 0
10764 3.2597619047619
10764 2.12547619047619
10764 2
10764 2.68047619047619
10764 0.0019047619047619
10764 0.0169047619047619
10764 0.0133333333333333
10756 1.1152380952381
10756 0
10756 3.2597619047619
10756 2.12547619047619
10756 2
10756 2.68047619047619
10756 0.0019047619047619
10756 0.0169047619047619
10756 0.0133333333333333
10753 1.1152380952381
10753 0
10753 3.2597619047619
10753 2.12547619047619
10753 2
10753 2.68047619047619
10753 0.0019047619047619
10753 0.0169047619047619
10753 0.0133333333333333
10752 1.1152380952381
10752 0
10752 3.2597619047619
10752 2.12547619047619
10752 2
10752 2.68047619047619
10752 0.0019047619047619
10752 0.0169047619047619
10752 0.0133333333333333
10751 1.1152380952381
10751 0
10751 3.2597619047619
10751 2.12547619047619
10751 2
10751 2.68047619047619
10751 0.0019047619047619
10751 0.0169047619047619
10751 0.0133333333333333
10865 1.1152380952381
10865 0
10865 3.2597619047619
10865 2.12547619047619
10865 2
10865 2.68047619047619
10865 0.0019047619047619
10865 0.0169047619047619
10865 0.0133333333333333
10860 1.1152380952381
10860 0
10860 3.2597619047619
10860 2.12547619047619
10860 2
10860 2.68047619047619
10860 0.0019047619047619
10860 0.0169047619047619
10860 0.0133333333333333
10853 1.1152380952381
10853 0
10853 3.2597619047619
10853 2.12547619047619
10853 2
10853 2.68047619047619
10853 0.0019047619047619
10853 0.0169047619047619
10853 0.0133333333333333
10827 1.1152380952381
10827 0
10827 3.2597619047619
10827 2.12547619047619
10827 2
10827 2.68047619047619
10827 0.0019047619047619
10827 0.0169047619047619
10827 0.0133333333333333
10965 1.1152380952381
10965 0
10965 3.2597619047619
10965 2.12547619047619
10965 2
10965 2.68047619047619
10965 0.0019047619047619
10965 0.0169047619047619
10965 0.0133333333333333
10962 1.1152380952381
10962 0
10962 3.2597619047619
10962 2.12547619047619
10962 2
10962 2.68047619047619
10962 0.0019047619047619
10962 0.0169047619047619
10962 0.0133333333333333
11044 1.1152380952381
11044 0
11044 3.2597619047619
11044 2.12547619047619
11044 2
11044 2.68047619047619
11044 0.0019047619047619
11044 0.0169047619047619
11044 0.0133333333333333
11204 1.1152380952381
11204 0
11204 3.2597619047619
11204 2.12547619047619
11204 2
11204 2.68047619047619
11204 0.0019047619047619
11204 0.0169047619047619
11204 0.0133333333333333
11200 1.1152380952381
11200 0
11200 3.2597619047619
11200 2.12547619047619
11200 2
11200 2.68047619047619
11200 0.0019047619047619
11200 0.0169047619047619
11200 0.0133333333333333
11191 1.1152380952381
11191 0
11191 3.2597619047619
11191 2.12547619047619
11191 2
11191 2.68047619047619
11191 0.0019047619047619
11191 0.0169047619047619
11191 0.0133333333333333
11158 1.1152380952381
11158 0
11158 3.2597619047619
11158 2.12547619047619
11158 2
11158 2.68047619047619
11158 0.0019047619047619
11158 0.0169047619047619
11158 0.0133333333333333
11322 1.1152380952381
11322 0
11322 3.2597619047619
11322 2.12547619047619
11322 2
11322 2.68047619047619
11322 0.0019047619047619
11322 0.0169047619047619
11322 0.0133333333333333
11314 1.1152380952381
11314 0
11314 3.2597619047619
11314 2.12547619047619
11314 2
11314 2.68047619047619
11314 0.0019047619047619
11314 0.0169047619047619
11314 0.0133333333333333
11313 1.1152380952381
11313 0
11313 3.2597619047619
11313 2.12547619047619
11313 2
11313 2.68047619047619
11313 0.0019047619047619
11313 0.0169047619047619
11313 0.0133333333333333
11280 1.1152380952381
11280 0
11280 3.2597619047619
11280 2.12547619047619
11280 2
11280 2.68047619047619
11280 0.0019047619047619
11280 0.0169047619047619
11280 0.0133333333333333
11455 1.1152380952381
11455 0
11455 3.2597619047619
11455 2.12547619047619
11455 2
11455 2.68047619047619
11455 0.0019047619047619
11455 0.0169047619047619
11455 0.0133333333333333
11454 1.1152380952381
11454 0
11454 3.2597619047619
11454 2.12547619047619
11454 2
11454 2.68047619047619
11454 0.0019047619047619
11454 0.0169047619047619
11454 0.0133333333333333
11453 1.1152380952381
11453 0
11453 3.2597619047619
11453 2.12547619047619
11453 2
11453 2.68047619047619
11453 0.0019047619047619
11453 0.0169047619047619
11453 0.0133333333333333
11452 1.1152380952381
11452 0
11452 3.2597619047619
11452 2.12547619047619
11452 2
11452 2.68047619047619
11452 0.0019047619047619
11452 0.0169047619047619
11452 0.0133333333333333
11451 1.1152380952381
11451 0
11451 3.2597619047619
11451 2.12547619047619
11451 2
11451 2.68047619047619
11451 0.0019047619047619
11451 0.0169047619047619
11451 0.0133333333333333
11449 1.1152380952381
11449 0
11449 3.2597619047619
11449 2.12547619047619
11449 2
11449 2.68047619047619
11449 0.0019047619047619
11449 0.0169047619047619
11449 0.0133333333333333
11448 1.1152380952381
11448 0
11448 3.2597619047619
11448 2.12547619047619
11448 2
11448 2.68047619047619
11448 0.0019047619047619
11448 0.0169047619047619
11448 0.0133333333333333
11446 1.1152380952381
11446 0
11446 3.2597619047619
11446 2.12547619047619
11446 2
11446 2.68047619047619
11446 0.0019047619047619
11446 0.0169047619047619
11446 0.0133333333333333
11441 1.1152380952381
11441 0
11441 3.2597619047619
11441 2.12547619047619
11441 2
11441 2.68047619047619
11441 0.0019047619047619
11441 0.0169047619047619
11441 0.0133333333333333
11584 1.1152380952381
11584 0
11584 3.2597619047619
11584 2.12547619047619
11584 2
11584 2.68047619047619
11584 0.0019047619047619
11584 0.0169047619047619
11584 0.0133333333333333
11583 1.1152380952381
11583 0
11583 3.2597619047619
11583 2.12547619047619
11583 2
11583 2.68047619047619
11583 0.0019047619047619
11583 0.0169047619047619
11583 0.0133333333333333
11582 1.1152380952381
11582 0
11582 3.2597619047619
11582 2.12547619047619
11582 2
11582 2.68047619047619
11582 0.0019047619047619
11582 0.0169047619047619
11582 0.0133333333333333
11581 1.1152380952381
11581 0
11581 3.2597619047619
11581 2.12547619047619
11581 2
11581 2.68047619047619
11581 0.0019047619047619
11581 0.0169047619047619
11581 0.0133333333333333
11580 1.1152380952381
11580 0
11580 3.2597619047619
11580 2.12547619047619
11580 2
11580 2.68047619047619
11580 0.0019047619047619
11580 0.0169047619047619
11580 0.0133333333333333
11576 1.1152380952381
11576 0
11576 3.2597619047619
11576 2.12547619047619
11576 2
11576 2.68047619047619
11576 0.0019047619047619
11576 0.0169047619047619
11576 0.0133333333333333
11574 1.1152380952381
11574 0
11574 3.2597619047619
11574 2.12547619047619
11574 2
11574 2.68047619047619
11574 0.0019047619047619
11574 0.0169047619047619
11574 0.0133333333333333
11573 1.1152380952381
11573 0
11573 3.2597619047619
11573 2.12547619047619
11573 2
11573 2.68047619047619
11573 0.0019047619047619
11573 0.0169047619047619
11573 0.0133333333333333
11712 1.1152380952381
11712 0
11712 3.2597619047619
11712 2.12547619047619
11712 2
11712 2.68047619047619
11712 0.0019047619047619
11712 0.0169047619047619
11712 0.0133333333333333
11707 1.1152380952381
11707 0
11707 3.2597619047619
11707 2.12547619047619
11707 2
11707 2.68047619047619
11707 0.0019047619047619
11707 0.0169047619047619
11707 0.0133333333333333
11706 1.1152380952381
11706 0
11706 3.2597619047619
11706 2.12547619047619
11706 2
11706 2.68047619047619
11706 0.0019047619047619
11706 0.0169047619047619
11706 0.0133333333333333
11703 1.1152380952381
11703 0
11703 3.2597619047619
11703 2.12547619047619
11703 2
11703 2.68047619047619
11703 0.0019047619047619
11703 0.0169047619047619
11703 0.0133333333333333
11702 1.1152380952381
11702 0
11702 3.2597619047619
11702 2.12547619047619
11702 2
11702 2.68047619047619
11702 0.0019047619047619
11702 0.0169047619047619
11702 0.0133333333333333
11841 1.1152380952381
11841 0
11841 3.2597619047619
11841 2.12547619047619
11841 2
11841 2.68047619047619
11841 0.0019047619047619
11841 0.0169047619047619
11841 0.0133333333333333
11835 1.1152380952381
11835 0
11835 3.2597619047619
11835 2.12547619047619
11835 2
11835 2.68047619047619
11835 0.0019047619047619
11835 0.0169047619047619
11835 0.0133333333333333
11799 1.1152380952381
11799 0
11799 3.2597619047619
11799 2.12547619047619
11799 2
11799 2.68047619047619
11799 0.0019047619047619
11799 0.0169047619047619
11799 0.0133333333333333
11964 1.1152380952381
11964 0
11964 3.2597619047619
11964 2.12547619047619
11964 2
11964 2.68047619047619
11964 0.0019047619047619
11964 0.0169047619047619
11964 0.0133333333333333
11963 1.1152380952381
11963 0
11963 3.2597619047619
11963 2.12547619047619
11963 2
11963 2.68047619047619
11963 0.0019047619047619
11963 0.0169047619047619
11963 0.0133333333333333
11962 1.1152380952381
11962 0
11962 3.2597619047619
11962 2.12547619047619
11962 2
11962 2.68047619047619
11962 0.0019047619047619
11962 0.0169047619047619
11962 0.0133333333333333
12085 1.1152380952381
12085 0
12085 3.2597619047619
12085 2.12547619047619
12085 2
12085 2.68047619047619
12085 0.0019047619047619
12085 0.0169047619047619
12085 0.0133333333333333
12084 1.1152380952381
12084 0
12084 3.2597619047619
12084 2.12547619047619
12084 2
12084 2.68047619047619
12084 0.0019047619047619
12084 0.0169047619047619
12084 0.0133333333333333
12204 1.1152380952381
12204 0
12204 3.2597619047619
12204 2.12547619047619
12204 2
12204 2.68047619047619
12204 0.0019047619047619
12204 0.0169047619047619
12204 0.0133333333333333
12202 1.1152380952381
12202 0
12202 3.2597619047619
12202 2.12547619047619
12202 2
12202 2.68047619047619
12202 0.0019047619047619
12202 0.0169047619047619
12202 0.0133333333333333
12332 1.1152380952381
12332 0
12332 3.2597619047619
12332 2.12547619047619
12332 2
12332 2.68047619047619
12332 0.0019047619047619
12332 0.0169047619047619
12332 0.0133333333333333
12331 1.1152380952381
12331 0
12331 3.2597619047619
12331 2.12547619047619
12331 2
12331 2.68047619047619
12331 0.0019047619047619
12331 0.0169047619047619
12331 0.0133333333333333
12330 1.1152380952381
12330 0
12330 3.2597619047619
12330 2.12547619047619
12330 2
12330 2.68047619047619
12330 0.0019047619047619
12330 0.0169047619047619
12330 0.0133333333333333
12329 1.1152380952381
12329 0
12329 3.2597619047619
12329 2.12547619047619
12329 2
12329 2.68047619047619
12329 0.0019047619047619
12329 0.0169047619047619
12329 0.0133333333333333
12325 1.1152380952381
12325 0
12325 3.2597619047619
12325 2.12547619047619
12325 2
12325 2.68047619047619
12325 0.0019047619047619
12325 0.0169047619047619
12325 0.0133333333333333
12463 1.1152380952381
12463 0
12463 3.2597619047619
12463 2.12547619047619
12463 2
12463 2.68047619047619
12463 0.0019047619047619
12463 0.0169047619047619
12463 0.0133333333333333
12462 1.1152380952381
12462 0
12462 3.2597619047619
12462 2.12547619047619
12462 2
12462 2.68047619047619
12462 0.0019047619047619
12462 0.0169047619047619
12462 0.0133333333333333
12460 1.1152380952381
12460 0
12460 3.2597619047619
12460 2.12547619047619
12460 2
12460 2.68047619047619
12460 0.0019047619047619
12460 0.0169047619047619
12460 0.0133333333333333
12459 1.1152380952381
12459 0
12459 3.2597619047619
12459 2.12547619047619
12459 2
12459 2.68047619047619
12459 0.0019047619047619
12459 0.0169047619047619
12459 0.0133333333333333
12456 1.1152380952381
12456 0
12456 3.2597619047619
12456 2.12547619047619
12456 2
12456 2.68047619047619
12456 0.0019047619047619
12456 0.0169047619047619
12456 0.0133333333333333
12598 1.1152380952381
12598 0
12598 3.2597619047619
12598 2.12547619047619
12598 2
12598 2.68047619047619
12598 0.0019047619047619
12598 0.0169047619047619
12598 0.0133333333333333
12594 1.1152380952381
12594 0
12594 3.2597619047619
12594 2.12547619047619
12594 2
12594 2.68047619047619
12594 0.0019047619047619
12594 0.0169047619047619
12594 0.0133333333333333
12592 1.1152380952381
12592 0
12592 3.2597619047619
12592 2.12547619047619
12592 2
12592 2.68047619047619
12592 0.0019047619047619
12592 0.0169047619047619
12592 0.0133333333333333
12591 1.1152380952381
12591 0
12591 3.2597619047619
12591 2.12547619047619
12591 2
12591 2.68047619047619
12591 0.0019047619047619
12591 0.0169047619047619
12591 0.0133333333333333
12589 1.1152380952381
12589 0
12589 3.2597619047619
12589 2.12547619047619
12589 2
12589 2.68047619047619
12589 0.0019047619047619
12589 0.0169047619047619
12589 0.0133333333333333
12587 1.1152380952381
12587 0
12587 3.2597619047619
12587 2.12547619047619
12587 2
12587 2.68047619047619
12587 0.0019047619047619
12587 0.0169047619047619
12587 0.0133333333333333
12720 1.1152380952381
12720 0
12720 3.2597619047619
12720 2.12547619047619
12720 2
12720 2.68047619047619
12720 0.0019047619047619
12720 0.0169047619047619
12720 0.0133333333333333
12719 1.1152380952381
12719 0
12719 3.2597619047619
12719 2.12547619047619
12719 2
12719 2.68047619047619
12719 0.0019047619047619
12719 0.0169047619047619
12719 0.0133333333333333
12717 1.1152380952381
12717 0
12717 3.2597619047619
12717 2.12547619047619
12717 2
12717 2.68047619047619
12717 0.0019047619047619
12717 0.0169047619047619
12717 0.0133333333333333
12716 1.1152380952381
12716 0
12716 3.2597619047619
12716 2.12547619047619
12716 2
12716 2.68047619047619
12716 0.0019047619047619
12716 0.0169047619047619
12716 0.0133333333333333
12715 1.1152380952381
12715 0
12715 3.2597619047619
12715 2.12547619047619
12715 2
12715 2.68047619047619
12715 0.0019047619047619
12715 0.0169047619047619
12715 0.0133333333333333
12711 1.1152380952381
12711 0
12711 3.2597619047619
12711 2.12547619047619
12711 2
12711 2.68047619047619
12711 0.0019047619047619
12711 0.0169047619047619
12711 0.0133333333333333
12710 1.1152380952381
12710 0
12710 3.2597619047619
12710 2.12547619047619
12710 2
12710 2.68047619047619
12710 0.0019047619047619
12710 0.0169047619047619
12710 0.0133333333333333
12699 1.1152380952381
12699 0
12699 3.2597619047619
12699 2.12547619047619
12699 2
12699 2.68047619047619
12699 0.0019047619047619
12699 0.0169047619047619
12699 0.0133333333333333
12697 1.1152380952381
12697 0
12697 3.2597619047619
12697 2.12547619047619
12697 2
12697 2.68047619047619
12697 0.0019047619047619
12697 0.0169047619047619
12697 0.0133333333333333
12838 1.1152380952381
12838 0
12838 3.2597619047619
12838 2.12547619047619
12838 2
12838 2.68047619047619
12838 0.0019047619047619
12838 0.0169047619047619
12838 0.0133333333333333
12837 1.1152380952381
12837 0
12837 3.2597619047619
12837 2.12547619047619
12837 2
12837 2.68047619047619
12837 0.0019047619047619
12837 0.0169047619047619
12837 0.0133333333333333
12835 1.1152380952381
12835 0
12835 3.2597619047619
12835 2.12547619047619
12835 2
12835 2.68047619047619
12835 0.0019047619047619
12835 0.0169047619047619
12835 0.0133333333333333
12834 1.1152380952381
12834 0
12834 3.2597619047619
12834 2.12547619047619
12834 2
12834 2.68047619047619
12834 0.0019047619047619
12834 0.0169047619047619
12834 0.0133333333333333
12833 1.1152380952381
12833 0
12833 3.2597619047619
12833 2.12547619047619
12833 2
12833 2.68047619047619
12833 0.0019047619047619
12833 0.0169047619047619
12833 0.0133333333333333
12832 1.1152380952381
12832 0
12832 3.2597619047619
12832 2.12547619047619
12832 2
12832 2.68047619047619
12832 0.0019047619047619
12832 0.0169047619047619
12832 0.0133333333333333
12829 1.1152380952381
12829 0
12829 3.2597619047619
12829 2.12547619047619
12829 2
12829 2.68047619047619
12829 0.0019047619047619
12829 0.0169047619047619
12829 0.0133333333333333
12819 1.1152380952381
12819 0
12819 3.2597619047619
12819 2.12547619047619
12819 2
12819 2.68047619047619
12819 0.0019047619047619
12819 0.0169047619047619
12819 0.0133333333333333
12957 1.1152380952381
12957 0
12957 3.2597619047619
12957 2.12547619047619
12957 2
12957 2.68047619047619
12957 0.0019047619047619
12957 0.0169047619047619
12957 0.0133333333333333
12956 1.1152380952381
12956 0
12956 3.2597619047619
12956 2.12547619047619
12956 2
12956 2.68047619047619
12956 0.0019047619047619
12956 0.0169047619047619
12956 0.0133333333333333
12953 1.1152380952381
12953 0
12953 3.2597619047619
12953 2.12547619047619
12953 2
12953 2.68047619047619
12953 0.0019047619047619
12953 0.0169047619047619
12953 0.0133333333333333
12952 1.1152380952381
12952 0
12952 3.2597619047619
12952 2.12547619047619
12952 2
12952 2.68047619047619
12952 0.0019047619047619
12952 0.0169047619047619
12952 0.0133333333333333
12940 1.1152380952381
12940 0
12940 3.2597619047619
12940 2.12547619047619
12940 2
12940 2.68047619047619
12940 0.0019047619047619
12940 0.0169047619047619
12940 0.0133333333333333
12939 1.1152380952381
12939 0
12939 3.2597619047619
12939 2.12547619047619
12939 2
12939 2.68047619047619
12939 0.0019047619047619
12939 0.0169047619047619
12939 0.0133333333333333
12938 1.1152380952381
12938 0
12938 3.2597619047619
12938 2.12547619047619
12938 2
12938 2.68047619047619
12938 0.0019047619047619
12938 0.0169047619047619
12938 0.0133333333333333
13068 1.1152380952381
13068 0
13068 3.2597619047619
13068 2.12547619047619
13068 2
13068 2.68047619047619
13068 0.0019047619047619
13068 0.0169047619047619
13068 0.0133333333333333
13066 1.1152380952381
13066 0
13066 3.2597619047619
13066 2.12547619047619
13066 2
13066 2.68047619047619
13066 0.0019047619047619
13066 0.0169047619047619
13066 0.0133333333333333
13065 1.1152380952381
13065 0
13065 3.2597619047619
13065 2.12547619047619
13065 2
13065 2.68047619047619
13065 0.0019047619047619
13065 0.0169047619047619
13065 0.0133333333333333
13063 1.1152380952381
13063 0
13063 3.2597619047619
13063 2.12547619047619
13063 2
13063 2.68047619047619
13063 0.0019047619047619
13063 0.0169047619047619
13063 0.0133333333333333
13062 1.1152380952381
13062 0
13062 3.2597619047619
13062 2.12547619047619
13062 2
13062 2.68047619047619
13062 0.0019047619047619
13062 0.0169047619047619
13062 0.0133333333333333
13061 1.1152380952381
13061 0
13061 3.2597619047619
13061 2.12547619047619
13061 2
13061 2.68047619047619
13061 0.0019047619047619
13061 0.0169047619047619
13061 0.0133333333333333
13058 1.1152380952381
13058 0
13058 3.2597619047619
13058 2.12547619047619
13058 2
13058 2.68047619047619
13058 0.0019047619047619
13058 0.0169047619047619
13058 0.0133333333333333
13054 1.1152380952381
13054 0
13054 3.2597619047619
13054 2.12547619047619
13054 2
13054 2.68047619047619
13054 0.0019047619047619
13054 0.0169047619047619
13054 0.0133333333333333
13171 1.1152380952381
13171 0
13171 3.2597619047619
13171 2.12547619047619
13171 2
13171 2.68047619047619
13171 0.0019047619047619
13171 0.0169047619047619
13171 0.0133333333333333
13170 1.1152380952381
13170 0
13170 3.2597619047619
13170 2.12547619047619
13170 2
13170 2.68047619047619
13170 0.0019047619047619
13170 0.0169047619047619
13170 0.0133333333333333
13169 1.1152380952381
13169 0
13169 3.2597619047619
13169 2.12547619047619
13169 2
13169 2.68047619047619
13169 0.0019047619047619
13169 0.0169047619047619
13169 0.0133333333333333
13165 1.1152380952381
13165 0
13165 3.2597619047619
13165 2.12547619047619
13165 2
13165 2.68047619047619
13165 0.0019047619047619
13165 0.0169047619047619
13165 0.0133333333333333
13164 1.1152380952381
13164 0
13164 3.2597619047619
13164 2.12547619047619
13164 2
13164 2.68047619047619
13164 0.0019047619047619
13164 0.0169047619047619
13164 0.0133333333333333
13263 1.1152380952381
13263 0
13263 3.2597619047619
13263 2.12547619047619
13263 2
13263 2.68047619047619
13263 0.0019047619047619
13263 0.0169047619047619
13263 0.0133333333333333
13259 1.1152380952381
13259 0
13259 3.2597619047619
13259 2.12547619047619
13259 2
13259 2.68047619047619
13259 0.0019047619047619
13259 0.0169047619047619
13259 0.0133333333333333
13352 1.1152380952381
13352 0
13352 3.2597619047619
13352 2.12547619047619
13352 2
13352 2.68047619047619
13352 0.0019047619047619
13352 0.0169047619047619
13352 0.0133333333333333
13350 1.1152380952381
13350 0
13350 3.2597619047619
13350 2.12547619047619
13350 2
13350 2.68047619047619
13350 0.0019047619047619
13350 0.0169047619047619
13350 0.0133333333333333
13349 1.1152380952381
13349 0
13349 3.2597619047619
13349 2.12547619047619
13349 2
13349 2.68047619047619
13349 0.0019047619047619
13349 0.0169047619047619
13349 0.0133333333333333
13348 1.1152380952381
13348 0
13348 3.2597619047619
13348 2.12547619047619
13348 2
13348 2.68047619047619
13348 0.0019047619047619
13348 0.0169047619047619
13348 0.0133333333333333
13347 1.1152380952381
13347 0
13347 3.2597619047619
13347 2.12547619047619
13347 2
13347 2.68047619047619
13347 0.0019047619047619
13347 0.0169047619047619
13347 0.0133333333333333
13432 1.1152380952381
13432 0
13432 3.2597619047619
13432 2.12547619047619
13432 2
13432 2.68047619047619
13432 0.0019047619047619
13432 0.0169047619047619
13432 0.0133333333333333
13431 1.1152380952381
13431 0
13431 3.2597619047619
13431 2.12547619047619
13431 2
13431 2.68047619047619
13431 0.0019047619047619
13431 0.0169047619047619
13431 0.0133333333333333
13430 1.1152380952381
13430 0
13430 3.2597619047619
13430 2.12547619047619
13430 2
13430 2.68047619047619
13430 0.0019047619047619
13430 0.0169047619047619
13430 0.0133333333333333
13429 1.1152380952381
13429 0
13429 3.2597619047619
13429 2.12547619047619
13429 2
13429 2.68047619047619
13429 0.0019047619047619
13429 0.0169047619047619
13429 0.0133333333333333
13428 1.1152380952381
13428 0
13428 3.2597619047619
13428 2.12547619047619
13428 2
13428 2.68047619047619
13428 0.0019047619047619
13428 0.0169047619047619
13428 0.0133333333333333
13427 1.1152380952381
13427 0
13427 3.2597619047619
13427 2.12547619047619
13427 2
13427 2.68047619047619
13427 0.0019047619047619
13427 0.0169047619047619
13427 0.0133333333333333
13426 1.1152380952381
13426 0
13426 3.2597619047619
13426 2.12547619047619
13426 2
13426 2.68047619047619
13426 0.0019047619047619
13426 0.0169047619047619
13426 0.0133333333333333
