pt_graph scale
3412 1.1152380952381
3412 0
3412 3.2597619047619
3412 2.12547619047619
3412 2
3412 2.68047619047619
3412 0.0019047619047619
3412 0.0169047619047619
3412 0.0133333333333333
3493 1.1152380952381
3493 0
3493 3.2597619047619
3493 2.12547619047619
3493 2
3493 2.68047619047619
3493 0.0019047619047619
3493 0.0169047619047619
3493 0.0133333333333333
3571 1.1152380952381
3571 0
3571 3.2597619047619
3571 2.12547619047619
3571 2
3571 2.68047619047619
3571 0.0019047619047619
3571 0.0169047619047619
3571 0.0133333333333333
3651 1.1152380952381
3651 0
3651 3.2597619047619
3651 2.12547619047619
3651 2
3651 2.68047619047619
3651 0.0019047619047619
3651 0.0169047619047619
3651 0.0133333333333333
3650 1.1152380952381
3650 0
3650 3.2597619047619
3650 2.12547619047619
3650 2
3650 2.68047619047619
3650 0.0019047619047619
3650 0.0169047619047619
3650 0.0133333333333333
3649 1.1152380952381
3649 0
3649 3.2597619047619
3649 2.12547619047619
3649 2
3649 2.68047619047619
3649 0.0019047619047619
3649 0.0169047619047619
3649 0.0133333333333333
3644 1.1152380952381
3644 0
3644 3.2597619047619
3644 2.12547619047619
3644 2
3644 2.68047619047619
3644 0.0019047619047619
3644 0.0169047619047619
3644 0.0133333333333333
3728 1.1152380952381
3728 0
3728 3.2597619047619
3728 2.12547619047619
3728 2
3728 2.68047619047619
3728 0.0019047619047619
3728 0.0169047619047619
3728 0.0133333333333333
3726 1.1152380952381
3726 0
3726 3.2597619047619
3726 2.12547619047619
3726 2
3726 2.68047619047619
3726 0.0019047619047619
3726 0.0169047619047619
3726 0.0133333333333333
3725 1.1152380952381
3725 0
3725 3.2597619047619
3725 2.12547619047619
3725 2
3725 2.68047619047619
3725 0.0019047619047619
3725 0.0169047619047619
3725 0.0133333333333333
3806 1.1152380952381
3806 0
3806 3.2597619047619
3806 2.12547619047619
3806 2
3806 2.68047619047619
3806 0.0019047619047619
3806 0.0169047619047619
3806 0.0133333333333333
3805 1.1152380952381
3805 0
3805 3.2597619047619
3805 2.12547619047619
3805 2
3805 2.68047619047619
3805 0.0019047619047619
3805 0.0169047619047619
3805 0.0133333333333333
3802 1.1152380952381
3802 0
3802 3.2597619047619
3802 2.12547619047619
3802 2
3802 2.68047619047619
3802 0.0019047619047619
3802 0.0169047619047619
3802 0.0133333333333333
3800 1.1152380952381
3800 0
3800 3.2597619047619
3800 2.12547619047619
3800 2
3800 2.68047619047619
3800 0.0019047619047619
3800 0.0169047619047619
3800 0.0133333333333333
3797 1.1152380952381
3797 0
3797 3.2597619047619
3797 2.12547619047619
3797 2
3797 2.68047619047619
3797 0.0019047619047619
3797 0.0169047619047619
3797 0.0133333333333333
3882 1.1152380952381
3882 0
3882 3.2597619047619
3882 2.12547619047619
3882 2
3882 2.68047619047619
3882 0.0019047619047619
3882 0.0169047619047619
3882 0.0133333333333333
3878 1.1152380952381
3878 0
3878 3.2597619047619
3878 2.12547619047619
3878 2
3878 2.68047619047619
3878 0.0019047619047619
3878 0.0169047619047619
3878 0.0133333333333333
3872 1.1152380952381
3872 0
3872 3.2597619047619
3872 2.12547619047619
3872 2
3872 2.68047619047619
3872 0.0019047619047619
3872 0.0169047619047619
3872 0.0133333333333333
3870 1.1152380952381
3870 0
3870 3.2597619047619
3870 2.12547619047619
3870 2
3870 2.68047619047619
3870 0.0019047619047619
3870 0.0169047619047619
3870 0.0133333333333333
3871 1.1152380952381
3871 0
3871 3.2597619047619
3871 2.12547619047619
3871 2
3871 2.68047619047619
3871 0.0019047619047619
3871 0.0169047619047619
3871 0.0133333333333333
3951 1.1152380952381
3951 0
3951 3.2597619047619
3951 2.12547619047619
3951 2
3951 2.68047619047619
3951 0.0019047619047619
3951 0.0169047619047619
3951 0.0133333333333333
3949 1.1152380952381
3949 0
3949 3.2597619047619
3949 2.12547619047619
3949 2
3949 2.68047619047619
3949 0.0019047619047619
3949 0.0169047619047619
3949 0.0133333333333333
3946 1.1152380952381
3946 0
3946 3.2597619047619
3946 2.12547619047619
3946 2
3946 2.68047619047619
3946 0.0019047619047619
3946 0.0169047619047619
3946 0.0133333333333333
3943 1.1152380952381
3943 0
3943 3.2597619047619
3943 2.12547619047619
3943 2
3943 2.68047619047619
3943 0.0019047619047619
3943 0.0169047619047619
3943 0.0133333333333333
3942 1.1152380952381
3942 0
3942 3.2597619047619
3942 2.12547619047619
3942 2
3942 2.68047619047619
3942 0.0019047619047619
3942 0.0169047619047619
3942 0.0133333333333333
4022 1.1152380952381
4022 0
4022 3.2597619047619
4022 2.12547619047619
4022 2
4022 2.68047619047619
4022 0.0019047619047619
4022 0.0169047619047619
4022 0.0133333333333333
4019 1.1152380952381
4019 0
4019 3.2597619047619
4019 2.12547619047619
4019 2
4019 2.68047619047619
4019 0.0019047619047619
4019 0.0169047619047619
4019 0.0133333333333333
4018 1.1152380952381
4018 0
4018 3.2597619047619
4018 2.12547619047619
4018 2
4018 2.68047619047619
4018 0.0019047619047619
4018 0.0169047619047619
4018 0.0133333333333333
4017 1.1152380952381
4017 0
4017 3.2597619047619
4017 2.12547619047619
4017 2
4017 2.68047619047619
4017 0.0019047619047619
4017 0.0169047619047619
4017 0.0133333333333333
4016 1.1152380952381
4016 0
4016 3.2597619047619
4016 2.12547619047619
4016 2
4016 2.68047619047619
4016 0.0019047619047619
4016 0.0169047619047619
4016 0.0133333333333333
4014 1.1152380952381
4014 0
4014 3.2597619047619
4014 2.12547619047619
4014 2
4014 2.68047619047619
4014 0.0019047619047619
4014 0.0169047619047619
4014 0.0133333333333333
4013 1.1152380952381
4013 0
4013 3.2597619047619
4013 2.12547619047619
4013 2
4013 2.68047619047619
4013 0.0019047619047619
4013 0.0169047619047619
4013 0.0133333333333333
4012 1.1152380952381
4012 0
4012 3.2597619047619
4012 2.12547619047619
4012 2
4012 2.68047619047619
4012 0.0019047619047619
4012 0.0169047619047619
4012 0.0133333333333333
4010 1.1152380952381
4010 0
4010 3.2597619047619
4010 2.12547619047619
4010 2
4010 2.68047619047619
4010 0.0019047619047619
4010 0.0169047619047619
4010 0.0133333333333333
4086 1.1152380952381
4086 0
4086 3.2597619047619
4086 2.12547619047619
4086 2
4086 2.68047619047619
4086 0.0019047619047619
4086 0.0169047619047619
4086 0.0133333333333333
4085 1.1152380952381
4085 0
4085 3.2597619047619
4085 2.12547619047619
4085 2
4085 2.68047619047619
4085 0.0019047619047619
4085 0.0169047619047619
4085 0.0133333333333333
4084 1.1152380952381
4084 0
4084 3.2597619047619
4084 2.12547619047619
4084 2
4084 2.68047619047619
4084 0.0019047619047619
4084 0.0169047619047619
4084 0.0133333333333333
4082 1.1152380952381
4082 0
4082 3.2597619047619
4082 2.12547619047619
4082 2
4082 2.68047619047619
4082 0.0019047619047619
4082 0.0169047619047619
4082 0.0133333333333333
4081 1.1152380952381
4081 0
4081 3.2597619047619
4081 2.12547619047619
4081 2
4081 2.68047619047619
4081 0.0019047619047619
4081 0.0169047619047619
4081 0.0133333333333333
4080 1.1152380952381
4080 0
4080 3.2597619047619
4080 2.12547619047619
4080 2
4080 2.68047619047619
4080 0.0019047619047619
4080 0.0169047619047619
4080 0.0133333333333333
4078 1.1152380952381
4078 0
4078 3.2597619047619
4078 2.12547619047619
4078 2
4078 2.68047619047619
4078 0.0019047619047619
4078 0.0169047619047619
4078 0.0133333333333333
4076 1.1152380952381
4076 0
4076 3.2597619047619
4076 2.12547619047619
4076 2
4076 2.68047619047619
4076 0.0019047619047619
4076 0.0169047619047619
4076 0.0133333333333333
4077 1.1152380952381
4077 0
4077 3.2597619047619
4077 2.12547619047619
4077 2
4077 2.68047619047619
4077 0.0019047619047619
4077 0.0169047619047619
4077 0.0133333333333333
4075 1.1152380952381
4075 0
4075 3.2597619047619
4075 2.12547619047619
4075 2
4075 2.68047619047619
4075 0.0019047619047619
4075 0.0169047619047619
4075 0.0133333333333333
4073 1.1152380952381
4073 0
4073 3.2597619047619
4073 2.12547619047619
4073 2
4073 2.68047619047619
4073 0.0019047619047619
4073 0.0169047619047619
4073 0.0133333333333333
4074 1.1152380952381
4074 0
4074 3.2597619047619
4074 2.12547619047619
4074 2
4074 2.68047619047619
4074 0.0019047619047619
4074 0.0169047619047619
4074 0.0133333333333333
4150 1.1152380952381
4150 0
4150 3.2597619047619
4150 2.12547619047619
4150 2
4150 2.68047619047619
4150 0.0019047619047619
4150 0.0169047619047619
4150 0.0133333333333333
4149 1.1152380952381
4149 0
4149 3.2597619047619
4149 2.12547619047619
4149 2
4149 2.68047619047619
4149 0.0019047619047619
4149 0.0169047619047619
4149 0.0133333333333333
4146 1.1152380952381
4146 0
4146 3.2597619047619
4146 2.12547619047619
4146 2
4146 2.68047619047619
4146 0.0019047619047619
4146 0.0169047619047619
4146 0.0133333333333333
4145 1.1152380952381
4145 0
4145 3.2597619047619
4145 2.12547619047619
4145 2
4145 2.68047619047619
4145 0.0019047619047619
4145 0.0169047619047619
4145 0.0133333333333333
4143 1.1152380952381
4143 0
4143 3.2597619047619
4143 2.12547619047619
4143 2
4143 2.68047619047619
4143 0.0019047619047619
4143 0.0169047619047619
4143 0.0133333333333333
4144 1.1152380952381
4144 0
4144 3.2597619047619
4144 2.12547619047619
4144 2
4144 2.68047619047619
4144 0.0019047619047619
4144 0.0169047619047619
4144 0.0133333333333333
4142 1.1152380952381
4142 0
4142 3.2597619047619
4142 2.12547619047619
4142 2
4142 2.68047619047619
4142 0.0019047619047619
4142 0.0169047619047619
4142 0.0133333333333333
4140 1.1152380952381
4140 0
4140 3.2597619047619
4140 2.12547619047619
4140 2
4140 2.68047619047619
4140 0.0019047619047619
4140 0.0169047619047619
4140 0.0133333333333333
4141 1.1152380952381
4141 0
4141 3.2597619047619
4141 2.12547619047619
4141 2
4141 2.68047619047619
4141 0.0019047619047619
4141 0.0169047619047619
4141 0.0133333333333333
4210 1.1152380952381
4210 0
4210 3.2597619047619
4210 2.12547619047619
4210 2
4210 2.68047619047619
4210 0.0019047619047619
4210 0.0169047619047619
4210 0.0133333333333333
4208 1.1152380952381
4208 0
4208 3.2597619047619
4208 2.12547619047619
4208 2
4208 2.68047619047619
4208 0.0019047619047619
4208 0.0169047619047619
4208 0.0133333333333333
4207 1.1152380952381
4207 0
4207 3.2597619047619
4207 2.12547619047619
4207 2
4207 2.68047619047619
4207 0.0019047619047619
4207 0.0169047619047619
4207 0.0133333333333333
4206 1.1152380952381
4206 0
4206 3.2597619047619
4206 2.12547619047619
4206 2
4206 2.68047619047619
4206 0.0019047619047619
4206 0.0169047619047619
4206 0.0133333333333333
4204 1.1152380952381
4204 0
4204 3.2597619047619
4204 2.12547619047619
4204 2
4204 2.68047619047619
4204 0.0019047619047619
4204 0.0169047619047619
4204 0.0133333333333333
4205 1.1152380952381
4205 0
4205 3.2597619047619
4205 2.12547619047619
4205 2
4205 2.68047619047619
4205 0.0019047619047619
4205 0.0169047619047619
4205 0.0133333333333333
4203 1.1152380952381
4203 0
4203 3.2597619047619
4203 2.12547619047619
4203 2
4203 2.68047619047619
4203 0.0019047619047619
4203 0.0169047619047619
4203 0.0133333333333333
4272 1.1152380952381
4272 0
4272 3.2597619047619
4272 2.12547619047619
4272 2
4272 2.68047619047619
4272 0.0019047619047619
4272 0.0169047619047619
4272 0.0133333333333333
4271 1.1152380952381
4271 0
4271 3.2597619047619
4271 2.12547619047619
4271 2
4271 2.68047619047619
4271 0.0019047619047619
4271 0.0169047619047619
4271 0.0133333333333333
4269 1.1152380952381
4269 0
4269 3.2597619047619
4269 2.12547619047619
4269 2
4269 2.68047619047619
4269 0.0019047619047619
4269 0.0169047619047619
4269 0.0133333333333333
4266 1.1152380952381
4266 0
4266 3.2597619047619
4266 2.12547619047619
4266 2
4266 2.68047619047619
4266 0.0019047619047619
4266 0.0169047619047619
4266 0.0133333333333333
4264 1.1152380952381
4264 0
4264 3.2597619047619
4264 2.12547619047619
4264 2
4264 2.68047619047619
4264 0.0019047619047619
4264 0.0169047619047619
4264 0.0133333333333333
4265 1.1152380952381
4265 0
4265 3.2597619047619
4265 2.12547619047619
4265 2
4265 2.68047619047619
4265 0.0019047619047619
4265 0.0169047619047619
4265 0.0133333333333333
4325 1.1152380952381
4325 0
4325 3.2597619047619
4325 2.12547619047619
4325 2
4325 2.68047619047619
4325 0.0019047619047619
4325 0.0169047619047619
4325 0.0133333333333333
4324 1.1152380952381
4324 0
4324 3.2597619047619
4324 2.12547619047619
4324 2
4324 2.68047619047619
4324 0.0019047619047619
4324 0.0169047619047619
4324 0.0133333333333333
4323 1.1152380952381
4323 0
4323 3.2597619047619
4323 2.12547619047619
4323 2
4323 2.68047619047619
4323 0.0019047619047619
4323 0.0169047619047619
4323 0.0133333333333333
4322 1.1152380952381
4322 0
4322 3.2597619047619
4322 2.12547619047619
4322 2
4322 2.68047619047619
4322 0.0019047619047619
4322 0.0169047619047619
4322 0.0133333333333333
4320 1.1152380952381
4320 0
4320 3.2597619047619
4320 2.12547619047619
4320 2
4320 2.68047619047619
4320 0.0019047619047619
4320 0.0169047619047619
4320 0.0133333333333333
4377 1.1152380952381
4377 0
4377 3.2597619047619
4377 2.12547619047619
4377 2
4377 2.68047619047619
4377 0.0019047619047619
4377 0.0169047619047619
4377 0.0133333333333333
4375 1.1152380952381
4375 0
4375 3.2597619047619
4375 2.12547619047619
4375 2
4375 2.68047619047619
4375 0.0019047619047619
4375 0.0169047619047619
4375 0.0133333333333333
4422 1.1152380952381
4422 0
4422 3.2597619047619
4422 2.12547619047619
4422 2
4422 2.68047619047619
4422 0.0019047619047619
4422 0.0169047619047619
4422 0.0133333333333333
4420 1.1152380952381
4420 0
4420 3.2597619047619
4420 2.12547619047619
4420 2
4420 2.68047619047619
4420 0.0019047619047619
4420 0.0169047619047619
4420 0.0133333333333333
4416 1.1152380952381
4416 0
4416 3.2597619047619
4416 2.12547619047619
4416 2
4416 2.68047619047619
4416 0.0019047619047619
4416 0.0169047619047619
4416 0.0133333333333333
4464 1.1152380952381
4464 0
4464 3.2597619047619
4464 2.12547619047619
4464 2
4464 2.68047619047619
4464 0.0019047619047619
4464 0.0169047619047619
4464 0.0133333333333333
4462 1.1152380952381
4462 0
4462 3.2597619047619
4462 2.12547619047619
4462 2
4462 2.68047619047619
4462 0.0019047619047619
4462 0.0169047619047619
4462 0.0133333333333333
4461 1.1152380952381
4461 0
4461 3.2597619047619
4461 2.12547619047619
4461 2
4461 2.68047619047619
4461 0.0019047619047619
4461 0.0169047619047619
4461 0.0133333333333333
4510 1.1152380952381
4510 0
4510 3.2597619047619
4510 2.12547619047619
4510 2
4510 2.68047619047619
4510 0.0019047619047619
4510 0.0169047619047619
4510 0.0133333333333333
4508 1.1152380952381
4508 0
4508 3.2597619047619
4508 2.12547619047619
4508 2
4508 2.68047619047619
4508 0.0019047619047619
4508 0.0169047619047619
4508 0.0133333333333333
4504 1.1152380952381
4504 0
4504 3.2597619047619
4504 2.12547619047619
4504 2
4504 2.68047619047619
4504 0.0019047619047619
4504 0.0169047619047619
4504 0.0133333333333333
4566 1.1152380952381
4566 0
4566 3.2597619047619
4566 2.12547619047619
4566 2
4566 2.68047619047619
4566 0.0019047619047619
4566 0.0169047619047619
4566 0.0133333333333333
4565 1.1152380952381
4565 0
4565 3.2597619047619
4565 2.12547619047619
4565 2
4565 2.68047619047619
4565 0.0019047619047619
4565 0.0169047619047619
4565 0.0133333333333333
4549 1.1152380952381
4549 0
4549 3.2597619047619
4549 2.12547619047619
4549 2
4549 2.68047619047619
4549 0.0019047619047619
4549 0.0169047619047619
4549 0.0133333333333333
4547 1.1152380952381
4547 0
4547 3.2597619047619
4547 2.12547619047619
4547 2
4547 2.68047619047619
4547 0.0019047619047619
4547 0.0169047619047619
4547 0.0133333333333333
4545 1.1152380952381
4545 0
4545 3.2597619047619
4545 2.12547619047619
4545 2
4545 2.68047619047619
4545 0.0019047619047619
4545 0.0169047619047619
4545 0.0133333333333333
4546 1.1152380952381
4546 0
4546 3.2597619047619
4546 2.12547619047619
4546 2
4546 2.68047619047619
4546 0.0019047619047619
4546 0.0169047619047619
4546 0.0133333333333333
4593 1.1152380952381
4593 0
4593 3.2597619047619
4593 2.12547619047619
4593 2
4593 2.68047619047619
4593 0.0019047619047619
4593 0.0169047619047619
4593 0.0133333333333333
4592 1.1152380952381
4592 0
4592 3.2597619047619
4592 2.12547619047619
4592 2
4592 2.68047619047619
4592 0.0019047619047619
4592 0.0169047619047619
4592 0.0133333333333333
4649 1.1152380952381
4649 0
4649 3.2597619047619
4649 2.12547619047619
4649 2
4649 2.68047619047619
4649 0.0019047619047619
4649 0.0169047619047619
4649 0.0133333333333333
4636 1.1152380952381
4636 0
4636 3.2597619047619
4636 2.12547619047619
4636 2
4636 2.68047619047619
4636 0.0019047619047619
4636 0.0169047619047619
4636 0.0133333333333333
4634 1.1152380952381
4634 0
4634 3.2597619047619
4634 2.12547619047619
4634 2
4634 2.68047619047619
4634 0.0019047619047619
4634 0.0169047619047619
4634 0.0133333333333333
4690 1.1152380952381
4690 0
4690 3.2597619047619
4690 2.12547619047619
4690 2
4690 2.68047619047619
4690 0.0019047619047619
4690 0.0169047619047619
4690 0.0133333333333333
4680 1.1152380952381
4680 0
4680 3.2597619047619
4680 2.12547619047619
4680 2
4680 2.68047619047619
4680 0.0019047619047619
4680 0.0169047619047619
4680 0.0133333333333333
4679 1.1152380952381
4679 0
4679 3.2597619047619
4679 2.12547619047619
4679 2
4679 2.68047619047619
4679 0.0019047619047619
4679 0.0169047619047619
4679 0.0133333333333333
4675 1.1152380952381
4675 0
4675 3.2597619047619
4675 2.12547619047619
4675 2
4675 2.68047619047619
4675 0.0019047619047619
4675 0.0169047619047619
4675 0.0133333333333333
4674 1.1152380952381
4674 0
4674 3.2597619047619
4674 2.12547619047619
4674 2
4674 2.68047619047619
4674 0.0019047619047619
4674 0.0169047619047619
4674 0.0133333333333333
4720 1.1152380952381
4720 0
4720 3.2597619047619
4720 2.12547619047619
4720 2
4720 2.68047619047619
4720 0.0019047619047619
4720 0.0169047619047619
4720 0.0133333333333333
4719 1.1152380952381
4719 0
4719 3.2597619047619
4719 2.12547619047619
4719 2
4719 2.68047619047619
4719 0.0019047619047619
4719 0.0169047619047619
4719 0.0133333333333333
4717 1.1152380952381
4717 0
4717 3.2597619047619
4717 2.12547619047619
4717 2
4717 2.68047619047619
4717 0.0019047619047619
4717 0.0169047619047619
4717 0.0133333333333333
4716 1.1152380952381
4716 0
4716 3.2597619047619
4716 2.12547619047619
4716 2
4716 2.68047619047619
4716 0.0019047619047619
4716 0.0169047619047619
4716 0.0133333333333333
4768 1.1152380952381
4768 0
4768 3.2597619047619
4768 2.12547619047619
4768 2
4768 2.68047619047619
4768 0.0019047619047619
4768 0.0169047619047619
4768 0.0133333333333333
4767 1.1152380952381
4767 0
4767 3.2597619047619
4767 2.12547619047619
4767 2
4767 2.68047619047619
4767 0.0019047619047619
4767 0.0169047619047619
4767 0.0133333333333333
4766 1.1152380952381
4766 0
4766 3.2597619047619
4766 2.12547619047619
4766 2
4766 2.68047619047619
4766 0.0019047619047619
4766 0.0169047619047619
4766 0.0133333333333333
4759 1.1152380952381
4759 0
4759 3.2597619047619
4759 2.12547619047619
4759 2
4759 2.68047619047619
4759 0.0019047619047619
4759 0.0169047619047619
4759 0.0133333333333333
4758 1.1152380952381
4758 0
4758 3.2597619047619
4758 2.12547619047619
4758 2
4758 2.68047619047619
4758 0.0019047619047619
4758 0.0169047619047619
4758 0.0133333333333333
4757 1.1152380952381
4757 0
4757 3.2597619047619
4757 2.12547619047619
4757 2
4757 2.68047619047619
4757 0.0019047619047619
4757 0.0169047619047619
4757 0.0133333333333333
4755 1.1152380952381
4755 0
4755 3.2597619047619
4755 2.12547619047619
4755 2
4755 2.68047619047619
4755 0.0019047619047619
4755 0.0169047619047619
4755 0.0133333333333333
4753 1.1152380952381
4753 0
4753 3.2597619047619
4753 2.12547619047619
4753 2
4753 2.68047619047619
4753 0.0019047619047619
4753 0.0169047619047619
4753 0.0133333333333333
4808 1.1152380952381
4808 0
4808 3.2597619047619
4808 2.12547619047619
4808 2
4808 2.68047619047619
4808 0.0019047619047619
4808 0.0169047619047619
4808 0.0133333333333333
4806 1.1152380952381
4806 0
4806 3.2597619047619
4806 2.12547619047619
4806 2
4806 2.68047619047619
4806 0.0019047619047619
4806 0.0169047619047619
4806 0.0133333333333333
4803 1.1152380952381
4803 0
4803 3.2597619047619
4803 2.12547619047619
4803 2
4803 2.68047619047619
4803 0.0019047619047619
4803 0.0169047619047619
4803 0.0133333333333333
4801 1.1152380952381
4801 0
4801 3.2597619047619
4801 2.12547619047619
4801 2
4801 2.68047619047619
4801 0.0019047619047619
4801 0.0169047619047619
4801 0.0133333333333333
4799 1.1152380952381
4799 0
4799 3.2597619047619
4799 2.12547619047619
4799 2
4799 2.68047619047619
4799 0.0019047619047619
4799 0.0169047619047619
4799 0.0133333333333333
4798 1.1152380952381
4798 0
4798 3.2597619047619
4798 2.12547619047619
4798 2
4798 2.68047619047619
4798 0.0019047619047619
4798 0.0169047619047619
4798 0.0133333333333333
4797 1.1152380952381
4797 0
4797 3.2597619047619
4797 2.12547619047619
4797 2
4797 2.68047619047619
4797 0.0019047619047619
4797 0.0169047619047619
4797 0.0133333333333333
4795 1.1152380952381
4795 0
4795 3.2597619047619
4795 2.12547619047619
4795 2
4795 2.68047619047619
4795 0.0019047619047619
4795 0.0169047619047619
4795 0.0133333333333333
4794 1.1152380952381
4794 0
4794 3.2597619047619
4794 2.12547619047619
4794 2
4794 2.68047619047619
4794 0.0019047619047619
4794 0.0169047619047619
4794 0.0133333333333333
4793 1.1152380952381
4793 0
4793 3.2597619047619
4793 2.12547619047619
4793 2
4793 2.68047619047619
4793 0.0019047619047619
4793 0.0169047619047619
4793 0.0133333333333333
4845 1.1152380952381
4845 0
4845 3.2597619047619
4845 2.12547619047619
4845 2
4845 2.68047619047619
4845 0.0019047619047619
4845 0.0169047619047619
4845 0.0133333333333333
4841 1.1152380952381
4841 0
4841 3.2597619047619
4841 2.12547619047619
4841 2
4841 2.68047619047619
4841 0.0019047619047619
4841 0.0169047619047619
4841 0.0133333333333333
4839 1.1152380952381
4839 0
4839 3.2597619047619
4839 2.12547619047619
4839 2
4839 2.68047619047619
4839 0.0019047619047619
4839 0.0169047619047619
4839 0.0133333333333333
4838 1.1152380952381
4838 0
4838 3.2597619047619
4838 2.12547619047619
4838 2
4838 2.68047619047619
4838 0.0019047619047619
4838 0.0169047619047619
4838 0.0133333333333333
4837 1.1152380952381
4837 0
4837 3.2597619047619
4837 2.12547619047619
4837 2
4837 2.68047619047619
4837 0.0019047619047619
4837 0.0169047619047619
4837 0.0133333333333333
4836 1.1152380952381
4836 0
4836 3.2597619047619
4836 2.12547619047619
4836 2
4836 2.68047619047619
4836 0.0019047619047619
4836 0.0169047619047619
4836 0.0133333333333333
4834 1.1152380952381
4834 0
4834 3.2597619047619
4834 2.12547619047619
4834 2
4834 2.68047619047619
4834 0.0019047619047619
4834 0.0169047619047619
4834 0.0133333333333333
4835 1.1152380952381
4835 0
4835 3.2597619047619
4835 2.12547619047619
4835 2
4835 2.68047619047619
4835 0.0019047619047619
4835 0.0169047619047619
4835 0.0133333333333333
4832 1.1152380952381
4832 0
4832 3.2597619047619
4832 2.12547619047619
4832 2
4832 2.68047619047619
4832 0.0019047619047619
4832 0.0169047619047619
4832 0.0133333333333333
4887 1.1152380952381
4887 0
4887 3.2597619047619
4887 2.12547619047619
4887 2
4887 2.68047619047619
4887 0.0019047619047619
4887 0.0169047619047619
4887 0.0133333333333333
4885 1.1152380952381
4885 0
4885 3.2597619047619
4885 2.12547619047619
4885 2
4885 2.68047619047619
4885 0.0019047619047619
4885 0.0169047619047619
4885 0.0133333333333333
4884 1.1152380952381
4884 0
4884 3.2597619047619
4884 2.12547619047619
4884 2
4884 2.68047619047619
4884 0.0019047619047619
4884 0.0169047619047619
4884 0.0133333333333333
4883 1.1152380952381
4883 0
4883 3.2597619047619
4883 2.12547619047619
4883 2
4883 2.68047619047619
4883 0.0019047619047619
4883 0.0169047619047619
4883 0.0133333333333333
4882 1.1152380952381
4882 0
4882 3.2597619047619
4882 2.12547619047619
4882 2
4882 2.68047619047619
4882 0.0019047619047619
4882 0.0169047619047619
4882 0.0133333333333333
4879 1.1152380952381
4879 0
4879 3.2597619047619
4879 2.12547619047619
4879 2
4879 2.68047619047619
4879 0.0019047619047619
4879 0.0169047619047619
4879 0.0133333333333333
4878 1.1152380952381
4878 0
4878 3.2597619047619
4878 2.12547619047619
4878 2
4878 2.68047619047619
4878 0.0019047619047619
4878 0.0169047619047619
4878 0.0133333333333333
4877 1.1152380952381
4877 0
4877 3.2597619047619
4877 2.12547619047619
4877 2
4877 2.68047619047619
4877 0.0019047619047619
4877 0.0169047619047619
4877 0.0133333333333333
4876 1.1152380952381
4876 0
4876 3.2597619047619
4876 2.12547619047619
4876 2
4876 2.68047619047619
4876 0.0019047619047619
4876 0.0169047619047619
4876 0.0133333333333333
4875 1.1152380952381
4875 0
4875 3.2597619047619
4875 2.12547619047619
4875 2
4875 2.68047619047619
4875 0.0019047619047619
4875 0.0169047619047619
4875 0.0133333333333333
4873 1.1152380952381
4873 0
4873 3.2597619047619
4873 2.12547619047619
4873 2
4873 2.68047619047619
4873 0.0019047619047619
4873 0.0169047619047619
4873 0.0133333333333333
4874 1.1152380952381
4874 0
4874 3.2597619047619
4874 2.12547619047619
4874 2
4874 2.68047619047619
4874 0.0019047619047619
4874 0.0169047619047619
4874 0.0133333333333333
4932 1.1152380952381
4932 0
4932 3.2597619047619
4932 2.12547619047619
4932 2
4932 2.68047619047619
4932 0.0019047619047619
4932 0.0169047619047619
4932 0.0133333333333333
4930 1.1152380952381
4930 0
4930 3.2597619047619
4930 2.12547619047619
4930 2
4930 2.68047619047619
4930 0.0019047619047619
4930 0.0169047619047619
4930 0.0133333333333333
4925 1.1152380952381
4925 0
4925 3.2597619047619
4925 2.12547619047619
4925 2
4925 2.68047619047619
4925 0.0019047619047619
4925 0.0169047619047619
4925 0.0133333333333333
4924 1.1152380952381
4924 0
4924 3.2597619047619
4924 2.12547619047619
4924 2
4924 2.68047619047619
4924 0.0019047619047619
4924 0.0169047619047619
4924 0.0133333333333333
4923 1.1152380952381
4923 0
4923 3.2597619047619
4923 2.12547619047619
4923 2
4923 2.68047619047619
4923 0.0019047619047619
4923 0.0169047619047619
4923 0.0133333333333333
4922 1.1152380952381
4922 0
4922 3.2597619047619
4922 2.12547619047619
4922 2
4922 2.68047619047619
4922 0.0019047619047619
4922 0.0169047619047619
4922 0.0133333333333333
4921 1.1152380952381
4921 0
4921 3.2597619047619
4921 2.12547619047619
4921 2
4921 2.68047619047619
4921 0.0019047619047619
4921 0.0169047619047619
4921 0.0133333333333333
4918 1.1152380952381
4918 0
4918 3.2597619047619
4918 2.12547619047619
4918 2
4918 2.68047619047619
4918 0.0019047619047619
4918 0.0169047619047619
4918 0.0133333333333333
4919 1.1152380952381
4919 0
4919 3.2597619047619
4919 2.12547619047619
4919 2
4919 2.68047619047619
4919 0.0019047619047619
4919 0.0169047619047619
4919 0.0133333333333333
4984 1.1152380952381
4984 0
4984 3.2597619047619
4984 2.12547619047619
4984 2
4984 2.68047619047619
4984 0.0019047619047619
4984 0.0169047619047619
4984 0.0133333333333333
4983 1.1152380952381
4983 0
4983 3.2597619047619
4983 2.12547619047619
4983 2
4983 2.68047619047619
4983 0.0019047619047619
4983 0.0169047619047619
4983 0.0133333333333333
4982 1.1152380952381
4982 0
4982 3.2597619047619
4982 2.12547619047619
4982 2
4982 2.68047619047619
4982 0.0019047619047619
4982 0.0169047619047619
4982 0.0133333333333333
4981 1.1152380952381
4981 0
4981 3.2597619047619
4981 2.12547619047619
4981 2
4981 2.68047619047619
4981 0.0019047619047619
4981 0.0169047619047619
4981 0.0133333333333333
4980 1.1152380952381
4980 0
4980 3.2597619047619
4980 2.12547619047619
4980 2
4980 2.68047619047619
4980 0.0019047619047619
4980 0.0169047619047619
4980 0.0133333333333333
4978 1.1152380952381
4978 0
4978 3.2597619047619
4978 2.12547619047619
4978 2
4978 2.68047619047619
4978 0.0019047619047619
4978 0.0169047619047619
4978 0.0133333333333333
4977 1.1152380952381
4977 0
4977 3.2597619047619
4977 2.12547619047619
4977 2
4977 2.68047619047619
4977 0.0019047619047619
4977 0.0169047619047619
4977 0.0133333333333333
4976 1.1152380952381
4976 0
4976 3.2597619047619
4976 2.12547619047619
4976 2
4976 2.68047619047619
4976 0.0019047619047619
4976 0.0169047619047619
4976 0.0133333333333333
4974 1.1152380952381
4974 0
4974 3.2597619047619
4974 2.12547619047619
4974 2
4974 2.68047619047619
4974 0.0019047619047619
4974 0.0169047619047619
4974 0.0133333333333333
4975 1.1152380952381
4975 0
4975 3.2597619047619
4975 2.12547619047619
4975 2
4975 2.68047619047619
4975 0.0019047619047619
4975 0.0169047619047619
4975 0.0133333333333333
4973 1.1152380952381
4973 0
4973 3.2597619047619
4973 2.12547619047619
4973 2
4973 2.68047619047619
4973 0.0019047619047619
4973 0.0169047619047619
4973 0.0133333333333333
4972 1.1152380952381
4972 0
4972 3.2597619047619
4972 2.12547619047619
4972 2
4972 2.68047619047619
4972 0.0019047619047619
4972 0.0169047619047619
4972 0.0133333333333333
4971 1.1152380952381
4971 0
4971 3.2597619047619
4971 2.12547619047619
4971 2
4971 2.68047619047619
4971 0.0019047619047619
4971 0.0169047619047619
4971 0.0133333333333333
5040 1.1152380952381
5040 0
5040 3.2597619047619
5040 2.12547619047619
5040 2
5040 2.68047619047619
5040 0.0019047619047619
5040 0.0169047619047619
5040 0.0133333333333333
5039 1.1152380952381
5039 0
5039 3.2597619047619
5039 2.12547619047619
5039 2
5039 2.68047619047619
5039 0.0019047619047619
5039 0.0169047619047619
5039 0.0133333333333333
5036 1.1152380952381
5036 0
5036 3.2597619047619
5036 2.12547619047619
5036 2
5036 2.68047619047619
5036 0.0019047619047619
5036 0.0169047619047619
5036 0.0133333333333333
5034 1.1152380952381
5034 0
5034 3.2597619047619
5034 2.12547619047619
5034 2
5034 2.68047619047619
5034 0.0019047619047619
5034 0.0169047619047619
5034 0.0133333333333333
5033 1.1152380952381
5033 0
5033 3.2597619047619
5033 2.12547619047619
5033 2
5033 2.68047619047619
5033 0.0019047619047619
5033 0.0169047619047619
5033 0.0133333333333333
5032 1.1152380952381
5032 0
5032 3.2597619047619
5032 2.12547619047619
5032 2
5032 2.68047619047619
5032 0.0019047619047619
5032 0.0169047619047619
5032 0.0133333333333333
5031 1.1152380952381
5031 0
5031 3.2597619047619
5031 2.12547619047619
5031 2
5031 2.68047619047619
5031 0.0019047619047619
5031 0.0169047619047619
5031 0.0133333333333333
5030 1.1152380952381
5030 0
5030 3.2597619047619
5030 2.12547619047619
5030 2
5030 2.68047619047619
5030 0.0019047619047619
5030 0.0169047619047619
5030 0.0133333333333333
5029 1.1152380952381
5029 0
5029 3.2597619047619
5029 2.12547619047619
5029 2
5029 2.68047619047619
5029 0.0019047619047619
5029 0.0169047619047619
5029 0.0133333333333333
5028 1.1152380952381
5028 0
5028 3.2597619047619
5028 2.12547619047619
5028 2
5028 2.68047619047619
5028 0.0019047619047619
5028 0.0169047619047619
5028 0.0133333333333333
5027 1.1152380952381
5027 0
5027 3.2597619047619
5027 2.12547619047619
5027 2
5027 2.68047619047619
5027 0.0019047619047619
5027 0.0169047619047619
5027 0.0133333333333333
5097 1.1152380952381
5097 0
5097 3.2597619047619
5097 2.12547619047619
5097 2
5097 2.68047619047619
5097 0.0019047619047619
5097 0.0169047619047619
5097 0.0133333333333333
5096 1.1152380952381
5096 0
5096 3.2597619047619
5096 2.12547619047619
5096 2
5096 2.68047619047619
5096 0.0019047619047619
5096 0.0169047619047619
5096 0.0133333333333333
5095 1.1152380952381
5095 0
5095 3.2597619047619
5095 2.12547619047619
5095 2
5095 2.68047619047619
5095 0.0019047619047619
5095 0.0169047619047619
5095 0.0133333333333333
5094 1.1152380952381
5094 0
5094 3.2597619047619
5094 2.12547619047619
5094 2
5094 2.68047619047619
5094 0.0019047619047619
5094 0.0169047619047619
5094 0.0133333333333333
5093 1.1152380952381
5093 0
5093 3.2597619047619
5093 2.12547619047619
5093 2
5093 2.68047619047619
5093 0.0019047619047619
5093 0.0169047619047619
5093 0.0133333333333333
5092 1.1152380952381
5092 0
5092 3.2597619047619
5092 2.12547619047619
5092 2
5092 2.68047619047619
5092 0.0019047619047619
5092 0.0169047619047619
5092 0.0133333333333333
5091 1.1152380952381
5091 0
5091 3.2597619047619
5091 2.12547619047619
5091 2
5091 2.68047619047619
5091 0.0019047619047619
5091 0.0169047619047619
5091 0.0133333333333333
5090 1.1152380952381
5090 0
5090 3.2597619047619
5090 2.12547619047619
5090 2
5090 2.68047619047619
5090 0.0019047619047619
5090 0.0169047619047619
5090 0.0133333333333333
5089 1.1152380952381
5089 0
5089 3.2597619047619
5089 2.12547619047619
5089 2
5089 2.68047619047619
5089 0.0019047619047619
5089 0.0169047619047619
5089 0.0133333333333333
5085 1.1152380952381
5085 0
5085 3.2597619047619
5085 2.12547619047619
5085 2
5085 2.68047619047619
5085 0.0019047619047619
5085 0.0169047619047619
5085 0.0133333333333333
5086 1.1152380952381
5086 0
5086 3.2597619047619
5086 2.12547619047619
5086 2
5086 2.68047619047619
5086 0.0019047619047619
5086 0.0169047619047619
5086 0.0133333333333333
5152 1.1152380952381
5152 0
5152 3.2597619047619
5152 2.12547619047619
5152 2
5152 2.68047619047619
5152 0.0019047619047619
5152 0.0169047619047619
5152 0.0133333333333333
5151 1.1152380952381
5151 0
5151 3.2597619047619
5151 2.12547619047619
5151 2
5151 2.68047619047619
5151 0.0019047619047619
5151 0.0169047619047619
5151 0.0133333333333333
5150 1.1152380952381
5150 0
5150 3.2597619047619
5150 2.12547619047619
5150 2
5150 2.68047619047619
5150 0.0019047619047619
5150 0.0169047619047619
5150 0.0133333333333333
5149 1.1152380952381
5149 0
5149 3.2597619047619
5149 2.12547619047619
5149 2
5149 2.68047619047619
5149 0.0019047619047619
5149 0.0169047619047619
5149 0.0133333333333333
5148 1.1152380952381
5148 0
5148 3.2597619047619
5148 2.12547619047619
5148 2
5148 2.68047619047619
5148 0.0019047619047619
5148 0.0169047619047619
5148 0.0133333333333333
5147 1.1152380952381
5147 0
5147 3.2597619047619
5147 2.12547619047619
5147 2
5147 2.68047619047619
5147 0.0019047619047619
5147 0.0169047619047619
5147 0.0133333333333333
5144 1.1152380952381
5144 0
5144 3.2597619047619
5144 2.12547619047619
5144 2
5144 2.68047619047619
5144 0.0019047619047619
5144 0.0169047619047619
5144 0.0133333333333333
5145 1.1152380952381
5145 0
5145 3.2597619047619
5145 2.12547619047619
5145 2
5145 2.68047619047619
5145 0.0019047619047619
5145 0.0169047619047619
5145 0.0133333333333333
19516 1.1152380952381
19516 0
19516 3.2597619047619
19516 2.12547619047619
19516 2
19516 2.68047619047619
19516 0.0019047619047619
19516 0.0169047619047619
19516 0.0133333333333333
5199 1.1152380952381
5199 0
5199 3.2597619047619
5199 2.12547619047619
5199 2
5199 2.68047619047619
5199 0.0019047619047619
5199 0.0169047619047619
5199 0.0133333333333333
5200 1.1152380952381
5200 0
5200 3.2597619047619
5200 2.12547619047619
5200 2
5200 2.68047619047619
5200 0.0019047619047619
5200 0.0169047619047619
5200 0.0133333333333333
5198 1.1152380952381
5198 0
5198 3.2597619047619
5198 2.12547619047619
5198 2
5198 2.68047619047619
5198 0.0019047619047619
5198 0.0169047619047619
5198 0.0133333333333333
5248 1.1152380952381
5248 0
5248 3.2597619047619
5248 2.12547619047619
5248 2
5248 2.68047619047619
5248 0.0019047619047619
5248 0.0169047619047619
5248 0.0133333333333333
5249 1.1152380952381
5249 0
5249 3.2597619047619
5249 2.12547619047619
5249 2
5249 2.68047619047619
5249 0.0019047619047619
5249 0.0169047619047619
5249 0.0133333333333333
5246 1.1152380952381
5246 0
5246 3.2597619047619
5246 2.12547619047619
5246 2
5246 2.68047619047619
5246 0.0019047619047619
5246 0.0169047619047619
5246 0.0133333333333333
5247 1.1152380952381
5247 0
5247 3.2597619047619
5247 2.12547619047619
5247 2
5247 2.68047619047619
5247 0.0019047619047619
5247 0.0169047619047619
5247 0.0133333333333333
5297 1.1152380952381
5297 0
5297 3.2597619047619
5297 2.12547619047619
5297 2
5297 2.68047619047619
5297 0.0019047619047619
5297 0.0169047619047619
5297 0.0133333333333333
5345 1.1152380952381
5345 0
5345 3.2597619047619
5345 2.12547619047619
5345 2
5345 2.68047619047619
5345 0.0019047619047619
5345 0.0169047619047619
5345 0.0133333333333333
5346 1.1152380952381
5346 0
5346 3.2597619047619
5346 2.12547619047619
5346 2
5346 2.68047619047619
5346 0.0019047619047619
5346 0.0169047619047619
5346 0.0133333333333333
5396 1.1152380952381
5396 0
5396 3.2597619047619
5396 2.12547619047619
5396 2
5396 2.68047619047619
5396 0.0019047619047619
5396 0.0169047619047619
5396 0.0133333333333333
5393 1.1152380952381
5393 0
5393 3.2597619047619
5393 2.12547619047619
5393 2
5393 2.68047619047619
5393 0.0019047619047619
5393 0.0169047619047619
5393 0.0133333333333333
5447 1.1152380952381
5447 0
5447 3.2597619047619
5447 2.12547619047619
5447 2
5447 2.68047619047619
5447 0.0019047619047619
5447 0.0169047619047619
5447 0.0133333333333333
5444 1.1152380952381
5444 0
5444 3.2597619047619
5444 2.12547619047619
5444 2
5444 2.68047619047619
5444 0.0019047619047619
5444 0.0169047619047619
5444 0.0133333333333333
5442 1.1152380952381
5442 0
5442 3.2597619047619
5442 2.12547619047619
5442 2
5442 2.68047619047619
5442 0.0019047619047619
5442 0.0169047619047619
5442 0.0133333333333333
5496 1.1152380952381
5496 0
5496 3.2597619047619
5496 2.12547619047619
5496 2
5496 2.68047619047619
5496 0.0019047619047619
5496 0.0169047619047619
5496 0.0133333333333333
5497 1.1152380952381
5497 0
5497 3.2597619047619
5497 2.12547619047619
5497 2
5497 2.68047619047619
5497 0.0019047619047619
5497 0.0169047619047619
5497 0.0133333333333333
5549 1.1152380952381
5549 0
5549 3.2597619047619
5549 2.12547619047619
5549 2
5549 2.68047619047619
5549 0.0019047619047619
5549 0.0169047619047619
5549 0.0133333333333333
5548 1.1152380952381
5548 0
5548 3.2597619047619
5548 2.12547619047619
5548 2
5548 2.68047619047619
5548 0.0019047619047619
5548 0.0169047619047619
5548 0.0133333333333333
5601 1.1152380952381
5601 0
5601 3.2597619047619
5601 2.12547619047619
5601 2
5601 2.68047619047619
5601 0.0019047619047619
5601 0.0169047619047619
5601 0.0133333333333333
5652 1.1152380952381
5652 0
5652 3.2597619047619
5652 2.12547619047619
5652 2
5652 2.68047619047619
5652 0.0019047619047619
5652 0.0169047619047619
5652 0.0133333333333333
5653 1.1152380952381
5653 0
5653 3.2597619047619
5653 2.12547619047619
5653 2
5653 2.68047619047619
5653 0.0019047619047619
5653 0.0169047619047619
5653 0.0133333333333333
5704 1.1152380952381
5704 0
5704 3.2597619047619
5704 2.12547619047619
5704 2
5704 2.68047619047619
5704 0.0019047619047619
5704 0.0169047619047619
5704 0.0133333333333333
5705 1.1152380952381
5705 0
5705 3.2597619047619
5705 2.12547619047619
5705 2
5705 2.68047619047619
5705 0.0019047619047619
5705 0.0169047619047619
5705 0.0133333333333333
5810 1.1152380952381
5810 0
5810 3.2597619047619
5810 2.12547619047619
5810 2
5810 2.68047619047619
5810 0.0019047619047619
5810 0.0169047619047619
5810 0.0133333333333333
5864 1.1152380952381
5864 0
5864 3.2597619047619
5864 2.12547619047619
5864 2
5864 2.68047619047619
5864 0.0019047619047619
5864 0.0169047619047619
5864 0.0133333333333333
5917 1.1152380952381
5917 0
5917 3.2597619047619
5917 2.12547619047619
5917 2
5917 2.68047619047619
5917 0.0019047619047619
5917 0.0169047619047619
5917 0.0133333333333333
5972 1.1152380952381
5972 0
5972 3.2597619047619
5972 2.12547619047619
5972 2
5972 2.68047619047619
5972 0.0019047619047619
5972 0.0169047619047619
5972 0.0133333333333333
5973 1.1152380952381
5973 0
5973 3.2597619047619
5973 2.12547619047619
5973 2
5973 2.68047619047619
5973 0.0019047619047619
5973 0.0169047619047619
5973 0.0133333333333333
6029 1.1152380952381
6029 0
6029 3.2597619047619
6029 2.12547619047619
6029 2
6029 2.68047619047619
6029 0.0019047619047619
6029 0.0169047619047619
6029 0.0133333333333333
6085 1.1152380952381
6085 0
6085 3.2597619047619
6085 2.12547619047619
6085 2
6085 2.68047619047619
6085 0.0019047619047619
6085 0.0169047619047619
6085 0.0133333333333333
6142 1.1152380952381
6142 0
6142 3.2597619047619
6142 2.12547619047619
6142 2
6142 2.68047619047619
6142 0.0019047619047619
6142 0.0169047619047619
6142 0.0133333333333333
6204 1.1152380952381
6204 0
6204 3.2597619047619
6204 2.12547619047619
6204 2
6204 2.68047619047619
6204 0.0019047619047619
6204 0.0169047619047619
6204 0.0133333333333333
6203 1.1152380952381
6203 0
6203 3.2597619047619
6203 2.12547619047619
6203 2
6203 2.68047619047619
6203 0.0019047619047619
6203 0.0169047619047619
6203 0.0133333333333333
6263 1.1152380952381
6263 0
6263 3.2597619047619
6263 2.12547619047619
6263 2
6263 2.68047619047619
6263 0.0019047619047619
6263 0.0169047619047619
6263 0.0133333333333333
6264 1.1152380952381
6264 0
6264 3.2597619047619
6264 2.12547619047619
6264 2
6264 2.68047619047619
6264 0.0019047619047619
6264 0.0169047619047619
6264 0.0133333333333333
6260 1.1152380952381
6260 0
6260 3.2597619047619
6260 2.12547619047619
6260 2
6260 2.68047619047619
6260 0.0019047619047619
6260 0.0169047619047619
6260 0.0133333333333333
6324 1.1152380952381
6324 0
6324 3.2597619047619
6324 2.12547619047619
6324 2
6324 2.68047619047619
6324 0.0019047619047619
6324 0.0169047619047619
6324 0.0133333333333333
6322 1.1152380952381
6322 0
6322 3.2597619047619
6322 2.12547619047619
6322 2
6322 2.68047619047619
6322 0.0019047619047619
6322 0.0169047619047619
6322 0.0133333333333333
6323 1.1152380952381
6323 0
6323 3.2597619047619
6323 2.12547619047619
6323 2
6323 2.68047619047619
6323 0.0019047619047619
6323 0.0169047619047619
6323 0.0133333333333333
6384 1.1152380952381
6384 0
6384 3.2597619047619
6384 2.12547619047619
6384 2
6384 2.68047619047619
6384 0.0019047619047619
6384 0.0169047619047619
6384 0.0133333333333333
6383 1.1152380952381
6383 0
6383 3.2597619047619
6383 2.12547619047619
6383 2
6383 2.68047619047619
6383 0.0019047619047619
6383 0.0169047619047619
6383 0.0133333333333333
6444 1.1152380952381
6444 0
6444 3.2597619047619
6444 2.12547619047619
6444 2
6444 2.68047619047619
6444 0.0019047619047619
6444 0.0169047619047619
6444 0.0133333333333333
6445 1.1152380952381
6445 0
6445 3.2597619047619
6445 2.12547619047619
6445 2
6445 2.68047619047619
6445 0.0019047619047619
6445 0.0169047619047619
6445 0.0133333333333333
6507 1.1152380952381
6507 0
6507 3.2597619047619
6507 2.12547619047619
6507 2
6507 2.68047619047619
6507 0.0019047619047619
6507 0.0169047619047619
6507 0.0133333333333333
6503 1.1152380952381
6503 0
6503 3.2597619047619
6503 2.12547619047619
6503 2
6503 2.68047619047619
6503 0.0019047619047619
6503 0.0169047619047619
6503 0.0133333333333333
6502 1.1152380952381
6502 0
6502 3.2597619047619
6502 2.12547619047619
6502 2
6502 2.68047619047619
6502 0.0019047619047619
6502 0.0169047619047619
6502 0.0133333333333333
6500 1.1152380952381
6500 0
6500 3.2597619047619
6500 2.12547619047619
6500 2
6500 2.68047619047619
6500 0.0019047619047619
6500 0.0169047619047619
6500 0.0133333333333333
6568 1.1152380952381
6568 0
6568 3.2597619047619
6568 2.12547619047619
6568 2
6568 2.68047619047619
6568 0.0019047619047619
6568 0.0169047619047619
6568 0.0133333333333333
6567 1.1152380952381
6567 0
6567 3.2597619047619
6567 2.12547619047619
6567 2
6567 2.68047619047619
6567 0.0019047619047619
6567 0.0169047619047619
6567 0.0133333333333333
6628 1.1152380952381
6628 0
6628 3.2597619047619
6628 2.12547619047619
6628 2
6628 2.68047619047619
6628 0.0019047619047619
6628 0.0169047619047619
6628 0.0133333333333333
6627 1.1152380952381
6627 0
6627 3.2597619047619
6627 2.12547619047619
6627 2
6627 2.68047619047619
6627 0.0019047619047619
6627 0.0169047619047619
6627 0.0133333333333333
6689 1.1152380952381
6689 0
6689 3.2597619047619
6689 2.12547619047619
6689 2
6689 2.68047619047619
6689 0.0019047619047619
6689 0.0169047619047619
6689 0.0133333333333333
6688 1.1152380952381
6688 0
6688 3.2597619047619
6688 2.12547619047619
6688 2
6688 2.68047619047619
6688 0.0019047619047619
6688 0.0169047619047619
6688 0.0133333333333333
6749 1.1152380952381
6749 0
6749 3.2597619047619
6749 2.12547619047619
6749 2
6749 2.68047619047619
6749 0.0019047619047619
6749 0.0169047619047619
6749 0.0133333333333333
6747 1.1152380952381
6747 0
6747 3.2597619047619
6747 2.12547619047619
6747 2
6747 2.68047619047619
6747 0.0019047619047619
6747 0.0169047619047619
6747 0.0133333333333333
6743 1.1152380952381
6743 0
6743 3.2597619047619
6743 2.12547619047619
6743 2
6743 2.68047619047619
6743 0.0019047619047619
6743 0.0169047619047619
6743 0.0133333333333333
6808 1.1152380952381
6808 0
6808 3.2597619047619
6808 2.12547619047619
6808 2
6808 2.68047619047619
6808 0.0019047619047619
6808 0.0169047619047619
6808 0.0133333333333333
6803 1.1152380952381
6803 0
6803 3.2597619047619
6803 2.12547619047619
6803 2
6803 2.68047619047619
6803 0.0019047619047619
6803 0.0169047619047619
6803 0.0133333333333333
6865 1.1152380952381
6865 0
6865 3.2597619047619
6865 2.12547619047619
6865 2
6865 2.68047619047619
6865 0.0019047619047619
6865 0.0169047619047619
6865 0.0133333333333333
6863 1.1152380952381
6863 0
6863 3.2597619047619
6863 2.12547619047619
6863 2
6863 2.68047619047619
6863 0.0019047619047619
6863 0.0169047619047619
6863 0.0133333333333333
6924 1.1152380952381
6924 0
6924 3.2597619047619
6924 2.12547619047619
6924 2
6924 2.68047619047619
6924 0.0019047619047619
6924 0.0169047619047619
6924 0.0133333333333333
6922 1.1152380952381
6922 0
6922 3.2597619047619
6922 2.12547619047619
6922 2
6922 2.68047619047619
6922 0.0019047619047619
6922 0.0169047619047619
6922 0.0133333333333333
6923 1.1152380952381
6923 0
6923 3.2597619047619
6923 2.12547619047619
6923 2
6923 2.68047619047619
6923 0.0019047619047619
6923 0.0169047619047619
6923 0.0133333333333333
6983 1.1152380952381
6983 0
6983 3.2597619047619
6983 2.12547619047619
6983 2
6983 2.68047619047619
6983 0.0019047619047619
6983 0.0169047619047619
6983 0.0133333333333333
6981 1.1152380952381
6981 0
6981 3.2597619047619
6981 2.12547619047619
6981 2
6981 2.68047619047619
6981 0.0019047619047619
6981 0.0169047619047619
6981 0.0133333333333333
6982 1.1152380952381
6982 0
6982 3.2597619047619
6982 2.12547619047619
6982 2
6982 2.68047619047619
6982 0.0019047619047619
6982 0.0169047619047619
6982 0.0133333333333333
7043 1.1152380952381
7043 0
7043 3.2597619047619
7043 2.12547619047619
7043 2
7043 2.68047619047619
7043 0.0019047619047619
7043 0.0169047619047619
7043 0.0133333333333333
7041 1.1152380952381
7041 0
7041 3.2597619047619
7041 2.12547619047619
7041 2
7041 2.68047619047619
7041 0.0019047619047619
7041 0.0169047619047619
7041 0.0133333333333333
7042 1.1152380952381
7042 0
7042 3.2597619047619
7042 2.12547619047619
7042 2
7042 2.68047619047619
7042 0.0019047619047619
7042 0.0169047619047619
7042 0.0133333333333333
7104 1.1152380952381
7104 0
7104 3.2597619047619
7104 2.12547619047619
7104 2
7104 2.68047619047619
7104 0.0019047619047619
7104 0.0169047619047619
7104 0.0133333333333333
7166 1.1152380952381
7166 0
7166 3.2597619047619
7166 2.12547619047619
7166 2
7166 2.68047619047619
7166 0.0019047619047619
7166 0.0169047619047619
7166 0.0133333333333333
7229 1.1152380952381
7229 0
7229 3.2597619047619
7229 2.12547619047619
7229 2
7229 2.68047619047619
7229 0.0019047619047619
7229 0.0169047619047619
7229 0.0133333333333333
7227 1.1152380952381
7227 0
7227 3.2597619047619
7227 2.12547619047619
7227 2
7227 2.68047619047619
7227 0.0019047619047619
7227 0.0169047619047619
7227 0.0133333333333333
7228 1.1152380952381
7228 0
7228 3.2597619047619
7228 2.12547619047619
7228 2
7228 2.68047619047619
7228 0.0019047619047619
7228 0.0169047619047619
7228 0.0133333333333333
7226 1.1152380952381
7226 0
7226 3.2597619047619
7226 2.12547619047619
7226 2
7226 2.68047619047619
7226 0.0019047619047619
7226 0.0169047619047619
7226 0.0133333333333333
7292 1.1152380952381
7292 0
7292 3.2597619047619
7292 2.12547619047619
7292 2
7292 2.68047619047619
7292 0.0019047619047619
7292 0.0169047619047619
7292 0.0133333333333333
7290 1.1152380952381
7290 0
7290 3.2597619047619
7290 2.12547619047619
7290 2
7290 2.68047619047619
7290 0.0019047619047619
7290 0.0169047619047619
7290 0.0133333333333333
7355 1.1152380952381
7355 0
7355 3.2597619047619
7355 2.12547619047619
7355 2
7355 2.68047619047619
7355 0.0019047619047619
7355 0.0169047619047619
7355 0.0133333333333333
7353 1.1152380952381
7353 0
7353 3.2597619047619
7353 2.12547619047619
7353 2
7353 2.68047619047619
7353 0.0019047619047619
7353 0.0169047619047619
7353 0.0133333333333333
7354 1.1152380952381
7354 0
7354 3.2597619047619
7354 2.12547619047619
7354 2
7354 2.68047619047619
7354 0.0019047619047619
7354 0.0169047619047619
7354 0.0133333333333333
7419 1.1152380952381
7419 0
7419 3.2597619047619
7419 2.12547619047619
7419 2
7419 2.68047619047619
7419 0.0019047619047619
7419 0.0169047619047619
7419 0.0133333333333333
7418 1.1152380952381
7418 0
7418 3.2597619047619
7418 2.12547619047619
7418 2
7418 2.68047619047619
7418 0.0019047619047619
7418 0.0169047619047619
7418 0.0133333333333333
7483 1.1152380952381
7483 0
7483 3.2597619047619
7483 2.12547619047619
7483 2
7483 2.68047619047619
7483 0.0019047619047619
7483 0.0169047619047619
7483 0.0133333333333333
7481 1.1152380952381
7481 0
7481 3.2597619047619
7481 2.12547619047619
7481 2
7481 2.68047619047619
7481 0.0019047619047619
7481 0.0169047619047619
7481 0.0133333333333333
7482 1.1152380952381
7482 0
7482 3.2597619047619
7482 2.12547619047619
7482 2
7482 2.68047619047619
7482 0.0019047619047619
7482 0.0169047619047619
7482 0.0133333333333333
7547 1.1152380952381
7547 0
7547 3.2597619047619
7547 2.12547619047619
7547 2
7547 2.68047619047619
7547 0.0019047619047619
7547 0.0169047619047619
7547 0.0133333333333333
7545 1.1152380952381
7545 0
7545 3.2597619047619
7545 2.12547619047619
7545 2
7545 2.68047619047619
7545 0.0019047619047619
7545 0.0169047619047619
7545 0.0133333333333333
7546 1.1152380952381
7546 0
7546 3.2597619047619
7546 2.12547619047619
7546 2
7546 2.68047619047619
7546 0.0019047619047619
7546 0.0169047619047619
7546 0.0133333333333333
7542 1.1152380952381
7542 0
7542 3.2597619047619
7542 2.12547619047619
7542 2
7542 2.68047619047619
7542 0.0019047619047619
7542 0.0169047619047619
7542 0.0133333333333333
7609 1.1152380952381
7609 0
7609 3.2597619047619
7609 2.12547619047619
7609 2
7609 2.68047619047619
7609 0.0019047619047619
7609 0.0169047619047619
7609 0.0133333333333333
7610 1.1152380952381
7610 0
7610 3.2597619047619
7610 2.12547619047619
7610 2
7610 2.68047619047619
7610 0.0019047619047619
7610 0.0169047619047619
7610 0.0133333333333333
7611 1.1152380952381
7611 0
7611 3.2597619047619
7611 2.12547619047619
7611 2
7611 2.68047619047619
7611 0.0019047619047619
7611 0.0169047619047619
7611 0.0133333333333333
7674 1.1152380952381
7674 0
7674 3.2597619047619
7674 2.12547619047619
7674 2
7674 2.68047619047619
7674 0.0019047619047619
7674 0.0169047619047619
7674 0.0133333333333333
7675 1.1152380952381
7675 0
7675 3.2597619047619
7675 2.12547619047619
7675 2
7675 2.68047619047619
7675 0.0019047619047619
7675 0.0169047619047619
7675 0.0133333333333333
7676 1.1152380952381
7676 0
7676 3.2597619047619
7676 2.12547619047619
7676 2
7676 2.68047619047619
7676 0.0019047619047619
7676 0.0169047619047619
7676 0.0133333333333333
7740 1.1152380952381
7740 0
7740 3.2597619047619
7740 2.12547619047619
7740 2
7740 2.68047619047619
7740 0.0019047619047619
7740 0.0169047619047619
7740 0.0133333333333333
7741 1.1152380952381
7741 0
7741 3.2597619047619
7741 2.12547619047619
7741 2
7741 2.68047619047619
7741 0.0019047619047619
7741 0.0169047619047619
7741 0.0133333333333333
7738 1.1152380952381
7738 0
7738 3.2597619047619
7738 2.12547619047619
7738 2
7738 2.68047619047619
7738 0.0019047619047619
7738 0.0169047619047619
7738 0.0133333333333333
7727 1.1152380952381
7727 0
7727 3.2597619047619
7727 2.12547619047619
7727 2
7727 2.68047619047619
7727 0.0019047619047619
7727 0.0169047619047619
7727 0.0133333333333333
7803 1.1152380952381
7803 0
7803 3.2597619047619
7803 2.12547619047619
7803 2
7803 2.68047619047619
7803 0.0019047619047619
7803 0.0169047619047619
7803 0.0133333333333333
7805 1.1152380952381
7805 0
7805 3.2597619047619
7805 2.12547619047619
7805 2
7805 2.68047619047619
7805 0.0019047619047619
7805 0.0169047619047619
7805 0.0133333333333333
7806 1.1152380952381
7806 0
7806 3.2597619047619
7806 2.12547619047619
7806 2
7806 2.68047619047619
7806 0.0019047619047619
7806 0.0169047619047619
7806 0.0133333333333333
7801 1.1152380952381
7801 0
7801 3.2597619047619
7801 2.12547619047619
7801 2
7801 2.68047619047619
7801 0.0019047619047619
7801 0.0169047619047619
7801 0.0133333333333333
7868 1.1152380952381
7868 0
7868 3.2597619047619
7868 2.12547619047619
7868 2
7868 2.68047619047619
7868 0.0019047619047619
7868 0.0169047619047619
7868 0.0133333333333333
7869 1.1152380952381
7869 0
7869 3.2597619047619
7869 2.12547619047619
7869 2
7869 2.68047619047619
7869 0.0019047619047619
7869 0.0169047619047619
7869 0.0133333333333333
7870 1.1152380952381
7870 0
7870 3.2597619047619
7870 2.12547619047619
7870 2
7870 2.68047619047619
7870 0.0019047619047619
7870 0.0169047619047619
7870 0.0133333333333333
7865 1.1152380952381
7865 0
7865 3.2597619047619
7865 2.12547619047619
7865 2
7865 2.68047619047619
7865 0.0019047619047619
7865 0.0169047619047619
7865 0.0133333333333333
7867 1.1152380952381
7867 0
7867 3.2597619047619
7867 2.12547619047619
7867 2
7867 2.68047619047619
7867 0.0019047619047619
7867 0.0169047619047619
7867 0.0133333333333333
7858 1.1152380952381
7858 0
7858 3.2597619047619
7858 2.12547619047619
7858 2
7858 2.68047619047619
7858 0.0019047619047619
7858 0.0169047619047619
7858 0.0133333333333333
7859 1.1152380952381
7859 0
7859 3.2597619047619
7859 2.12547619047619
7859 2
7859 2.68047619047619
7859 0.0019047619047619
7859 0.0169047619047619
7859 0.0133333333333333
7932 1.1152380952381
7932 0
7932 3.2597619047619
7932 2.12547619047619
7932 2
7932 2.68047619047619
7932 0.0019047619047619
7932 0.0169047619047619
7932 0.0133333333333333
7933 1.1152380952381
7933 0
7933 3.2597619047619
7933 2.12547619047619
7933 2
7933 2.68047619047619
7933 0.0019047619047619
7933 0.0169047619047619
7933 0.0133333333333333
7934 1.1152380952381
7934 0
7934 3.2597619047619
7934 2.12547619047619
7934 2
7934 2.68047619047619
7934 0.0019047619047619
7934 0.0169047619047619
7934 0.0133333333333333
7925 1.1152380952381
7925 0
7925 3.2597619047619
7925 2.12547619047619
7925 2
7925 2.68047619047619
7925 0.0019047619047619
7925 0.0169047619047619
7925 0.0133333333333333
7926 1.1152380952381
7926 0
7926 3.2597619047619
7926 2.12547619047619
7926 2
7926 2.68047619047619
7926 0.0019047619047619
7926 0.0169047619047619
7926 0.0133333333333333
7928 1.1152380952381
7928 0
7928 3.2597619047619
7928 2.12547619047619
7928 2
7928 2.68047619047619
7928 0.0019047619047619
7928 0.0169047619047619
7928 0.0133333333333333
7929 1.1152380952381
7929 0
7929 3.2597619047619
7929 2.12547619047619
7929 2
7929 2.68047619047619
7929 0.0019047619047619
7929 0.0169047619047619
7929 0.0133333333333333
7930 1.1152380952381
7930 0
7930 3.2597619047619
7930 2.12547619047619
7930 2
7930 2.68047619047619
7930 0.0019047619047619
7930 0.0169047619047619
7930 0.0133333333333333
7931 1.1152380952381
7931 0
7931 3.2597619047619
7931 2.12547619047619
7931 2
7931 2.68047619047619
7931 0.0019047619047619
7931 0.0169047619047619
7931 0.0133333333333333
7997 1.1152380952381
7997 0
7997 3.2597619047619
7997 2.12547619047619
7997 2
7997 2.68047619047619
7997 0.0019047619047619
7997 0.0169047619047619
7997 0.0133333333333333
7998 1.1152380952381
7998 0
7998 3.2597619047619
7998 2.12547619047619
7998 2
7998 2.68047619047619
7998 0.0019047619047619
7998 0.0169047619047619
7998 0.0133333333333333
7990 1.1152380952381
7990 0
7990 3.2597619047619
7990 2.12547619047619
7990 2
7990 2.68047619047619
7990 0.0019047619047619
7990 0.0169047619047619
7990 0.0133333333333333
7993 1.1152380952381
7993 0
7993 3.2597619047619
7993 2.12547619047619
7993 2
7993 2.68047619047619
7993 0.0019047619047619
7993 0.0169047619047619
7993 0.0133333333333333
7994 1.1152380952381
7994 0
7994 3.2597619047619
7994 2.12547619047619
7994 2
7994 2.68047619047619
7994 0.0019047619047619
7994 0.0169047619047619
7994 0.0133333333333333
7995 1.1152380952381
7995 0
7995 3.2597619047619
7995 2.12547619047619
7995 2
7995 2.68047619047619
7995 0.0019047619047619
7995 0.0169047619047619
7995 0.0133333333333333
7996 1.1152380952381
7996 0
7996 3.2597619047619
7996 2.12547619047619
7996 2
7996 2.68047619047619
7996 0.0019047619047619
7996 0.0169047619047619
7996 0.0133333333333333
8060 1.1152380952381
8060 0
8060 3.2597619047619
8060 2.12547619047619
8060 2
8060 2.68047619047619
8060 0.0019047619047619
8060 0.0169047619047619
8060 0.0133333333333333
8061 1.1152380952381
8061 0
8061 3.2597619047619
8061 2.12547619047619
8061 2
8061 2.68047619047619
8061 0.0019047619047619
8061 0.0169047619047619
8061 0.0133333333333333
8053 1.1152380952381
8053 0
8053 3.2597619047619
8053 2.12547619047619
8053 2
8053 2.68047619047619
8053 0.0019047619047619
8053 0.0169047619047619
8053 0.0133333333333333
8058 1.1152380952381
8058 0
8058 3.2597619047619
8058 2.12547619047619
8058 2
8058 2.68047619047619
8058 0.0019047619047619
8058 0.0169047619047619
8058 0.0133333333333333
8059 1.1152380952381
8059 0
8059 3.2597619047619
8059 2.12547619047619
8059 2
8059 2.68047619047619
8059 0.0019047619047619
8059 0.0169047619047619
8059 0.0133333333333333
8122 1.1152380952381
8122 0
8122 3.2597619047619
8122 2.12547619047619
8122 2
8122 2.68047619047619
8122 0.0019047619047619
8122 0.0169047619047619
8122 0.0133333333333333
8123 1.1152380952381
8123 0
8123 3.2597619047619
8123 2.12547619047619
8123 2
8123 2.68047619047619
8123 0.0019047619047619
8123 0.0169047619047619
8123 0.0133333333333333
8124 1.1152380952381
8124 0
8124 3.2597619047619
8124 2.12547619047619
8124 2
8124 2.68047619047619
8124 0.0019047619047619
8124 0.0169047619047619
8124 0.0133333333333333
8115 1.1152380952381
8115 0
8115 3.2597619047619
8115 2.12547619047619
8115 2
8115 2.68047619047619
8115 0.0019047619047619
8115 0.0169047619047619
8115 0.0133333333333333
8116 1.1152380952381
8116 0
8116 3.2597619047619
8116 2.12547619047619
8116 2
8116 2.68047619047619
8116 0.0019047619047619
8116 0.0169047619047619
8116 0.0133333333333333
8117 1.1152380952381
8117 0
8117 3.2597619047619
8117 2.12547619047619
8117 2
8117 2.68047619047619
8117 0.0019047619047619
8117 0.0169047619047619
8117 0.0133333333333333
8118 1.1152380952381
8118 0
8118 3.2597619047619
8118 2.12547619047619
8118 2
8118 2.68047619047619
8118 0.0019047619047619
8118 0.0169047619047619
8118 0.0133333333333333
8119 1.1152380952381
8119 0
8119 3.2597619047619
8119 2.12547619047619
8119 2
8119 2.68047619047619
8119 0.0019047619047619
8119 0.0169047619047619
8119 0.0133333333333333
8120 1.1152380952381
8120 0
8120 3.2597619047619
8120 2.12547619047619
8120 2
8120 2.68047619047619
8120 0.0019047619047619
8120 0.0169047619047619
8120 0.0133333333333333
8121 1.1152380952381
8121 0
8121 3.2597619047619
8121 2.12547619047619
8121 2
8121 2.68047619047619
8121 0.0019047619047619
8121 0.0169047619047619
8121 0.0133333333333333
8183 1.1152380952381
8183 0
8183 3.2597619047619
8183 2.12547619047619
8183 2
8183 2.68047619047619
8183 0.0019047619047619
8183 0.0169047619047619
8183 0.0133333333333333
8184 1.1152380952381
8184 0
8184 3.2597619047619
8184 2.12547619047619
8184 2
8184 2.68047619047619
8184 0.0019047619047619
8184 0.0169047619047619
8184 0.0133333333333333
8185 1.1152380952381
8185 0
8185 3.2597619047619
8185 2.12547619047619
8185 2
8185 2.68047619047619
8185 0.0019047619047619
8185 0.0169047619047619
8185 0.0133333333333333
8186 1.1152380952381
8186 0
8186 3.2597619047619
8186 2.12547619047619
8186 2
8186 2.68047619047619
8186 0.0019047619047619
8186 0.0169047619047619
8186 0.0133333333333333
8180 1.1152380952381
8180 0
8180 3.2597619047619
8180 2.12547619047619
8180 2
8180 2.68047619047619
8180 0.0019047619047619
8180 0.0169047619047619
8180 0.0133333333333333
8181 1.1152380952381
8181 0
8181 3.2597619047619
8181 2.12547619047619
8181 2
8181 2.68047619047619
8181 0.0019047619047619
8181 0.0169047619047619
8181 0.0133333333333333
8182 1.1152380952381
8182 0
8182 3.2597619047619
8182 2.12547619047619
8182 2
8182 2.68047619047619
8182 0.0019047619047619
8182 0.0169047619047619
8182 0.0133333333333333
8244 1.1152380952381
8244 0
8244 3.2597619047619
8244 2.12547619047619
8244 2
8244 2.68047619047619
8244 0.0019047619047619
8244 0.0169047619047619
8244 0.0133333333333333
8245 1.1152380952381
8245 0
8245 3.2597619047619
8245 2.12547619047619
8245 2
8245 2.68047619047619
8245 0.0019047619047619
8245 0.0169047619047619
8245 0.0133333333333333
8246 1.1152380952381
8246 0
8246 3.2597619047619
8246 2.12547619047619
8246 2
8246 2.68047619047619
8246 0.0019047619047619
8246 0.0169047619047619
8246 0.0133333333333333
