pt_graph shape
8495 1
8495 1
8495 1
8495 1
8495 1
8495 1
8495 1
8495 1
8495 1
8550 1
8550 1
8550 1
8550 1
8550 1
8550 1
8550 1
8550 1
8550 1
8551 1
8551 1
8551 1
8551 1
8551 1
8551 1
8551 1
8551 1
8551 1
8600 1
8600 1
8600 1
8600 1
8600 1
8600 1
8600 1
8600 1
8600 1
8601 1
8601 1
8601 1
8601 1
8601 1
8601 1
8601 1
8601 1
8601 1
8602 1
8602 1
8602 1
8602 1
8602 1
8602 1
8602 1
8602 1
8602 1
8603 1
8603 1
8603 1
8603 1
8603 1
8603 1
8603 1
8603 1
8603 1
8649 1
8649 1
8649 1
8649 1
8649 1
8649 1
8649 1
8649 1
8649 1
8650 1
8650 1
8650 1
8650 1
8650 1
8650 1
8650 1
8650 1
8650 1
8696 1
8696 1
8696 1
8696 1
8696 1
8696 1
8696 1
8696 1
8696 1
8873 1
8873 1
8873 1
8873 1
8873 1
8873 1
8873 1
8873 1
8873 1
8916 1
8916 1
8916 1
8916 1
8916 1
8916 1
8916 1
8916 1
8916 1
8956 1
8956 1
8956 1
8956 1
8956 1
8956 1
8956 1
8956 1
8956 1
8958 1
8958 1
8958 1
8958 1
8958 1
8958 1
8958 1
8958 1
8958 1
8960 1
8960 1
8960 1
8960 1
8960 1
8960 1
8960 1
8960 1
8960 1
8997 1
8997 1
8997 1
8997 1
8997 1
8997 1
8997 1
8997 1
8997 1
8998 1
8998 1
8998 1
8998 1
8998 1
8998 1
8998 1
8998 1
8998 1
8999 1
8999 1
8999 1
8999 1
8999 1
8999 1
8999 1
8999 1
8999 1
9000 1
9000 1
9000 1
9000 1
9000 1
9000 1
9000 1
9000 1
9000 1
9036 1
9036 1
9036 1
9036 1
9036 1
9036 1
9036 1
9036 1
9036 1
9037 1
9037 1
9037 1
9037 1
9037 1
9037 1
9037 1
9037 1
9037 1
9039 1
9039 1
9039 1
9039 1
9039 1
9039 1
9039 1
9039 1
9039 1
9045 1
9045 1
9045 1
9045 1
9045 1
9045 1
9045 1
9045 1
9045 1
9074 1
9074 1
9074 1
9074 1
9074 1
9074 1
9074 1
9074 1
9074 1
9075 1
9075 1
9075 1
9075 1
9075 1
9075 1
9075 1
9075 1
9075 1
9078 1
9078 1
9078 1
9078 1
9078 1
9078 1
9078 1
9078 1
9078 1
9080 1
9080 1
9080 1
9080 1
9080 1
9080 1
9080 1
9080 1
9080 1
9081 1
9081 1
9081 1
9081 1
9081 1
9081 1
9081 1
9081 1
9081 1
9115 1
9115 1
9115 1
9115 1
9115 1
9115 1
9115 1
9115 1
9115 1
9116 1
9116 1
9116 1
9116 1
9116 1
9116 1
9116 1
9116 1
9116 1
9119 1
9119 1
9119 1
9119 1
9119 1
9119 1
9119 1
9119 1
9119 1
9129 1
9129 1
9129 1
9129 1
9129 1
9129 1
9129 1
9129 1
9129 1
9152 1
9152 1
9152 1
9152 1
9152 1
9152 1
9152 1
9152 1
9152 1
9157 1
9157 1
9157 1
9157 1
9157 1
9157 1
9157 1
9157 1
9157 1
9159 1
9159 1
9159 1
9159 1
9159 1
9159 1
9159 1
9159 1
9159 1
9160 1
9160 1
9160 1
9160 1
9160 1
9160 1
9160 1
9160 1
9160 1
9176 1
9176 1
9176 1
9176 1
9176 1
9176 1
9176 1
9176 1
9176 1
9198 1
9198 1
9198 1
9198 1
9198 1
9198 1
9198 1
9198 1
9198 1
9199 1
9199 1
9199 1
9199 1
9199 1
9199 1
9199 1
9199 1
9199 1
9200 1
9200 1
9200 1
9200 1
9200 1
9200 1
9200 1
9200 1
9200 1
9201 1
9201 1
9201 1
9201 1
9201 1
9201 1
9201 1
9201 1
9201 1
9217 1
9217 1
9217 1
9217 1
9217 1
9217 1
9217 1
9217 1
9217 1
9218 1
9218 1
9218 1
9218 1
9218 1
9218 1
9218 1
9218 1
9218 1
9243 1
9243 1
9243 1
9243 1
9243 1
9243 1
9243 1
9243 1
9243 1
9244 1
9244 1
9244 1
9244 1
9244 1
9244 1
9244 1
9244 1
9244 1
9245 1
9245 1
9245 1
9245 1
9245 1
9245 1
9245 1
9245 1
9245 1
9258 1
9258 1
9258 1
9258 1
9258 1
9258 1
9258 1
9258 1
9258 1
9259 1
9259 1
9259 1
9259 1
9259 1
9259 1
9259 1
9259 1
9259 1
9263 1
9263 1
9263 1
9263 1
9263 1
9263 1
9263 1
9263 1
9263 1
9290 1
9290 1
9290 1
9290 1
9290 1
9290 1
9290 1
9290 1
9290 1
9291 1
9291 1
9291 1
9291 1
9291 1
9291 1
9291 1
9291 1
9291 1
9298 1
9298 1
9298 1
9298 1
9298 1
9298 1
9298 1
9298 1
9298 1
9336 1
9336 1
9336 1
9336 1
9336 1
9336 1
9336 1
9336 1
9336 1
9342 1
9342 1
9342 1
9342 1
9342 1
9342 1
9342 1
9342 1
9342 1
9345 1
9345 1
9345 1
9345 1
9345 1
9345 1
9345 1
9345 1
9345 1
9363 1
9363 1
9363 1
9363 1
9363 1
9363 1
9363 1
9363 1
9363 1
9364 1
9364 1
9364 1
9364 1
9364 1
9364 1
9364 1
9364 1
9364 1
9394 1
9394 1
9394 1
9394 1
9394 1
9394 1
9394 1
9394 1
9394 1
9395 1
9395 1
9395 1
9395 1
9395 1
9395 1
9395 1
9395 1
9395 1
9396 1
9396 1
9396 1
9396 1
9396 1
9396 1
9396 1
9396 1
9396 1
9402 1
9402 1
9402 1
9402 1
9402 1
9402 1
9402 1
9402 1
9402 1
9412 1
9412 1
9412 1
9412 1
9412 1
9412 1
9412 1
9412 1
9412 1
9417 1
9417 1
9417 1
9417 1
9417 1
9417 1
9417 1
9417 1
9417 1
9418 1
9418 1
9418 1
9418 1
9418 1
9418 1
9418 1
9418 1
9418 1
9420 1
9420 1
9420 1
9420 1
9420 1
9420 1
9420 1
9420 1
9420 1
9450 1
9450 1
9450 1
9450 1
9450 1
9450 1
9450 1
9450 1
9450 1
9452 1
9452 1
9452 1
9452 1
9452 1
9452 1
9452 1
9452 1
9452 1
9475 1
9475 1
9475 1
9475 1
9475 1
9475 1
9475 1
9475 1
9475 1
9476 1
9476 1
9476 1
9476 1
9476 1
9476 1
9476 1
9476 1
9476 1
9477 1
9477 1
9477 1
9477 1
9477 1
9477 1
9477 1
9477 1
9477 1
9478 1
9478 1
9478 1
9478 1
9478 1
9478 1
9478 1
9478 1
9478 1
9479 1
9479 1
9479 1
9479 1
9479 1
9479 1
9479 1
9479 1
9479 1
9480 1
9480 1
9480 1
9480 1
9480 1
9480 1
9480 1
9480 1
9480 1
9506 1
9506 1
9506 1
9506 1
9506 1
9506 1
9506 1
9506 1
9506 1
9514 1
9514 1
9514 1
9514 1
9514 1
9514 1
9514 1
9514 1
9514 1
9515 1
9515 1
9515 1
9515 1
9515 1
9515 1
9515 1
9515 1
9515 1
9517 1
9517 1
9517 1
9517 1
9517 1
9517 1
9517 1
9517 1
9517 1
9518 1
9518 1
9518 1
9518 1
9518 1
9518 1
9518 1
9518 1
9518 1
9535 1
9535 1
9535 1
9535 1
9535 1
9535 1
9535 1
9535 1
9535 1
9539 1
9539 1
9539 1
9539 1
9539 1
9539 1
9539 1
9539 1
9539 1
9540 1
9540 1
9540 1
9540 1
9540 1
9540 1
9540 1
9540 1
9540 1
9541 1
9541 1
9541 1
9541 1
9541 1
9541 1
9541 1
9541 1
9541 1
9542 1
9542 1
9542 1
9542 1
9542 1
9542 1
9542 1
9542 1
9542 1
9543 1
9543 1
9543 1
9543 1
9543 1
9543 1
9543 1
9543 1
9543 1
9603 1
9603 1
9603 1
9603 1
9603 1
9603 1
9603 1
9603 1
9603 1
9605 1
9605 1
9605 1
9605 1
9605 1
9605 1
9605 1
9605 1
9605 1
9607 1
9607 1
9607 1
9607 1
9607 1
9607 1
9607 1
9607 1
9607 1
9608 1
9608 1
9608 1
9608 1
9608 1
9608 1
9608 1
9608 1
9608 1
9609 1
9609 1
9609 1
9609 1
9609 1
9609 1
9609 1
9609 1
9609 1
9610 1
9610 1
9610 1
9610 1
9610 1
9610 1
9610 1
9610 1
9610 1
9611 1
9611 1
9611 1
9611 1
9611 1
9611 1
9611 1
9611 1
9611 1
9613 1
9613 1
9613 1
9613 1
9613 1
9613 1
9613 1
9613 1
9613 1
9657 1
9657 1
9657 1
9657 1
9657 1
9657 1
9657 1
9657 1
9657 1
9666 1
9666 1
9666 1
9666 1
9666 1
9666 1
9666 1
9666 1
9666 1
9677 1
9677 1
9677 1
9677 1
9677 1
9677 1
9677 1
9677 1
9677 1
9680 1
9680 1
9680 1
9680 1
9680 1
9680 1
9680 1
9680 1
9680 1
9681 1
9681 1
9681 1
9681 1
9681 1
9681 1
9681 1
9681 1
9681 1
9682 1
9682 1
9682 1
9682 1
9682 1
9682 1
9682 1
9682 1
9682 1
9684 1
9684 1
9684 1
9684 1
9684 1
9684 1
9684 1
9684 1
9684 1
9686 1
9686 1
9686 1
9686 1
9686 1
9686 1
9686 1
9686 1
9686 1
9687 1
9687 1
9687 1
9687 1
9687 1
9687 1
9687 1
9687 1
9687 1
9688 1
9688 1
9688 1
9688 1
9688 1
9688 1
9688 1
9688 1
9688 1
9689 1
9689 1
9689 1
9689 1
9689 1
9689 1
9689 1
9689 1
9689 1
9690 1
9690 1
9690 1
9690 1
9690 1
9690 1
9690 1
9690 1
9690 1
9728 1
9728 1
9728 1
9728 1
9728 1
9728 1
9728 1
9728 1
9728 1
9732 1
9732 1
9732 1
9732 1
9732 1
9732 1
9732 1
9732 1
9732 1
9758 1
9758 1
9758 1
9758 1
9758 1
9758 1
9758 1
9758 1
9758 1
9760 1
9760 1
9760 1
9760 1
9760 1
9760 1
9760 1
9760 1
9760 1
9761 1
9761 1
9761 1
9761 1
9761 1
9761 1
9761 1
9761 1
9761 1
9762 1
9762 1
9762 1
9762 1
9762 1
9762 1
9762 1
9762 1
9762 1
9763 1
9763 1
9763 1
9763 1
9763 1
9763 1
9763 1
9763 1
9763 1
9765 1
9765 1
9765 1
9765 1
9765 1
9765 1
9765 1
9765 1
9765 1
9766 1
9766 1
9766 1
9766 1
9766 1
9766 1
9766 1
9766 1
9766 1
9767 1
9767 1
9767 1
9767 1
9767 1
9767 1
9767 1
9767 1
9767 1
9768 1
9768 1
9768 1
9768 1
9768 1
9768 1
9768 1
9768 1
9768 1
9839 1
9839 1
9839 1
9839 1
9839 1
9839 1
9839 1
9839 1
9839 1
9841 1
9841 1
9841 1
9841 1
9841 1
9841 1
9841 1
9841 1
9841 1
9842 1
9842 1
9842 1
9842 1
9842 1
9842 1
9842 1
9842 1
9842 1
9843 1
9843 1
9843 1
9843 1
9843 1
9843 1
9843 1
9843 1
9843 1
9844 1
9844 1
9844 1
9844 1
9844 1
9844 1
9844 1
9844 1
9844 1
9847 1
9847 1
9847 1
9847 1
9847 1
9847 1
9847 1
9847 1
9847 1
9848 1
9848 1
9848 1
9848 1
9848 1
9848 1
9848 1
9848 1
9848 1
9849 1
9849 1
9849 1
9849 1
9849 1
9849 1
9849 1
9849 1
9849 1
9890 1
9890 1
9890 1
9890 1
9890 1
9890 1
9890 1
9890 1
9890 1
9892 1
9892 1
9892 1
9892 1
9892 1
9892 1
9892 1
9892 1
9892 1
9898 1
9898 1
9898 1
9898 1
9898 1
9898 1
9898 1
9898 1
9898 1
9919 1
9919 1
9919 1
9919 1
9919 1
9919 1
9919 1
9919 1
9919 1
9920 1
9920 1
9920 1
9920 1
9920 1
9920 1
9920 1
9920 1
9920 1
9924 1
9924 1
9924 1
9924 1
9924 1
9924 1
9924 1
9924 1
9924 1
9925 1
9925 1
9925 1
9925 1
9925 1
9925 1
9925 1
9925 1
9925 1
9926 1
9926 1
9926 1
9926 1
9926 1
9926 1
9926 1
9926 1
9926 1
9928 1
9928 1
9928 1
9928 1
9928 1
9928 1
9928 1
9928 1
9928 1
9929 1
9929 1
9929 1
9929 1
9929 1
9929 1
9929 1
9929 1
9929 1
9930 1
9930 1
9930 1
9930 1
9930 1
9930 1
9930 1
9930 1
9930 1
9931 1
9931 1
9931 1
9931 1
9931 1
9931 1
9931 1
9931 1
9931 1
9965 1
9965 1
9965 1
9965 1
9965 1
9965 1
9965 1
9965 1
9965 1
9973 1
9973 1
9973 1
9973 1
9973 1
9973 1
9973 1
9973 1
9973 1
9978 1
9978 1
9978 1
9978 1
9978 1
9978 1
9978 1
9978 1
9978 1
9981 1
9981 1
9981 1
9981 1
9981 1
9981 1
9981 1
9981 1
9981 1
10001 1
10001 1
10001 1
10001 1
10001 1
10001 1
10001 1
10001 1
10001 1
10002 1
10002 1
10002 1
10002 1
10002 1
10002 1
10002 1
10002 1
10002 1
10003 1
10003 1
10003 1
10003 1
10003 1
10003 1
10003 1
10003 1
10003 1
10004 1
10004 1
10004 1
10004 1
10004 1
10004 1
10004 1
10004 1
10004 1
10005 1
10005 1
10005 1
10005 1
10005 1
10005 1
10005 1
10005 1
10005 1
10008 1
10008 1
10008 1
10008 1
10008 1
10008 1
10008 1
10008 1
10008 1
10010 1
10010 1
10010 1
10010 1
10010 1
10010 1
10010 1
10010 1
10010 1
10011 1
10011 1
10011 1
10011 1
10011 1
10011 1
10011 1
10011 1
10011 1
10012 1
10012 1
10012 1
10012 1
10012 1
10012 1
10012 1
10012 1
10012 1
10013 1
10013 1
10013 1
10013 1
10013 1
10013 1
10013 1
10013 1
10013 1
10048 1
10048 1
10048 1
10048 1
10048 1
10048 1
10048 1
10048 1
10048 1
10057 1
10057 1
10057 1
10057 1
10057 1
10057 1
10057 1
10057 1
10057 1
10063 1
10063 1
10063 1
10063 1
10063 1
10063 1
10063 1
10063 1
10063 1
10064 1
10064 1
10064 1
10064 1
10064 1
10064 1
10064 1
10064 1
10064 1
10065 1
10065 1
10065 1
10065 1
10065 1
10065 1
10065 1
10065 1
10065 1
10067 1
10067 1
10067 1
10067 1
10067 1
10067 1
10067 1
10067 1
10067 1
10084 1
10084 1
10084 1
10084 1
10084 1
10084 1
10084 1
10084 1
10084 1
10085 1
10085 1
10085 1
10085 1
10085 1
10085 1
10085 1
10085 1
10085 1
10087 1
10087 1
10087 1
10087 1
10087 1
10087 1
10087 1
10087 1
10087 1
10088 1
10088 1
10088 1
10088 1
10088 1
10088 1
10088 1
10088 1
10088 1
10089 1
10089 1
10089 1
10089 1
10089 1
10089 1
10089 1
10089 1
10089 1
10091 1
10091 1
10091 1
10091 1
10091 1
10091 1
10091 1
10091 1
10091 1
10093 1
10093 1
10093 1
10093 1
10093 1
10093 1
10093 1
10093 1
10093 1
10095 1
10095 1
10095 1
10095 1
10095 1
10095 1
10095 1
10095 1
10095 1
10096 1
10096 1
10096 1
10096 1
10096 1
10096 1
10096 1
10096 1
10096 1
10136 1
10136 1
10136 1
10136 1
10136 1
10136 1
10136 1
10136 1
10136 1
10137 1
10137 1
10137 1
10137 1
10137 1
10137 1
10137 1
10137 1
10137 1
10143 1
10143 1
10143 1
10143 1
10143 1
10143 1
10143 1
10143 1
10143 1
10144 1
10144 1
10144 1
10144 1
10144 1
10144 1
10144 1
10144 1
10144 1
10145 1
10145 1
10145 1
10145 1
10145 1
10145 1
10145 1
10145 1
10145 1
10146 1
10146 1
10146 1
10146 1
10146 1
10146 1
10146 1
10146 1
10146 1
10147 1
10147 1
10147 1
10147 1
10147 1
10147 1
10147 1
10147 1
10147 1
10150 1
10150 1
10150 1
10150 1
10150 1
10150 1
10150 1
10150 1
10150 1
10169 1
10169 1
10169 1
10169 1
10169 1
10169 1
10169 1
10169 1
10169 1
10170 1
10170 1
10170 1
10170 1
10170 1
10170 1
10170 1
10170 1
10170 1
10172 1
10172 1
10172 1
10172 1
10172 1
10172 1
10172 1
10172 1
10172 1
10173 1
10173 1
10173 1
10173 1
10173 1
10173 1
10173 1
10173 1
10173 1
10174 1
10174 1
10174 1
10174 1
10174 1
10174 1
10174 1
10174 1
10174 1
10175 1
10175 1
10175 1
10175 1
10175 1
10175 1
10175 1
10175 1
10175 1
10176 1
10176 1
10176 1
10176 1
10176 1
10176 1
10176 1
10176 1
10176 1
10177 1
10177 1
10177 1
10177 1
10177 1
10177 1
10177 1
10177 1
10177 1
10213 1
10213 1
10213 1
10213 1
10213 1
10213 1
10213 1
10213 1
10213 1
10216 1
10216 1
10216 1
10216 1
10216 1
10216 1
10216 1
10216 1
10216 1
10219 1
10219 1
10219 1
10219 1
10219 1
10219 1
10219 1
10219 1
10219 1
10221 1
10221 1
10221 1
10221 1
10221 1
10221 1
10221 1
10221 1
10221 1
10223 1
10223 1
10223 1
10223 1
10223 1
10223 1
10223 1
10223 1
10223 1
10224 1
10224 1
10224 1
10224 1
10224 1
10224 1
10224 1
10224 1
10224 1
10229 1
10229 1
10229 1
10229 1
10229 1
10229 1
10229 1
10229 1
10229 1
10231 1
10231 1
10231 1
10231 1
10231 1
10231 1
10231 1
10231 1
10231 1
10258 1
10258 1
10258 1
10258 1
10258 1
10258 1
10258 1
10258 1
10258 1
10259 1
10259 1
10259 1
10259 1
10259 1
10259 1
10259 1
10259 1
10259 1
10261 1
10261 1
10261 1
10261 1
10261 1
10261 1
10261 1
10261 1
10261 1
10295 1
10295 1
10295 1
10295 1
10295 1
10295 1
10295 1
10295 1
10295 1
10306 1
10306 1
10306 1
10306 1
10306 1
10306 1
10306 1
10306 1
10306 1
10307 1
10307 1
10307 1
10307 1
10307 1
10307 1
10307 1
10307 1
10307 1
10311 1
10311 1
10311 1
10311 1
10311 1
10311 1
10311 1
10311 1
10311 1
10313 1
10313 1
10313 1
10313 1
10313 1
10313 1
10313 1
10313 1
10313 1
10336 1
10336 1
10336 1
10336 1
10336 1
10336 1
10336 1
10336 1
10336 1
10337 1
10337 1
10337 1
10337 1
10337 1
10337 1
10337 1
10337 1
10337 1
10340 1
10340 1
10340 1
10340 1
10340 1
10340 1
10340 1
10340 1
10340 1
10342 1
10342 1
10342 1
10342 1
10342 1
10342 1
10342 1
10342 1
10342 1
10343 1
10343 1
10343 1
10343 1
10343 1
10343 1
10343 1
10343 1
10343 1
10384 1
10384 1
10384 1
10384 1
10384 1
10384 1
10384 1
10384 1
10384 1
10387 1
10387 1
10387 1
10387 1
10387 1
10387 1
10387 1
10387 1
10387 1
10389 1
10389 1
10389 1
10389 1
10389 1
10389 1
10389 1
10389 1
10389 1
10390 1
10390 1
10390 1
10390 1
10390 1
10390 1
10390 1
10390 1
10390 1
10391 1
10391 1
10391 1
10391 1
10391 1
10391 1
10391 1
10391 1
10391 1
10394 1
10394 1
10394 1
10394 1
10394 1
10394 1
10394 1
10394 1
10394 1
10395 1
10395 1
10395 1
10395 1
10395 1
10395 1
10395 1
10395 1
10395 1
10422 1
10422 1
10422 1
10422 1
10422 1
10422 1
10422 1
10422 1
10422 1
10423 1
10423 1
10423 1
10423 1
10423 1
10423 1
10423 1
10423 1
10423 1
10426 1
10426 1
10426 1
10426 1
10426 1
10426 1
10426 1
10426 1
10426 1
10427 1
10427 1
10427 1
10427 1
10427 1
10427 1
10427 1
10427 1
10427 1
10429 1
10429 1
10429 1
10429 1
10429 1
10429 1
10429 1
10429 1
10429 1
10430 1
10430 1
10430 1
10430 1
10430 1
10430 1
10430 1
10430 1
10430 1
10475 1
10475 1
10475 1
10475 1
10475 1
10475 1
10475 1
10475 1
10475 1
10482 1
10482 1
10482 1
10482 1
10482 1
10482 1
10482 1
10482 1
10482 1
10483 1
10483 1
10483 1
10483 1
10483 1
10483 1
10483 1
10483 1
10483 1
10484 1
10484 1
10484 1
10484 1
10484 1
10484 1
10484 1
10484 1
10484 1
10485 1
10485 1
10485 1
10485 1
10485 1
10485 1
10485 1
10485 1
10485 1
10486 1
10486 1
10486 1
10486 1
10486 1
10486 1
10486 1
10486 1
10486 1
10487 1
10487 1
10487 1
10487 1
10487 1
10487 1
10487 1
10487 1
10487 1
10488 1
10488 1
10488 1
10488 1
10488 1
10488 1
10488 1
10488 1
10488 1
10489 1
10489 1
10489 1
10489 1
10489 1
10489 1
10489 1
10489 1
10489 1
10497 1
10497 1
10497 1
10497 1
10497 1
10497 1
10497 1
10497 1
10497 1
10498 1
10498 1
10498 1
10498 1
10498 1
10498 1
10498 1
10498 1
10498 1
10521 1
10521 1
10521 1
10521 1
10521 1
10521 1
10521 1
10521 1
10521 1
10522 1
10522 1
10522 1
10522 1
10522 1
10522 1
10522 1
10522 1
10522 1
10525 1
10525 1
10525 1
10525 1
10525 1
10525 1
10525 1
10525 1
10525 1
10526 1
10526 1
10526 1
10526 1
10526 1
10526 1
10526 1
10526 1
10526 1
10580 1
10580 1
10580 1
10580 1
10580 1
10580 1
10580 1
10580 1
10580 1
10585 1
10585 1
10585 1
10585 1
10585 1
10585 1
10585 1
10585 1
10585 1
10586 1
10586 1
10586 1
10586 1
10586 1
10586 1
10586 1
10586 1
10586 1
10587 1
10587 1
10587 1
10587 1
10587 1
10587 1
10587 1
10587 1
10587 1
10590 1
10590 1
10590 1
10590 1
10590 1
10590 1
10590 1
10590 1
10590 1
10595 1
10595 1
10595 1
10595 1
10595 1
10595 1
10595 1
10595 1
10595 1
10596 1
10596 1
10596 1
10596 1
10596 1
10596 1
10596 1
10596 1
10596 1
10620 1
10620 1
10620 1
10620 1
10620 1
10620 1
10620 1
10620 1
10620 1
10622 1
10622 1
10622 1
10622 1
10622 1
10622 1
10622 1
10622 1
10622 1
10623 1
10623 1
10623 1
10623 1
10623 1
10623 1
10623 1
10623 1
10623 1
10624 1
10624 1
10624 1
10624 1
10624 1
10624 1
10624 1
10624 1
10624 1
10625 1
10625 1
10625 1
10625 1
10625 1
10625 1
10625 1
10625 1
10625 1
10626 1
10626 1
10626 1
10626 1
10626 1
10626 1
10626 1
10626 1
10626 1
10688 1
10688 1
10688 1
10688 1
10688 1
10688 1
10688 1
10688 1
10688 1
10718 1
10718 1
10718 1
10718 1
10718 1
10718 1
10718 1
10718 1
10718 1
10719 1
10719 1
10719 1
10719 1
10719 1
10719 1
10719 1
10719 1
10719 1
10721 1
10721 1
10721 1
10721 1
10721 1
10721 1
10721 1
10721 1
10721 1
10722 1
10722 1
10722 1
10722 1
10722 1
10722 1
10722 1
10722 1
10722 1
10723 1
10723 1
10723 1
10723 1
10723 1
10723 1
10723 1
10723 1
10723 1
10724 1
10724 1
10724 1
10724 1
10724 1
10724 1
10724 1
10724 1
10724 1
10725 1
10725 1
10725 1
10725 1
10725 1
10725 1
10725 1
10725 1
10725 1
10790 1
10790 1
10790 1
10790 1
10790 1
10790 1
10790 1
10790 1
10790 1
10794 1
10794 1
10794 1
10794 1
10794 1
10794 1
10794 1
10794 1
10794 1
10819 1
10819 1
10819 1
10819 1
10819 1
10819 1
10819 1
10819 1
10819 1
10821 1
10821 1
10821 1
10821 1
10821 1
10821 1
10821 1
10821 1
10821 1
10822 1
10822 1
10822 1
10822 1
10822 1
10822 1
10822 1
10822 1
10822 1
10823 1
10823 1
10823 1
10823 1
10823 1
10823 1
10823 1
10823 1
10823 1
10824 1
10824 1
10824 1
10824 1
10824 1
10824 1
10824 1
10824 1
10824 1
10825 1
10825 1
10825 1
10825 1
10825 1
10825 1
10825 1
10825 1
10825 1
10826 1
10826 1
10826 1
10826 1
10826 1
10826 1
10826 1
10826 1
10826 1
10889 1
10889 1
10889 1
10889 1
10889 1
10889 1
10889 1
10889 1
10889 1
10890 1
10890 1
10890 1
10890 1
10890 1
10890 1
10890 1
10890 1
10890 1
10895 1
10895 1
10895 1
10895 1
10895 1
10895 1
10895 1
10895 1
10895 1
10921 1
10921 1
10921 1
10921 1
10921 1
10921 1
10921 1
10921 1
10921 1
10922 1
10922 1
10922 1
10922 1
10922 1
10922 1
10922 1
10922 1
10922 1
10923 1
10923 1
10923 1
10923 1
10923 1
10923 1
10923 1
10923 1
10923 1
10925 1
10925 1
10925 1
10925 1
10925 1
10925 1
10925 1
10925 1
10925 1
10926 1
10926 1
10926 1
10926 1
10926 1
10926 1
10926 1
10926 1
10926 1
10927 1
10927 1
10927 1
10927 1
10927 1
10927 1
10927 1
10927 1
10927 1
10928 1
10928 1
10928 1
10928 1
10928 1
10928 1
10928 1
10928 1
10928 1
10996 1
10996 1
10996 1
10996 1
10996 1
10996 1
10996 1
10996 1
10996 1
11005 1
11005 1
11005 1
11005 1
11005 1
11005 1
11005 1
11005 1
11005 1
11009 1
11009 1
11009 1
11009 1
11009 1
11009 1
11009 1
11009 1
11009 1
11030 1
11030 1
11030 1
11030 1
11030 1
11030 1
11030 1
11030 1
11030 1
11034 1
11034 1
11034 1
11034 1
11034 1
11034 1
11034 1
11034 1
11034 1
11035 1
11035 1
11035 1
11035 1
11035 1
11035 1
11035 1
11035 1
11035 1
11036 1
11036 1
11036 1
11036 1
11036 1
11036 1
11036 1
11036 1
11036 1
11037 1
11037 1
11037 1
11037 1
11037 1
11037 1
11037 1
11037 1
11037 1
11108 1
11108 1
11108 1
11108 1
11108 1
11108 1
11108 1
11108 1
11108 1
11114 1
11114 1
11114 1
11114 1
11114 1
11114 1
11114 1
11114 1
11114 1
11115 1
11115 1
11115 1
11115 1
11115 1
11115 1
11115 1
11115 1
11115 1
11145 1
11145 1
11145 1
11145 1
11145 1
11145 1
11145 1
11145 1
11145 1
11146 1
11146 1
11146 1
11146 1
11146 1
11146 1
11146 1
11146 1
11146 1
11147 1
11147 1
11147 1
11147 1
11147 1
11147 1
11147 1
11147 1
11147 1
11144 1
11144 1
11144 1
11144 1
11144 1
11144 1
11144 1
11144 1
11144 1
11233 1
11233 1
11233 1
11233 1
11233 1
11233 1
11233 1
11233 1
11233 1
11236 1
11236 1
11236 1
11236 1
11236 1
11236 1
11236 1
11236 1
11236 1
11261 1
11261 1
11261 1
11261 1
11261 1
11261 1
11261 1
11261 1
11261 1
11264 1
11264 1
11264 1
11264 1
11264 1
11264 1
11264 1
11264 1
11264 1
11265 1
11265 1
11265 1
11265 1
11265 1
11265 1
11265 1
11265 1
11265 1
11266 1
11266 1
11266 1
11266 1
11266 1
11266 1
11266 1
11266 1
11266 1
11267 1
11267 1
11267 1
11267 1
11267 1
11267 1
11267 1
11267 1
11267 1
11350 1
11350 1
11350 1
11350 1
11350 1
11350 1
11350 1
11350 1
11350 1
11385 1
11385 1
11385 1
11385 1
11385 1
11385 1
11385 1
11385 1
11385 1
11386 1
11386 1
11386 1
11386 1
11386 1
11386 1
11386 1
11386 1
11386 1
11387 1
11387 1
11387 1
11387 1
11387 1
11387 1
11387 1
11387 1
11387 1
11388 1
11388 1
11388 1
11388 1
11388 1
11388 1
11388 1
11388 1
11388 1
11389 1
11389 1
11389 1
11389 1
11389 1
11389 1
11389 1
11389 1
11389 1
11480 1
11480 1
11480 1
11480 1
11480 1
11480 1
11480 1
11480 1
11480 1
11484 1
11484 1
11484 1
11484 1
11484 1
11484 1
11484 1
11484 1
11484 1
11501 1
11501 1
11501 1
11501 1
11501 1
11501 1
11501 1
11501 1
11501 1
11507 1
11507 1
11507 1
11507 1
11507 1
11507 1
11507 1
11507 1
11507 1
11508 1
11508 1
11508 1
11508 1
11508 1
11508 1
11508 1
11508 1
11508 1
11512 1
11512 1
11512 1
11512 1
11512 1
11512 1
11512 1
11512 1
11512 1
11513 1
11513 1
11513 1
11513 1
11513 1
11513 1
11513 1
11513 1
11513 1
11514 1
11514 1
11514 1
11514 1
11514 1
11514 1
11514 1
11514 1
11514 1
11610 1
11610 1
11610 1
11610 1
11610 1
11610 1
11610 1
11610 1
11610 1
11626 1
11626 1
11626 1
11626 1
11626 1
11626 1
11626 1
11626 1
11626 1
11627 1
11627 1
11627 1
11627 1
11627 1
11627 1
11627 1
11627 1
11627 1
11628 1
11628 1
11628 1
11628 1
11628 1
11628 1
11628 1
11628 1
11628 1
11633 1
11633 1
11633 1
11633 1
11633 1
11633 1
11633 1
11633 1
11633 1
11635 1
11635 1
11635 1
11635 1
11635 1
11635 1
11635 1
11635 1
11635 1
11643 1
11643 1
11643 1
11643 1
11643 1
11643 1
11643 1
11643 1
11643 1
11640 1
11640 1
11640 1
11640 1
11640 1
11640 1
11640 1
11640 1
11640 1
11641 1
11641 1
11641 1
11641 1
11641 1
11641 1
11641 1
11641 1
11641 1
11642 1
11642 1
11642 1
11642 1
11642 1
11642 1
11642 1
11642 1
11642 1
11732 1
11732 1
11732 1
11732 1
11732 1
11732 1
11732 1
11732 1
11732 1
11752 1
11752 1
11752 1
11752 1
11752 1
11752 1
11752 1
11752 1
11752 1
11753 1
11753 1
11753 1
11753 1
11753 1
11753 1
11753 1
11753 1
11753 1
11754 1
11754 1
11754 1
11754 1
11754 1
11754 1
11754 1
11754 1
11754 1
11756 1
11756 1
11756 1
11756 1
11756 1
11756 1
11756 1
11756 1
11756 1
11757 1
11757 1
11757 1
11757 1
11757 1
11757 1
11757 1
11757 1
11757 1
11758 1
11758 1
11758 1
11758 1
11758 1
11758 1
11758 1
11758 1
11758 1
11759 1
11759 1
11759 1
11759 1
11759 1
11759 1
11759 1
11759 1
11759 1
11761 1
11761 1
11761 1
11761 1
11761 1
11761 1
11761 1
11761 1
11761 1
11762 1
11762 1
11762 1
11762 1
11762 1
11762 1
11762 1
11762 1
11762 1
11766 1
11766 1
11766 1
11766 1
11766 1
11766 1
11766 1
11766 1
11766 1
11769 1
11769 1
11769 1
11769 1
11769 1
11769 1
11769 1
11769 1
11769 1
11770 1
11770 1
11770 1
11770 1
11770 1
11770 1
11770 1
11770 1
11770 1
11771 1
11771 1
11771 1
11771 1
11771 1
11771 1
11771 1
11771 1
11771 1
11773 1
11773 1
11773 1
11773 1
11773 1
11773 1
11773 1
11773 1
11773 1
11866 1
11866 1
11866 1
11866 1
11866 1
11866 1
11866 1
11866 1
11866 1
11882 1
11882 1
11882 1
11882 1
11882 1
11882 1
11882 1
11882 1
11882 1
11884 1
11884 1
11884 1
11884 1
11884 1
11884 1
11884 1
11884 1
11884 1
11891 1
11891 1
11891 1
11891 1
11891 1
11891 1
11891 1
11891 1
11891 1
11894 1
11894 1
11894 1
11894 1
11894 1
11894 1
11894 1
11894 1
11894 1
11895 1
11895 1
11895 1
11895 1
11895 1
11895 1
11895 1
11895 1
11895 1
11899 1
11899 1
11899 1
11899 1
11899 1
11899 1
11899 1
11899 1
11899 1
11900 1
11900 1
11900 1
11900 1
11900 1
11900 1
11900 1
11900 1
11900 1
11901 1
11901 1
11901 1
11901 1
11901 1
11901 1
11901 1
11901 1
11901 1
11902 1
11902 1
11902 1
11902 1
11902 1
11902 1
11902 1
11902 1
11902 1
11904 1
11904 1
11904 1
11904 1
11904 1
11904 1
11904 1
11904 1
11904 1
11990 1
11990 1
11990 1
11990 1
11990 1
11990 1
11990 1
11990 1
11990 1
11997 1
11997 1
11997 1
11997 1
11997 1
11997 1
11997 1
11997 1
11997 1
12006 1
12006 1
12006 1
12006 1
12006 1
12006 1
12006 1
12006 1
12006 1
12007 1
12007 1
12007 1
12007 1
12007 1
12007 1
12007 1
12007 1
12007 1
12008 1
12008 1
12008 1
12008 1
12008 1
12008 1
12008 1
12008 1
12008 1
12010 1
12010 1
12010 1
12010 1
12010 1
12010 1
12010 1
12010 1
12010 1
12011 1
12011 1
12011 1
12011 1
12011 1
12011 1
12011 1
12011 1
12011 1
12014 1
12014 1
12014 1
12014 1
12014 1
12014 1
12014 1
12014 1
12014 1
12016 1
12016 1
12016 1
12016 1
12016 1
12016 1
12016 1
12016 1
12016 1
12017 1
12017 1
12017 1
12017 1
12017 1
12017 1
12017 1
12017 1
12017 1
12018 1
12018 1
12018 1
12018 1
12018 1
12018 1
12018 1
12018 1
12018 1
12020 1
12020 1
12020 1
12020 1
12020 1
12020 1
12020 1
12020 1
12020 1
12023 1
12023 1
12023 1
12023 1
12023 1
12023 1
12023 1
12023 1
12023 1
12024 1
12024 1
12024 1
12024 1
12024 1
12024 1
12024 1
12024 1
12024 1
12025 1
12025 1
12025 1
12025 1
12025 1
12025 1
12025 1
12025 1
12025 1
12026 1
12026 1
12026 1
12026 1
12026 1
12026 1
12026 1
12026 1
12026 1
12027 1
12027 1
12027 1
12027 1
12027 1
12027 1
12027 1
12027 1
12027 1
12028 1
12028 1
12028 1
12028 1
12028 1
12028 1
12028 1
12028 1
12028 1
12128 1
12128 1
12128 1
12128 1
12128 1
12128 1
12128 1
12128 1
12128 1
12129 1
12129 1
12129 1
12129 1
12129 1
12129 1
12129 1
12129 1
12129 1
12131 1
12131 1
12131 1
12131 1
12131 1
12131 1
12131 1
12131 1
12131 1
12133 1
12133 1
12133 1
12133 1
12133 1
12133 1
12133 1
12133 1
12133 1
12134 1
12134 1
12134 1
12134 1
12134 1
12134 1
12134 1
12134 1
12134 1
12136 1
12136 1
12136 1
12136 1
12136 1
12136 1
12136 1
12136 1
12136 1
12137 1
12137 1
12137 1
12137 1
12137 1
12137 1
12137 1
12137 1
12137 1
12138 1
12138 1
12138 1
12138 1
12138 1
12138 1
12138 1
12138 1
12138 1
12140 1
12140 1
12140 1
12140 1
12140 1
12140 1
12140 1
12140 1
12140 1
12144 1
12144 1
12144 1
12144 1
12144 1
12144 1
12144 1
12144 1
12144 1
12145 1
12145 1
12145 1
12145 1
12145 1
12145 1
12145 1
12145 1
12145 1
12146 1
12146 1
12146 1
12146 1
12146 1
12146 1
12146 1
12146 1
12146 1
12147 1
12147 1
12147 1
12147 1
12147 1
12147 1
12147 1
12147 1
12147 1
12148 1
12148 1
12148 1
12148 1
12148 1
12148 1
12148 1
12148 1
12148 1
12149 1
12149 1
12149 1
12149 1
12149 1
12149 1
12149 1
12149 1
12149 1
12150 1
12150 1
12150 1
12150 1
12150 1
12150 1
12150 1
12150 1
12150 1
12256 1
12256 1
12256 1
12256 1
12256 1
12256 1
12256 1
12256 1
12256 1
12260 1
12260 1
12260 1
12260 1
12260 1
12260 1
12260 1
12260 1
12260 1
12266 1
12266 1
12266 1
12266 1
12266 1
12266 1
12266 1
12266 1
12266 1
12268 1
12268 1
12268 1
12268 1
12268 1
12268 1
12268 1
12268 1
12268 1
12269 1
12269 1
12269 1
12269 1
12269 1
12269 1
12269 1
12269 1
12269 1
12270 1
12270 1
12270 1
12270 1
12270 1
12270 1
12270 1
12270 1
12270 1
12271 1
12271 1
12271 1
12271 1
12271 1
12271 1
12271 1
12271 1
12271 1
12272 1
12272 1
12272 1
12272 1
12272 1
12272 1
12272 1
12272 1
12272 1
12273 1
12273 1
12273 1
12273 1
12273 1
12273 1
12273 1
12273 1
12273 1
12274 1
12274 1
12274 1
12274 1
12274 1
12274 1
12274 1
12274 1
12274 1
12275 1
12275 1
12275 1
12275 1
12275 1
12275 1
12275 1
12275 1
12275 1
12368 1
12368 1
12368 1
12368 1
12368 1
12368 1
12368 1
12368 1
12368 1
12381 1
12381 1
12381 1
12381 1
12381 1
12381 1
12381 1
12381 1
12381 1
12384 1
12384 1
12384 1
12384 1
12384 1
12384 1
12384 1
12384 1
12384 1
12386 1
12386 1
12386 1
12386 1
12386 1
12386 1
12386 1
12386 1
12386 1
12388 1
12388 1
12388 1
12388 1
12388 1
12388 1
12388 1
12388 1
12388 1
12394 1
12394 1
12394 1
12394 1
12394 1
12394 1
12394 1
12394 1
12394 1
12395 1
12395 1
12395 1
12395 1
12395 1
12395 1
12395 1
12395 1
12395 1
12396 1
12396 1
12396 1
12396 1
12396 1
12396 1
12396 1
12396 1
12396 1
12399 1
12399 1
12399 1
12399 1
12399 1
12399 1
12399 1
12399 1
12399 1
12400 1
12400 1
12400 1
12400 1
12400 1
12400 1
12400 1
12400 1
12400 1
12401 1
12401 1
12401 1
12401 1
12401 1
12401 1
12401 1
12401 1
12401 1
12402 1
12402 1
12402 1
12402 1
12402 1
12402 1
12402 1
12402 1
12402 1
12405 1
12405 1
12405 1
12405 1
12405 1
12405 1
12405 1
12405 1
12405 1
12500 1
12500 1
12500 1
12500 1
12500 1
12500 1
12500 1
12500 1
12500 1
12501 1
12501 1
12501 1
12501 1
12501 1
12501 1
12501 1
12501 1
12501 1
12511 1
12511 1
12511 1
12511 1
12511 1
12511 1
12511 1
12511 1
12511 1
12516 1
12516 1
12516 1
12516 1
12516 1
12516 1
12516 1
12516 1
12516 1
12520 1
12520 1
12520 1
12520 1
12520 1
12520 1
12520 1
12520 1
12520 1
12522 1
12522 1
12522 1
12522 1
12522 1
12522 1
12522 1
12522 1
12522 1
12523 1
12523 1
12523 1
12523 1
12523 1
12523 1
12523 1
12523 1
12523 1
12524 1
12524 1
12524 1
12524 1
12524 1
12524 1
12524 1
12524 1
12524 1
12525 1
12525 1
12525 1
12525 1
12525 1
12525 1
12525 1
12525 1
12525 1
12526 1
12526 1
12526 1
12526 1
12526 1
12526 1
12526 1
12526 1
12526 1
12527 1
12527 1
12527 1
12527 1
12527 1
12527 1
12527 1
12527 1
12527 1
12528 1
12528 1
12528 1
12528 1
12528 1
12528 1
12528 1
12528 1
12528 1
12529 1
12529 1
12529 1
12529 1
12529 1
12529 1
12529 1
12529 1
12529 1
12530 1
12530 1
12530 1
12530 1
12530 1
12530 1
12530 1
12530 1
12530 1
12531 1
12531 1
12531 1
12531 1
12531 1
12531 1
12531 1
12531 1
12531 1
12532 1
12532 1
12532 1
12532 1
12532 1
12532 1
12532 1
12532 1
12532 1
12533 1
12533 1
12533 1
12533 1
12533 1
12533 1
12533 1
12533 1
12533 1
12534 1
12534 1
12534 1
12534 1
12534 1
12534 1
12534 1
12534 1
12534 1
12535 1
12535 1
12535 1
12535 1
12535 1
12535 1
12535 1
12535 1
12535 1
12536 1
12536 1
12536 1
12536 1
12536 1
12536 1
12536 1
12536 1
12536 1
12537 1
12537 1
12537 1
12537 1
12537 1
12537 1
12537 1
12537 1
12537 1
12628 1
12628 1
12628 1
12628 1
12628 1
12628 1
12628 1
12628 1
12628 1
12643 1
12643 1
12643 1
12643 1
12643 1
12643 1
12643 1
12643 1
12643 1
12645 1
12645 1
12645 1
12645 1
12645 1
12645 1
12645 1
12645 1
12645 1
12646 1
12646 1
12646 1
12646 1
12646 1
12646 1
12646 1
12646 1
12646 1
12651 1
12651 1
12651 1
12651 1
12651 1
12651 1
12651 1
12651 1
12651 1
12652 1
12652 1
12652 1
12652 1
12652 1
12652 1
12652 1
12652 1
12652 1
12654 1
12654 1
12654 1
12654 1
12654 1
12654 1
12654 1
12654 1
12654 1
12655 1
12655 1
12655 1
12655 1
12655 1
12655 1
12655 1
12655 1
12655 1
12656 1
12656 1
12656 1
12656 1
12656 1
12656 1
12656 1
12656 1
12656 1
12657 1
12657 1
12657 1
12657 1
12657 1
12657 1
12657 1
12657 1
12657 1
12658 1
12658 1
12658 1
12658 1
12658 1
12658 1
12658 1
12658 1
12658 1
12659 1
12659 1
12659 1
12659 1
12659 1
12659 1
12659 1
12659 1
12659 1
12660 1
12660 1
12660 1
12660 1
12660 1
12660 1
12660 1
12660 1
12660 1
12661 1
12661 1
12661 1
12661 1
12661 1
12661 1
12661 1
12661 1
12661 1
12748 1
12748 1
12748 1
12748 1
12748 1
12748 1
12748 1
12748 1
12748 1
12760 1
12760 1
12760 1
12760 1
12760 1
12760 1
12760 1
12760 1
12760 1
12764 1
12764 1
12764 1
12764 1
12764 1
12764 1
12764 1
12764 1
12764 1
12765 1
12765 1
12765 1
12765 1
12765 1
12765 1
12765 1
12765 1
12765 1
12766 1
12766 1
12766 1
12766 1
12766 1
12766 1
12766 1
12766 1
12766 1
12767 1
12767 1
12767 1
12767 1
12767 1
12767 1
12767 1
12767 1
12767 1
12768 1
12768 1
12768 1
12768 1
12768 1
12768 1
12768 1
12768 1
12768 1
12769 1
12769 1
12769 1
12769 1
12769 1
12769 1
12769 1
12769 1
12769 1
12862 1
12862 1
12862 1
12862 1
12862 1
12862 1
12862 1
12862 1
12862 1
12863 1
12863 1
12863 1
12863 1
12863 1
12863 1
12863 1
12863 1
12863 1
12864 1
12864 1
12864 1
12864 1
12864 1
12864 1
12864 1
12864 1
12864 1
12867 1
12867 1
12867 1
12867 1
12867 1
12867 1
12867 1
12867 1
12867 1
12880 1
12880 1
12880 1
12880 1
12880 1
12880 1
12880 1
12880 1
12880 1
12883 1
12883 1
12883 1
12883 1
12883 1
12883 1
12883 1
12883 1
12883 1
12884 1
12884 1
12884 1
12884 1
12884 1
12884 1
12884 1
12884 1
12884 1
12885 1
12885 1
12885 1
12885 1
12885 1
12885 1
12885 1
12885 1
12885 1
12886 1
12886 1
12886 1
12886 1
12886 1
12886 1
12886 1
12886 1
12886 1
12888 1
12888 1
12888 1
12888 1
12888 1
12888 1
12888 1
12888 1
12888 1
12889 1
12889 1
12889 1
12889 1
12889 1
12889 1
12889 1
12889 1
12889 1
12984 1
12984 1
12984 1
12984 1
12984 1
12984 1
12984 1
12984 1
12984 1
13005 1
13005 1
13005 1
13005 1
13005 1
13005 1
13005 1
13005 1
13005 1
13006 1
13006 1
13006 1
13006 1
13006 1
13006 1
13006 1
13006 1
13006 1
13007 1
13007 1
13007 1
13007 1
13007 1
13007 1
13007 1
13007 1
13007 1
13008 1
13008 1
13008 1
13008 1
13008 1
13008 1
13008 1
13008 1
13008 1
13009 1
13009 1
13009 1
13009 1
13009 1
13009 1
13009 1
13009 1
13009 1
13010 1
13010 1
13010 1
13010 1
13010 1
13010 1
13010 1
13010 1
13010 1
13096 1
13096 1
13096 1
13096 1
13096 1
13096 1
13096 1
13096 1
13096 1
13098 1
13098 1
13098 1
13098 1
13098 1
13098 1
13098 1
13098 1
13098 1
13099 1
13099 1
13099 1
13099 1
13099 1
13099 1
13099 1
13099 1
13099 1
13103 1
13103 1
13103 1
13103 1
13103 1
13103 1
13103 1
13103 1
13103 1
13117 1
13117 1
13117 1
13117 1
13117 1
13117 1
13117 1
13117 1
13117 1
13118 1
13118 1
13118 1
13118 1
13118 1
13118 1
13118 1
13118 1
13118 1
13119 1
13119 1
13119 1
13119 1
13119 1
13119 1
13119 1
13119 1
13119 1
13121 1
13121 1
13121 1
13121 1
13121 1
13121 1
13121 1
13121 1
13121 1
13123 1
13123 1
13123 1
13123 1
13123 1
13123 1
13123 1
13123 1
13123 1
13206 1
13206 1
13206 1
13206 1
13206 1
13206 1
13206 1
13206 1
13206 1
13208 1
13208 1
13208 1
13208 1
13208 1
13208 1
13208 1
13208 1
13208 1
13209 1
13209 1
13209 1
13209 1
13209 1
13209 1
13209 1
13209 1
13209 1
13220 1
13220 1
13220 1
13220 1
13220 1
13220 1
13220 1
13220 1
13220 1
13223 1
13223 1
13223 1
13223 1
13223 1
13223 1
13223 1
13223 1
13223 1
13224 1
13224 1
13224 1
13224 1
13224 1
13224 1
13224 1
13224 1
13224 1
13297 1
13297 1
13297 1
13297 1
13297 1
13297 1
13297 1
13297 1
13297 1
13299 1
13299 1
13299 1
13299 1
13299 1
13299 1
13299 1
13299 1
13299 1
13304 1
13304 1
13304 1
13304 1
13304 1
13304 1
13304 1
13304 1
13304 1
13318 1
13318 1
13318 1
13318 1
13318 1
13318 1
13318 1
13318 1
13318 1
13319 1
13319 1
13319 1
13319 1
13319 1
13319 1
13319 1
13319 1
13319 1
13320 1
13320 1
13320 1
13320 1
13320 1
13320 1
13320 1
13320 1
13320 1
13324 1
13324 1
13324 1
13324 1
13324 1
13324 1
13324 1
13324 1
13324 1
13383 1
13383 1
13383 1
13383 1
13383 1
13383 1
13383 1
13383 1
13383 1
13399 1
13399 1
13399 1
13399 1
13399 1
13399 1
13399 1
13399 1
13399 1
13400 1
13400 1
13400 1
13400 1
13400 1
13400 1
13400 1
13400 1
13400 1
13402 1
13402 1
13402 1
13402 1
13402 1
13402 1
13402 1
13402 1
13402 1
13405 1
13405 1
13405 1
13405 1
13405 1
13405 1
13405 1
13405 1
13405 1
13407 1
13407 1
13407 1
13407 1
13407 1
13407 1
13407 1
13407 1
13407 1
13408 1
13408 1
13408 1
13408 1
13408 1
13408 1
13408 1
13408 1
13408 1
13462 1
13462 1
13462 1
13462 1
13462 1
13462 1
13462 1
13462 1
13462 1
13473 1
13473 1
13473 1
13473 1
13473 1
13473 1
13473 1
13473 1
13473 1
13484 1
13484 1
13484 1
13484 1
13484 1
13484 1
13484 1
13484 1
13484 1
13486 1
13486 1
13486 1
13486 1
13486 1
13486 1
13486 1
13486 1
13486 1
13488 1
13488 1
13488 1
13488 1
13488 1
13488 1
13488 1
13488 1
13488 1
13490 1
13490 1
13490 1
13490 1
13490 1
13490 1
13490 1
13490 1
13490 1
13534 1
13534 1
13534 1
13534 1
13534 1
13534 1
13534 1
13534 1
13534 1
13550 1
13550 1
13550 1
13550 1
13550 1
13550 1
13550 1
13550 1
13550 1
13556 1
13556 1
13556 1
13556 1
13556 1
13556 1
13556 1
13556 1
13556 1
13559 1
13559 1
13559 1
13559 1
13559 1
13559 1
13559 1
13559 1
13559 1
13617 1
13617 1
13617 1
13617 1
13617 1
13617 1
13617 1
13617 1
13617 1
13618 1
13618 1
13618 1
13618 1
13618 1
13618 1
13618 1
13618 1
13618 1
13619 1
13619 1
13619 1
13619 1
13619 1
13619 1
13619 1
13619 1
13619 1
13652 1
13652 1
13652 1
13652 1
13652 1
13652 1
13652 1
13652 1
13652 1
13664 1
13664 1
13664 1
13664 1
13664 1
13664 1
13664 1
13664 1
13664 1
13670 1
13670 1
13670 1
13670 1
13670 1
13670 1
13670 1
13670 1
13670 1
13671 1
13671 1
13671 1
13671 1
13671 1
13671 1
13671 1
13671 1
13671 1
13672 1
13672 1
13672 1
13672 1
13672 1
13672 1
13672 1
13672 1
13672 1
13674 1
13674 1
13674 1
13674 1
13674 1
13674 1
13674 1
13674 1
13674 1
13675 1
13675 1
13675 1
13675 1
13675 1
13675 1
13675 1
13675 1
13675 1
13676 1
13676 1
13676 1
13676 1
13676 1
13676 1
13676 1
13676 1
13676 1
13709 1
13709 1
13709 1
13709 1
13709 1
13709 1
13709 1
13709 1
13709 1
13726 1
13726 1
13726 1
13726 1
13726 1
13726 1
13726 1
13726 1
13726 1
13728 1
13728 1
13728 1
13728 1
13728 1
13728 1
13728 1
13728 1
13728 1
13729 1
13729 1
13729 1
13729 1
13729 1
13729 1
13729 1
13729 1
13729 1
13730 1
13730 1
13730 1
13730 1
13730 1
13730 1
13730 1
13730 1
13730 1
13731 1
13731 1
13731 1
13731 1
13731 1
13731 1
13731 1
13731 1
13731 1
13781 1
13781 1
13781 1
13781 1
13781 1
13781 1
13781 1
13781 1
13781 1
13782 1
13782 1
13782 1
13782 1
13782 1
13782 1
13782 1
13782 1
13782 1
13783 1
13783 1
13783 1
13783 1
13783 1
13783 1
13783 1
13783 1
13783 1
13784 1
13784 1
13784 1
13784 1
13784 1
13784 1
13784 1
13784 1
13784 1
13785 1
13785 1
13785 1
13785 1
13785 1
13785 1
13785 1
13785 1
13785 1
13823 1
13823 1
13823 1
13823 1
13823 1
13823 1
13823 1
13823 1
13823 1
13829 1
13829 1
13829 1
13829 1
13829 1
13829 1
13829 1
13829 1
13829 1
13831 1
13831 1
13831 1
13831 1
13831 1
13831 1
13831 1
13831 1
13831 1
13835 1
13835 1
13835 1
13835 1
13835 1
13835 1
13835 1
13835 1
13835 1
13836 1
13836 1
13836 1
13836 1
13836 1
13836 1
13836 1
13836 1
13836 1
13837 1
13837 1
13837 1
13837 1
13837 1
13837 1
13837 1
13837 1
13837 1
13838 1
13838 1
13838 1
13838 1
13838 1
13838 1
13838 1
13838 1
13838 1
13885 1
13885 1
13885 1
13885 1
13885 1
13885 1
13885 1
13885 1
13885 1
13888 1
13888 1
13888 1
13888 1
13888 1
13888 1
13888 1
13888 1
13888 1
13889 1
13889 1
13889 1
13889 1
13889 1
13889 1
13889 1
13889 1
13889 1
13892 1
13892 1
13892 1
13892 1
13892 1
13892 1
13892 1
13892 1
13892 1
13893 1
13893 1
13893 1
13893 1
13893 1
13893 1
13893 1
13893 1
13893 1
13927 1
13927 1
13927 1
13927 1
13927 1
13927 1
13927 1
13927 1
13927 1
13942 1
13942 1
13942 1
13942 1
13942 1
13942 1
13942 1
13942 1
13942 1
13944 1
13944 1
13944 1
13944 1
13944 1
13944 1
13944 1
13944 1
13944 1
13947 1
13947 1
13947 1
13947 1
13947 1
13947 1
13947 1
13947 1
13947 1
13948 1
13948 1
13948 1
13948 1
13948 1
13948 1
13948 1
13948 1
13948 1
13949 1
13949 1
13949 1
13949 1
13949 1
13949 1
13949 1
13949 1
13949 1
13950 1
13950 1
13950 1
13950 1
13950 1
13950 1
13950 1
13950 1
13950 1
13951 1
13951 1
13951 1
13951 1
13951 1
13951 1
13951 1
13951 1
13951 1
13952 1
13952 1
13952 1
13952 1
13952 1
13952 1
13952 1
13952 1
13952 1
13997 1
13997 1
13997 1
13997 1
13997 1
13997 1
13997 1
13997 1
13997 1
14005 1
14005 1
14005 1
14005 1
14005 1
14005 1
14005 1
14005 1
14005 1
14006 1
14006 1
14006 1
14006 1
14006 1
14006 1
14006 1
14006 1
14006 1
14008 1
14008 1
14008 1
14008 1
14008 1
14008 1
14008 1
14008 1
14008 1
14009 1
14009 1
14009 1
14009 1
14009 1
14009 1
14009 1
14009 1
14009 1
14038 1
14038 1
14038 1
14038 1
14038 1
14038 1
14038 1
14038 1
14038 1
14045 1
14045 1
14045 1
14045 1
14045 1
14045 1
14045 1
14045 1
14045 1
14049 1
14049 1
14049 1
14049 1
14049 1
14049 1
14049 1
14049 1
14049 1
14053 1
14053 1
14053 1
14053 1
14053 1
14053 1
14053 1
14053 1
14053 1
14054 1
14054 1
14054 1
14054 1
14054 1
14054 1
14054 1
14054 1
14054 1
14055 1
14055 1
14055 1
14055 1
14055 1
14055 1
14055 1
14055 1
14055 1
14056 1
14056 1
14056 1
14056 1
14056 1
14056 1
14056 1
14056 1
14056 1
14058 1
14058 1
14058 1
14058 1
14058 1
14058 1
14058 1
14058 1
14058 1
14059 1
14059 1
14059 1
14059 1
14059 1
14059 1
14059 1
14059 1
14059 1
14062 1
14062 1
14062 1
14062 1
14062 1
14062 1
14062 1
14062 1
14062 1
14064 1
14064 1
14064 1
14064 1
14064 1
14064 1
14064 1
14064 1
14064 1
14099 1
14099 1
14099 1
14099 1
14099 1
14099 1
14099 1
14099 1
14099 1
14106 1
14106 1
14106 1
14106 1
14106 1
14106 1
14106 1
14106 1
14106 1
14107 1
14107 1
14107 1
14107 1
14107 1
14107 1
14107 1
14107 1
14107 1
14109 1
14109 1
14109 1
14109 1
14109 1
14109 1
14109 1
14109 1
14109 1
14113 1
14113 1
14113 1
14113 1
14113 1
14113 1
14113 1
14113 1
14113 1
14151 1
14151 1
14151 1
14151 1
14151 1
14151 1
14151 1
14151 1
14151 1
14152 1
14152 1
14152 1
14152 1
14152 1
14152 1
14152 1
14152 1
14152 1
14166 1
14166 1
14166 1
14166 1
14166 1
14166 1
14166 1
14166 1
14166 1
14169 1
14169 1
14169 1
14169 1
14169 1
14169 1
14169 1
14169 1
14169 1
14203 1
14203 1
14203 1
14203 1
14203 1
14203 1
14203 1
14203 1
14203 1
14210 1
14210 1
14210 1
14210 1
14210 1
14210 1
14210 1
14210 1
14210 1
14211 1
14211 1
14211 1
14211 1
14211 1
14211 1
14211 1
14211 1
14211 1
14212 1
14212 1
14212 1
14212 1
14212 1
14212 1
14212 1
14212 1
14212 1
14213 1
14213 1
14213 1
14213 1
14213 1
14213 1
14213 1
14213 1
14213 1
14214 1
14214 1
14214 1
14214 1
14214 1
14214 1
14214 1
14214 1
14214 1
14216 1
14216 1
14216 1
14216 1
14216 1
14216 1
14216 1
14216 1
14216 1
14246 1
14246 1
14246 1
14246 1
14246 1
14246 1
14246 1
14246 1
14246 1
14256 1
14256 1
14256 1
14256 1
14256 1
14256 1
14256 1
14256 1
14256 1
14257 1
14257 1
14257 1
14257 1
14257 1
14257 1
14257 1
14257 1
14257 1
14258 1
14258 1
14258 1
14258 1
14258 1
14258 1
14258 1
14258 1
14258 1
14259 1
14259 1
14259 1
14259 1
14259 1
14259 1
14259 1
14259 1
14259 1
14260 1
14260 1
14260 1
14260 1
14260 1
14260 1
14260 1
14260 1
14260 1
14261 1
14261 1
14261 1
14261 1
14261 1
14261 1
14261 1
14261 1
14261 1
14263 1
14263 1
14263 1
14263 1
14263 1
14263 1
14263 1
14263 1
14263 1
14285 1
14285 1
14285 1
14285 1
14285 1
14285 1
14285 1
14285 1
14285 1
14287 1
14287 1
14287 1
14287 1
14287 1
14287 1
14287 1
14287 1
14287 1
14290 1
14290 1
14290 1
14290 1
14290 1
14290 1
14290 1
14290 1
14290 1
14291 1
14291 1
14291 1
14291 1
14291 1
14291 1
14291 1
14291 1
14291 1
14296 1
14296 1
14296 1
14296 1
14296 1
14296 1
14296 1
14296 1
14296 1
14300 1
14300 1
14300 1
14300 1
14300 1
14300 1
14300 1
14300 1
14300 1
14301 1
14301 1
14301 1
14301 1
14301 1
14301 1
14301 1
14301 1
14301 1
14304 1
14304 1
14304 1
14304 1
14304 1
14304 1
14304 1
14304 1
14304 1
14305 1
14305 1
14305 1
14305 1
14305 1
14305 1
14305 1
14305 1
14305 1
14306 1
14306 1
14306 1
14306 1
14306 1
14306 1
14306 1
14306 1
14306 1
14307 1
14307 1
14307 1
14307 1
14307 1
14307 1
14307 1
14307 1
14307 1
14308 1
14308 1
14308 1
14308 1
14308 1
14308 1
14308 1
14308 1
14308 1
14309 1
14309 1
14309 1
14309 1
14309 1
14309 1
14309 1
14309 1
14309 1
14310 1
14310 1
14310 1
14310 1
14310 1
14310 1
14310 1
14310 1
14310 1
14330 1
14330 1
14330 1
14330 1
14330 1
14330 1
14330 1
14330 1
14330 1
14337 1
14337 1
14337 1
14337 1
14337 1
14337 1
14337 1
14337 1
14337 1
14338 1
14338 1
14338 1
14338 1
14338 1
14338 1
14338 1
14338 1
14338 1
14343 1
14343 1
14343 1
14343 1
14343 1
14343 1
14343 1
14343 1
14343 1
14344 1
14344 1
14344 1
14344 1
14344 1
14344 1
14344 1
14344 1
14344 1
14345 1
14345 1
14345 1
14345 1
14345 1
14345 1
14345 1
14345 1
14345 1
14348 1
14348 1
14348 1
14348 1
14348 1
14348 1
14348 1
14348 1
14348 1
14349 1
14349 1
14349 1
14349 1
14349 1
14349 1
14349 1
14349 1
14349 1
14350 1
14350 1
14350 1
14350 1
14350 1
14350 1
14350 1
14350 1
14350 1
14351 1
14351 1
14351 1
14351 1
14351 1
14351 1
14351 1
14351 1
14351 1
14355 1
14355 1
14355 1
14355 1
14355 1
14355 1
14355 1
14355 1
14355 1
14380 1
14380 1
14380 1
14380 1
14380 1
14380 1
14380 1
14380 1
14380 1
14383 1
14383 1
14383 1
14383 1
14383 1
14383 1
14383 1
14383 1
14383 1
14386 1
14386 1
14386 1
14386 1
14386 1
14386 1
14386 1
14386 1
14386 1
14387 1
14387 1
14387 1
14387 1
14387 1
14387 1
14387 1
14387 1
14387 1
14391 1
14391 1
14391 1
14391 1
14391 1
14391 1
14391 1
14391 1
14391 1
14392 1
14392 1
14392 1
14392 1
14392 1
14392 1
14392 1
14392 1
14392 1
14394 1
14394 1
14394 1
14394 1
14394 1
14394 1
14394 1
14394 1
14394 1
14395 1
14395 1
14395 1
14395 1
14395 1
14395 1
14395 1
14395 1
14395 1
14396 1
14396 1
14396 1
14396 1
14396 1
14396 1
14396 1
14396 1
14396 1
14397 1
14397 1
14397 1
14397 1
14397 1
14397 1
14397 1
14397 1
14397 1
14422 1
14422 1
14422 1
14422 1
14422 1
14422 1
14422 1
14422 1
14422 1
14423 1
14423 1
14423 1
14423 1
14423 1
14423 1
14423 1
14423 1
14423 1
14424 1
14424 1
14424 1
14424 1
14424 1
14424 1
14424 1
14424 1
14424 1
14425 1
14425 1
14425 1
14425 1
14425 1
14425 1
14425 1
14425 1
14425 1
14426 1
14426 1
14426 1
14426 1
14426 1
14426 1
14426 1
14426 1
14426 1
14427 1
14427 1
14427 1
14427 1
14427 1
14427 1
14427 1
14427 1
14427 1
14429 1
14429 1
14429 1
14429 1
14429 1
14429 1
14429 1
14429 1
14429 1
14432 1
14432 1
14432 1
14432 1
14432 1
14432 1
14432 1
14432 1
14432 1
14433 1
14433 1
14433 1
14433 1
14433 1
14433 1
14433 1
14433 1
14433 1
14435 1
14435 1
14435 1
14435 1
14435 1
14435 1
14435 1
14435 1
14435 1
14438 1
14438 1
14438 1
14438 1
14438 1
14438 1
14438 1
14438 1
14438 1
14462 1
14462 1
14462 1
14462 1
14462 1
14462 1
14462 1
14462 1
14462 1
14463 1
14463 1
14463 1
14463 1
14463 1
14463 1
14463 1
14463 1
14463 1
14464 1
14464 1
14464 1
14464 1
14464 1
14464 1
14464 1
14464 1
14464 1
14465 1
14465 1
14465 1
14465 1
14465 1
14465 1
14465 1
14465 1
14465 1
14466 1
14466 1
14466 1
14466 1
14466 1
14466 1
14466 1
14466 1
14466 1
14470 1
14470 1
14470 1
14470 1
14470 1
14470 1
14470 1
14470 1
14470 1
14472 1
14472 1
14472 1
14472 1
14472 1
14472 1
14472 1
14472 1
14472 1
14473 1
14473 1
14473 1
14473 1
14473 1
14473 1
14473 1
14473 1
14473 1
14475 1
14475 1
14475 1
14475 1
14475 1
14475 1
14475 1
14475 1
14475 1
14499 1
14499 1
14499 1
14499 1
14499 1
14499 1
14499 1
14499 1
14499 1
14501 1
14501 1
14501 1
14501 1
14501 1
14501 1
14501 1
14501 1
14501 1
14507 1
14507 1
14507 1
14507 1
14507 1
14507 1
14507 1
14507 1
14507 1
14508 1
14508 1
14508 1
14508 1
14508 1
14508 1
14508 1
14508 1
14508 1
14509 1
14509 1
14509 1
14509 1
14509 1
14509 1
14509 1
14509 1
14509 1
14529 1
14529 1
14529 1
14529 1
14529 1
14529 1
14529 1
14529 1
14529 1
14531 1
14531 1
14531 1
14531 1
14531 1
14531 1
14531 1
14531 1
14531 1
14533 1
14533 1
14533 1
14533 1
14533 1
14533 1
14533 1
14533 1
14533 1
14534 1
14534 1
14534 1
14534 1
14534 1
14534 1
14534 1
14534 1
14534 1
14537 1
14537 1
14537 1
14537 1
14537 1
14537 1
14537 1
14537 1
14537 1
14538 1
14538 1
14538 1
14538 1
14538 1
14538 1
14538 1
14538 1
14538 1
14540 1
14540 1
14540 1
14540 1
14540 1
14540 1
14540 1
14540 1
14540 1
14561 1
14561 1
14561 1
14561 1
14561 1
14561 1
14561 1
14561 1
14561 1
14565 1
14565 1
14565 1
14565 1
14565 1
14565 1
14565 1
14565 1
14565 1
14566 1
14566 1
14566 1
14566 1
14566 1
14566 1
14566 1
14566 1
14566 1
14569 1
14569 1
14569 1
14569 1
14569 1
14569 1
14569 1
14569 1
14569 1
14570 1
14570 1
14570 1
14570 1
14570 1
14570 1
14570 1
14570 1
14570 1
14571 1
14571 1
14571 1
14571 1
14571 1
14571 1
14571 1
14571 1
14571 1
14572 1
14572 1
14572 1
14572 1
14572 1
14572 1
14572 1
14572 1
14572 1
14573 1
14573 1
14573 1
14573 1
14573 1
14573 1
14573 1
14573 1
14573 1
14596 1
14596 1
14596 1
14596 1
14596 1
14596 1
14596 1
14596 1
14596 1
14598 1
14598 1
14598 1
14598 1
14598 1
14598 1
14598 1
14598 1
14598 1
14600 1
14600 1
14600 1
14600 1
14600 1
14600 1
14600 1
14600 1
14600 1
14601 1
14601 1
14601 1
14601 1
14601 1
14601 1
14601 1
14601 1
14601 1
14603 1
14603 1
14603 1
14603 1
14603 1
14603 1
14603 1
14603 1
14603 1
14604 1
14604 1
14604 1
14604 1
14604 1
14604 1
14604 1
14604 1
14604 1
14605 1
14605 1
14605 1
14605 1
14605 1
14605 1
14605 1
14605 1
14605 1
14606 1
14606 1
14606 1
14606 1
14606 1
14606 1
14606 1
14606 1
14606 1
14607 1
14607 1
14607 1
14607 1
14607 1
14607 1
14607 1
14607 1
14607 1
14626 1
14626 1
14626 1
14626 1
14626 1
14626 1
14626 1
14626 1
14626 1
14633 1
14633 1
14633 1
14633 1
14633 1
14633 1
14633 1
14633 1
14633 1
14635 1
14635 1
14635 1
14635 1
14635 1
14635 1
14635 1
14635 1
14635 1
14636 1
14636 1
14636 1
14636 1
14636 1
14636 1
14636 1
14636 1
14636 1
14640 1
14640 1
14640 1
14640 1
14640 1
14640 1
14640 1
14640 1
14640 1
14641 1
14641 1
14641 1
14641 1
14641 1
14641 1
14641 1
14641 1
14641 1
14662 1
14662 1
14662 1
14662 1
14662 1
14662 1
14662 1
14662 1
14662 1
14663 1
14663 1
14663 1
14663 1
14663 1
14663 1
14663 1
14663 1
14663 1
14668 1
14668 1
14668 1
14668 1
14668 1
14668 1
14668 1
14668 1
14668 1
14673 1
14673 1
14673 1
14673 1
14673 1
14673 1
14673 1
14673 1
14673 1
14674 1
14674 1
14674 1
14674 1
14674 1
14674 1
14674 1
14674 1
14674 1
14694 1
14694 1
14694 1
14694 1
14694 1
14694 1
14694 1
14694 1
14694 1
14698 1
14698 1
14698 1
14698 1
14698 1
14698 1
14698 1
14698 1
14698 1
14699 1
14699 1
14699 1
14699 1
14699 1
14699 1
14699 1
14699 1
14699 1
14700 1
14700 1
14700 1
14700 1
14700 1
14700 1
14700 1
14700 1
14700 1
14706 1
14706 1
14706 1
14706 1
14706 1
14706 1
14706 1
14706 1
14706 1
14707 1
14707 1
14707 1
14707 1
14707 1
14707 1
14707 1
14707 1
14707 1
14729 1
14729 1
14729 1
14729 1
14729 1
14729 1
14729 1
14729 1
14729 1
14731 1
14731 1
14731 1
14731 1
14731 1
14731 1
14731 1
14731 1
14731 1
14732 1
14732 1
14732 1
14732 1
14732 1
14732 1
14732 1
14732 1
14732 1
14733 1
14733 1
14733 1
14733 1
14733 1
14733 1
14733 1
14733 1
14733 1
14739 1
14739 1
14739 1
14739 1
14739 1
14739 1
14739 1
14739 1
14739 1
14759 1
14759 1
14759 1
14759 1
14759 1
14759 1
14759 1
14759 1
14759 1
14770 1
14770 1
14770 1
14770 1
14770 1
14770 1
14770 1
14770 1
14770 1
14788 1
14788 1
14788 1
14788 1
14788 1
14788 1
14788 1
14788 1
14788 1
14794 1
14794 1
14794 1
14794 1
14794 1
14794 1
14794 1
14794 1
14794 1
14795 1
14795 1
14795 1
14795 1
14795 1
14795 1
14795 1
14795 1
14795 1
14796 1
14796 1
14796 1
14796 1
14796 1
14796 1
14796 1
14796 1
14796 1
14801 1
14801 1
14801 1
14801 1
14801 1
14801 1
14801 1
14801 1
14801 1
14802 1
14802 1
14802 1
14802 1
14802 1
14802 1
14802 1
14802 1
14802 1
14825 1
14825 1
14825 1
14825 1
14825 1
14825 1
14825 1
14825 1
14825 1
14826 1
14826 1
14826 1
14826 1
14826 1
14826 1
14826 1
14826 1
14826 1
14827 1
14827 1
14827 1
14827 1
14827 1
14827 1
14827 1
14827 1
14827 1
14828 1
14828 1
14828 1
14828 1
14828 1
14828 1
14828 1
14828 1
14828 1
14830 1
14830 1
14830 1
14830 1
14830 1
14830 1
14830 1
14830 1
14830 1
14831 1
14831 1
14831 1
14831 1
14831 1
14831 1
14831 1
14831 1
14831 1
14857 1
14857 1
14857 1
14857 1
14857 1
14857 1
14857 1
14857 1
14857 1
14886 1
14886 1
14886 1
14886 1
14886 1
14886 1
14886 1
14886 1
14886 1
14887 1
14887 1
14887 1
14887 1
14887 1
14887 1
14887 1
14887 1
14887 1
14913 1
14913 1
14913 1
14913 1
14913 1
14913 1
14913 1
14913 1
14913 1
14915 1
14915 1
14915 1
14915 1
14915 1
14915 1
14915 1
14915 1
14915 1
14967 1
14967 1
14967 1
14967 1
14967 1
14967 1
14967 1
14967 1
14967 1
14987 1
14987 1
14987 1
14987 1
14987 1
14987 1
14987 1
14987 1
14987 1
14990 1
14990 1
14990 1
14990 1
14990 1
14990 1
14990 1
14990 1
14990 1
