pt_graph cpue_kghour
16627 1.02
16627 0
16627 2.17
16627 2.06
16627 2.14
16627 2.11
16627 0
16627 0
16627 0
16631 1.02
16631 0
16631 2.17
16631 2.06
16631 2.14
16631 2.11
16631 0
16631 0
16631 0
16670 1.02
16670 0
16670 2.17
16670 2.06
16670 2.14
16670 2.11
16670 0
16670 0
16670 0
16676 1.02
16676 0
16676 2.17
16676 2.06
16676 2.14
16676 2.11
16676 0
16676 0
16676 0
16682 1.02
16682 0
16682 2.17
16682 2.06
16682 2.14
16682 2.11
16682 0
16682 0
16682 0
16684 1.02
16684 0
16684 2.17
16684 2.06
16684 2.14
16684 2.11
16684 0
16684 0
16684 0
16686 1.02
16686 0
16686 2.17
16686 2.06
16686 2.14
16686 2.11
16686 0
16686 0
16686 0
16774 1.02
16774 0
16774 2.17
16774 2.06
16774 2.14
16774 2.11
16774 0
16774 0
16774 0
16780 1.02
16780 0
16780 2.17
16780 2.06
16780 2.14
16780 2.11
16780 0
16780 0
16780 0
16781 1.02
16781 0
16781 2.17
16781 2.06
16781 2.14
16781 2.11
16781 0
16781 0
16781 0
16812 1.02
16812 0
16812 2.17
16812 2.06
16812 2.14
16812 2.11
16812 0
16812 0
16812 0
16817 1.02
16817 0
16817 2.17
16817 2.06
16817 2.14
16817 2.11
16817 0
16817 0
16817 0
16826 1.02
16826 0
16826 2.17
16826 2.06
16826 2.14
16826 2.11
16826 0
16826 0
16826 0
16827 1.02
16827 0
16827 2.17
16827 2.06
16827 2.14
16827 2.11
16827 0
16827 0
16827 0
16829 1.02
16829 0
16829 2.17
16829 2.06
16829 2.14
16829 2.11
16829 0
16829 0
16829 0
16830 1.02
16830 0
16830 2.17
16830 2.06
16830 2.14
16830 2.11
16830 0
16830 0
16830 0
16861 1.02
16861 0
16861 2.17
16861 2.06
16861 2.14
16861 2.11
16861 0
16861 0
16861 0
16869 1.02
16869 0
16869 2.17
16869 2.06
16869 2.14
16869 2.11
16869 0
16869 0
16869 0
16872 1.02
16872 0
16872 2.17
16872 2.06
16872 2.14
16872 2.11
16872 0
16872 0
16872 0
16874 1.02
16874 0
16874 2.17
16874 2.06
16874 2.14
16874 2.11
16874 0
16874 0
16874 0
16875 1.02
16875 0
16875 2.17
16875 2.06
16875 2.14
16875 2.11
16875 0
16875 0
16875 0
16878 1.02
16878 0
16878 2.17
16878 2.06
16878 2.14
16878 2.11
16878 0
16878 0
16878 0
16879 1.02
16879 0
16879 2.17
16879 2.06
16879 2.14
16879 2.11
16879 0
16879 0
16879 0
16916 1.02
16916 0
16916 2.17
16916 2.06
16916 2.14
16916 2.11
16916 0
16916 0
16916 0
16921 1.02
16921 0
16921 2.17
16921 2.06
16921 2.14
16921 2.11
16921 0
16921 0
16921 0
16923 1.02
16923 0
16923 2.17
16923 2.06
16923 2.14
16923 2.11
16923 0
16923 0
16923 0
16952 1.02
16952 0
16952 2.17
16952 2.06
16952 2.14
16952 2.11
16952 0
16952 0
16952 0
16957 1.02
16957 0
16957 2.17
16957 2.06
16957 2.14
16957 2.11
16957 0
16957 0
16957 0
16964 1.02
16964 0
16964 2.17
16964 2.06
16964 2.14
16964 2.11
16964 0
16964 0
16964 0
16965 1.02
16965 0
16965 2.17
16965 2.06
16965 2.14
16965 2.11
16965 0
16965 0
16965 0
16966 1.02
16966 0
16966 2.17
16966 2.06
16966 2.14
16966 2.11
16966 0
16966 0
16966 0
16990 1.02
16990 0
16990 2.17
16990 2.06
16990 2.14
16990 2.11
16990 0
16990 0
16990 0
17001 1.02
17001 0
17001 2.17
17001 2.06
17001 2.14
17001 2.11
17001 0
17001 0
17001 0
17038 1.02
17038 0
17038 2.17
17038 2.06
17038 2.14
17038 2.11
17038 0
17038 0
17038 0
17040 1.02
17040 0
17040 2.17
17040 2.06
17040 2.14
17040 2.11
17040 0
17040 0
17040 0
17041 1.02
17041 0
17041 2.17
17041 2.06
17041 2.14
17041 2.11
17041 0
17041 0
17041 0
17042 1.02
17042 0
17042 2.17
17042 2.06
17042 2.14
17042 2.11
17042 0
17042 0
17042 0
17074 1.02
17074 0
17074 2.17
17074 2.06
17074 2.14
17074 2.11
17074 0
17074 0
17074 0
17083 1.02
17083 0
17083 2.17
17083 2.06
17083 2.14
17083 2.11
17083 0
17083 0
17083 0
17085 1.02
17085 0
17085 2.17
17085 2.06
17085 2.14
17085 2.11
17085 0
17085 0
17085 0
17086 1.02
17086 0
17086 2.17
17086 2.06
17086 2.14
17086 2.11
17086 0
17086 0
17086 0
17121 1.02
17121 0
17121 2.17
17121 2.06
17121 2.14
17121 2.11
17121 0
17121 0
17121 0
17126 1.02
17126 0
17126 2.17
17126 2.06
17126 2.14
17126 2.11
17126 0
17126 0
17126 0
17133 1.02
17133 0
17133 2.17
17133 2.06
17133 2.14
17133 2.11
17133 0
17133 0
17133 0
17159 1.02
17159 0
17159 2.17
17159 2.06
17159 2.14
17159 2.11
17159 0
17159 0
17159 0
17160 1.02
17160 0
17160 2.17
17160 2.06
17160 2.14
17160 2.11
17160 0
17160 0
17160 0
17164 1.02
17164 0
17164 2.17
17164 2.06
17164 2.14
17164 2.11
17164 0
17164 0
17164 0
17165 1.02
17165 0
17165 2.17
17165 2.06
17165 2.14
17165 2.11
17165 0
17165 0
17165 0
17166 1.02
17166 0
17166 2.17
17166 2.06
17166 2.14
17166 2.11
17166 0
17166 0
17166 0
17167 1.02
17167 0
17167 2.17
17167 2.06
17167 2.14
17167 2.11
17167 0
17167 0
17167 0
17203 1.02
17203 0
17203 2.17
17203 2.06
17203 2.14
17203 2.11
17203 0
17203 0
17203 0
17205 1.02
17205 0
17205 2.17
17205 2.06
17205 2.14
17205 2.11
17205 0
17205 0
17205 0
17208 1.02
17208 0
17208 2.17
17208 2.06
17208 2.14
17208 2.11
17208 0
17208 0
17208 0
17211 1.02
17211 0
17211 2.17
17211 2.06
17211 2.14
17211 2.11
17211 0
17211 0
17211 0
17243 1.02
17243 0
17243 2.17
17243 2.06
17243 2.14
17243 2.11
17243 0
17243 0
17243 0
17244 1.02
17244 0
17244 2.17
17244 2.06
17244 2.14
17244 2.11
17244 0
17244 0
17244 0
17245 1.02
17245 0
17245 2.17
17245 2.06
17245 2.14
17245 2.11
17245 0
17245 0
17245 0
17247 1.02
17247 0
17247 2.17
17247 2.06
17247 2.14
17247 2.11
17247 0
17247 0
17247 0
17248 1.02
17248 0
17248 2.17
17248 2.06
17248 2.14
17248 2.11
17248 0
17248 0
17248 0
17250 1.02
17250 0
17250 2.17
17250 2.06
17250 2.14
17250 2.11
17250 0
17250 0
17250 0
17281 1.02
17281 0
17281 2.17
17281 2.06
17281 2.14
17281 2.11
17281 0
17281 0
17281 0
17282 1.02
17282 0
17282 2.17
17282 2.06
17282 2.14
17282 2.11
17282 0
17282 0
17282 0
17283 1.02
17283 0
17283 2.17
17283 2.06
17283 2.14
17283 2.11
17283 0
17283 0
17283 0
17284 1.02
17284 0
17284 2.17
17284 2.06
17284 2.14
17284 2.11
17284 0
17284 0
17284 0
17285 1.02
17285 0
17285 2.17
17285 2.06
17285 2.14
17285 2.11
17285 0
17285 0
17285 0
17286 1.02
17286 0
17286 2.17
17286 2.06
17286 2.14
17286 2.11
17286 0
17286 0
17286 0
17287 1.02
17287 0
17287 2.17
17287 2.06
17287 2.14
17287 2.11
17287 0
17287 0
17287 0
17289 1.02
17289 0
17289 2.17
17289 2.06
17289 2.14
17289 2.11
17289 0
17289 0
17289 0
17320 1.02
17320 0
17320 2.17
17320 2.06
17320 2.14
17320 2.11
17320 0
17320 0
17320 0
17321 1.02
17321 0
17321 2.17
17321 2.06
17321 2.14
17321 2.11
17321 0
17321 0
17321 0
17322 1.02
17322 0
17322 2.17
17322 2.06
17322 2.14
17322 2.11
17322 0
17322 0
17322 0
17325 1.02
17325 0
17325 2.17
17325 2.06
17325 2.14
17325 2.11
17325 0
17325 0
17325 0
17356 1.02
17356 0
17356 2.17
17356 2.06
17356 2.14
17356 2.11
17356 0
17356 0
17356 0
17357 1.02
17357 0
17357 2.17
17357 2.06
17357 2.14
17357 2.11
17357 0
17357 0
17357 0
17360 1.02
17360 0
17360 2.17
17360 2.06
17360 2.14
17360 2.11
17360 0
17360 0
17360 0
17389 1.02
17389 0
17389 2.17
17389 2.06
17389 2.14
17389 2.11
17389 0
17389 0
17389 0
17392 1.02
17392 0
17392 2.17
17392 2.06
17392 2.14
17392 2.11
17392 0
17392 0
17392 0
17393 1.02
17393 0
17393 2.17
17393 2.06
17393 2.14
17393 2.11
17393 0
17393 0
17393 0
17395 1.02
17395 0
17395 2.17
17395 2.06
17395 2.14
17395 2.11
17395 0
17395 0
17395 0
17397 1.02
17397 0
17397 2.17
17397 2.06
17397 2.14
17397 2.11
17397 0
17397 0
17397 0
17424 1.02
17424 0
17424 2.17
17424 2.06
17424 2.14
17424 2.11
17424 0
17424 0
17424 0
17454 1.02
17454 0
17454 2.17
17454 2.06
17454 2.14
17454 2.11
17454 0
17454 0
17454 0
17456 1.02
17456 0
17456 2.17
17456 2.06
17456 2.14
17456 2.11
17456 0
17456 0
17456 0
17488 1.02
17488 0
17488 2.17
17488 2.06
17488 2.14
17488 2.11
17488 0
17488 0
17488 0
17489 1.02
17489 0
17489 2.17
17489 2.06
17489 2.14
17489 2.11
17489 0
17489 0
17489 0
17490 1.02
17490 0
17490 2.17
17490 2.06
17490 2.14
17490 2.11
17490 0
17490 0
17490 0
17491 1.02
17491 0
17491 2.17
17491 2.06
17491 2.14
17491 2.11
17491 0
17491 0
17491 0
17525 1.02
17525 0
17525 2.17
17525 2.06
17525 2.14
17525 2.11
17525 0
17525 0
17525 0
17526 1.02
17526 0
17526 2.17
17526 2.06
17526 2.14
17526 2.11
17526 0
17526 0
17526 0
17527 1.02
17527 0
17527 2.17
17527 2.06
17527 2.14
17527 2.11
17527 0
17527 0
17527 0
17528 1.02
17528 0
17528 2.17
17528 2.06
17528 2.14
17528 2.11
17528 0
17528 0
17528 0
17529 1.02
17529 0
17529 2.17
17529 2.06
17529 2.14
17529 2.11
17529 0
17529 0
17529 0
17530 1.02
17530 0
17530 2.17
17530 2.06
17530 2.14
17530 2.11
17530 0
17530 0
17530 0
17531 1.02
17531 0
17531 2.17
17531 2.06
17531 2.14
17531 2.11
17531 0
17531 0
17531 0
17533 1.02
17533 0
17533 2.17
17533 2.06
17533 2.14
17533 2.11
17533 0
17533 0
17533 0
17565 1.02
17565 0
17565 2.17
17565 2.06
17565 2.14
17565 2.11
17565 0
17565 0
17565 0
17566 1.02
17566 0
17566 2.17
17566 2.06
17566 2.14
17566 2.11
17566 0
17566 0
17566 0
17567 1.02
17567 0
17567 2.17
17567 2.06
17567 2.14
17567 2.11
17567 0
17567 0
17567 0
17571 1.02
17571 0
17571 2.17
17571 2.06
17571 2.14
17571 2.11
17571 0
17571 0
17571 0
17607 1.02
17607 0
17607 2.17
17607 2.06
17607 2.14
17607 2.11
17607 0
17607 0
17607 0
17608 1.02
17608 0
17608 2.17
17608 2.06
17608 2.14
17608 2.11
17608 0
17608 0
17608 0
17612 1.02
17612 0
17612 2.17
17612 2.06
17612 2.14
17612 2.11
17612 0
17612 0
17612 0
17614 1.02
17614 0
17614 2.17
17614 2.06
17614 2.14
17614 2.11
17614 0
17614 0
17614 0
17619 1.02
17619 0
17619 2.17
17619 2.06
17619 2.14
17619 2.11
17619 0
17619 0
17619 0
17651 1.02
17651 0
17651 2.17
17651 2.06
17651 2.14
17651 2.11
17651 0
17651 0
17651 0
17652 1.02
17652 0
17652 2.17
17652 2.06
17652 2.14
17652 2.11
17652 0
17652 0
17652 0
17653 1.02
17653 0
17653 2.17
17653 2.06
17653 2.14
17653 2.11
17653 0
17653 0
17653 0
17655 1.02
17655 0
17655 2.17
17655 2.06
17655 2.14
17655 2.11
17655 0
17655 0
17655 0
17656 1.02
17656 0
17656 2.17
17656 2.06
17656 2.14
17656 2.11
17656 0
17656 0
17656 0
17657 1.02
17657 0
17657 2.17
17657 2.06
17657 2.14
17657 2.11
17657 0
17657 0
17657 0
17660 1.02
17660 0
17660 2.17
17660 2.06
17660 2.14
17660 2.11
17660 0
17660 0
17660 0
17662 1.02
17662 0
17662 2.17
17662 2.06
17662 2.14
17662 2.11
17662 0
17662 0
17662 0
17663 1.02
17663 0
17663 2.17
17663 2.06
17663 2.14
17663 2.11
17663 0
17663 0
17663 0
17664 1.02
17664 0
17664 2.17
17664 2.06
17664 2.14
17664 2.11
17664 0
17664 0
17664 0
17666 1.02
17666 0
17666 2.17
17666 2.06
17666 2.14
17666 2.11
17666 0
17666 0
17666 0
17698 1.02
17698 0
17698 2.17
17698 2.06
17698 2.14
17698 2.11
17698 0
17698 0
17698 0
17699 1.02
17699 0
17699 2.17
17699 2.06
17699 2.14
17699 2.11
17699 0
17699 0
17699 0
17700 1.02
17700 0
17700 2.17
17700 2.06
17700 2.14
17700 2.11
17700 0
17700 0
17700 0
17706 1.02
17706 0
17706 2.17
17706 2.06
17706 2.14
17706 2.11
17706 0
17706 0
17706 0
17707 1.02
17707 0
17707 2.17
17707 2.06
17707 2.14
17707 2.11
17707 0
17707 0
17707 0
17708 1.02
17708 0
17708 2.17
17708 2.06
17708 2.14
17708 2.11
17708 0
17708 0
17708 0
17745 1.02
17745 0
17745 2.17
17745 2.06
17745 2.14
17745 2.11
17745 0
17745 0
17745 0
17746 1.02
17746 0
17746 2.17
17746 2.06
17746 2.14
17746 2.11
17746 0
17746 0
17746 0
17747 1.02
17747 0
17747 2.17
17747 2.06
17747 2.14
17747 2.11
17747 0
17747 0
17747 0
17748 1.02
17748 0
17748 2.17
17748 2.06
17748 2.14
17748 2.11
17748 0
17748 0
17748 0
17749 1.02
17749 0
17749 2.17
17749 2.06
17749 2.14
17749 2.11
17749 0
17749 0
17749 0
17751 1.02
17751 0
17751 2.17
17751 2.06
17751 2.14
17751 2.11
17751 0
17751 0
17751 0
17752 1.02
17752 0
17752 2.17
17752 2.06
17752 2.14
17752 2.11
17752 0
17752 0
17752 0
17753 1.02
17753 0
17753 2.17
17753 2.06
17753 2.14
17753 2.11
17753 0
17753 0
17753 0
17757 1.02
17757 0
17757 2.17
17757 2.06
17757 2.14
17757 2.11
17757 0
17757 0
17757 0
17792 1.02
17792 0
17792 2.17
17792 2.06
17792 2.14
17792 2.11
17792 0
17792 0
17792 0
17794 1.02
17794 0
17794 2.17
17794 2.06
17794 2.14
17794 2.11
17794 0
17794 0
17794 0
17796 1.02
17796 0
17796 2.17
17796 2.06
17796 2.14
17796 2.11
17796 0
17796 0
17796 0
17798 1.02
17798 0
17798 2.17
17798 2.06
17798 2.14
17798 2.11
17798 0
17798 0
17798 0
17800 1.02
17800 0
17800 2.17
17800 2.06
17800 2.14
17800 2.11
17800 0
17800 0
17800 0
17838 1.02
17838 0
17838 2.17
17838 2.06
17838 2.14
17838 2.11
17838 0
17838 0
17838 0
17839 1.02
17839 0
17839 2.17
17839 2.06
17839 2.14
17839 2.11
17839 0
17839 0
17839 0
17840 1.02
17840 0
17840 2.17
17840 2.06
17840 2.14
17840 2.11
17840 0
17840 0
17840 0
17841 1.02
17841 0
17841 2.17
17841 2.06
17841 2.14
17841 2.11
17841 0
17841 0
17841 0
17842 1.02
17842 0
17842 2.17
17842 2.06
17842 2.14
17842 2.11
17842 0
17842 0
17842 0
17843 1.02
17843 0
17843 2.17
17843 2.06
17843 2.14
17843 2.11
17843 0
17843 0
17843 0
17846 1.02
17846 0
17846 2.17
17846 2.06
17846 2.14
17846 2.11
17846 0
17846 0
17846 0
17885 1.02
17885 0
17885 2.17
17885 2.06
17885 2.14
17885 2.11
17885 0
17885 0
17885 0
17886 1.02
17886 0
17886 2.17
17886 2.06
17886 2.14
17886 2.11
17886 0
17886 0
17886 0
17887 1.02
17887 0
17887 2.17
17887 2.06
17887 2.14
17887 2.11
17887 0
17887 0
17887 0
17888 1.02
17888 0
17888 2.17
17888 2.06
17888 2.14
17888 2.11
17888 0
17888 0
17888 0
17890 1.02
17890 0
17890 2.17
17890 2.06
17890 2.14
17890 2.11
17890 0
17890 0
17890 0
17892 1.02
17892 0
17892 2.17
17892 2.06
17892 2.14
17892 2.11
17892 0
17892 0
17892 0
17893 1.02
17893 0
17893 2.17
17893 2.06
17893 2.14
17893 2.11
17893 0
17893 0
17893 0
17933 1.02
17933 0
17933 2.17
17933 2.06
17933 2.14
17933 2.11
17933 0
17933 0
17933 0
17934 1.02
17934 0
17934 2.17
17934 2.06
17934 2.14
17934 2.11
17934 0
17934 0
17934 0
17935 1.02
17935 0
17935 2.17
17935 2.06
17935 2.14
17935 2.11
17935 0
17935 0
17935 0
17939 1.02
17939 0
17939 2.17
17939 2.06
17939 2.14
17939 2.11
17939 0
17939 0
17939 0
17940 1.02
17940 0
17940 2.17
17940 2.06
17940 2.14
17940 2.11
17940 0
17940 0
17940 0
17982 1.02
17982 0
17982 2.17
17982 2.06
17982 2.14
17982 2.11
17982 0
17982 0
17982 0
17986 1.02
17986 0
17986 2.17
17986 2.06
17986 2.14
17986 2.11
17986 0
17986 0
17986 0
18028 1.02
18028 0
18028 2.17
18028 2.06
18028 2.14
18028 2.11
18028 0
18028 0
18028 0
18031 1.02
18031 0
18031 2.17
18031 2.06
18031 2.14
18031 2.11
18031 0
18031 0
18031 0
18076 1.02
18076 0
18076 2.17
18076 2.06
18076 2.14
18076 2.11
18076 0
18076 0
18076 0
18078 1.02
18078 0
18078 2.17
18078 2.06
18078 2.14
18078 2.11
18078 0
18078 0
18078 0
18123 1.02
18123 0
18123 2.17
18123 2.06
18123 2.14
18123 2.11
18123 0
18123 0
18123 0
18124 1.02
18124 0
18124 2.17
18124 2.06
18124 2.14
18124 2.11
18124 0
18124 0
18124 0
18125 1.02
18125 0
18125 2.17
18125 2.06
18125 2.14
18125 2.11
18125 0
18125 0
18125 0
18129 1.02
18129 0
18129 2.17
18129 2.06
18129 2.14
18129 2.11
18129 0
18129 0
18129 0
