pt_graph cpue_kghour
8997 1.13
8997 0
8997 3.38
8997 2.14
8997 2
8997 2.75
8997 0
8997 0.05
8997 0.05
8998 1.13
8998 0
8998 3.38
8998 2.14
8998 2
8998 2.75
8998 0
8998 0.05
8998 0.05
9036 1.13
9036 0
9036 3.38
9036 2.14
9036 2
9036 2.75
9036 0
9036 0.05
9036 0.05
9037 1.13
9037 0
9037 3.38
9037 2.14
9037 2
9037 2.75
9037 0
9037 0.05
9037 0.05
9038 1.13
9038 0
9038 3.38
9038 2.14
9038 2
9038 2.75
9038 0
9038 0.05
9038 0.05
9074 1.13
9074 0
9074 3.38
9074 2.14
9074 2
9074 2.75
9074 0
9074 0.05
9074 0.05
9076 1.13
9076 0
9076 3.38
9076 2.14
9076 2
9076 2.75
9076 0
9076 0.05
9076 0.05
9077 1.13
9077 0
9077 3.38
9077 2.14
9077 2
9077 2.75
9077 0
9077 0.05
9077 0.05
9078 1.13
9078 0
9078 3.38
9078 2.14
9078 2
9078 2.75
9078 0
9078 0.05
9078 0.05
9080 1.13
9080 0
9080 3.38
9080 2.14
9080 2
9080 2.75
9080 0
9080 0.05
9080 0.05
9115 1.13
9115 0
9115 3.38
9115 2.14
9115 2
9115 2.75
9115 0
9115 0.05
9115 0.05
9116 1.13
9116 0
9116 3.38
9116 2.14
9116 2
9116 2.75
9116 0
9116 0.05
9116 0.05
9117 1.13
9117 0
9117 3.38
9117 2.14
9117 2
9117 2.75
9117 0
9117 0.05
9117 0.05
9160 1.13
9160 0
9160 3.38
9160 2.14
9160 2
9160 2.75
9160 0
9160 0.05
9160 0.05
9199 1.13
9199 0
9199 3.38
9199 2.14
9199 2
9199 2.75
9199 0
9199 0.05
9199 0.05
9200 1.13
9200 0
9200 3.38
9200 2.14
9200 2
9200 2.75
9200 0
9200 0.05
9200 0.05
9202 1.13
9202 0
9202 3.38
9202 2.14
9202 2
9202 2.75
9202 0
9202 0.05
9202 0.05
9218 1.13
9218 0
9218 3.38
9218 2.14
9218 2
9218 2.75
9218 0
9218 0.05
9218 0.05
9239 1.13
9239 0
9239 3.38
9239 2.14
9239 2
9239 2.75
9239 0
9239 0.05
9239 0.05
9242 1.13
9242 0
9242 3.38
9242 2.14
9242 2
9242 2.75
9242 0
9242 0.05
9242 0.05
9248 1.13
9248 0
9248 3.38
9248 2.14
9248 2
9248 2.75
9248 0
9248 0.05
9248 0.05
9256 1.13
9256 0
9256 3.38
9256 2.14
9256 2
9256 2.75
9256 0
9256 0.05
9256 0.05
9261 1.13
9261 0
9261 3.38
9261 2.14
9261 2
9261 2.75
9261 0
9261 0.05
9261 0.05
9293 1.13
9293 0
9293 3.38
9293 2.14
9293 2
9293 2.75
9293 0
9293 0.05
9293 0.05
9301 1.13
9301 0
9301 3.38
9301 2.14
9301 2
9301 2.75
9301 0
9301 0.05
9301 0.05
9363 1.13
9363 0
9363 3.38
9363 2.14
9363 2
9363 2.75
9363 0
9363 0.05
9363 0.05
9364 1.13
9364 0
9364 3.38
9364 2.14
9364 2
9364 2.75
9364 0
9364 0.05
9364 0.05
9397 1.13
9397 0
9397 3.38
9397 2.14
9397 2
9397 2.75
9397 0
9397 0.05
9397 0.05
9418 1.13
9418 0
9418 3.38
9418 2.14
9418 2
9418 2.75
9418 0
9418 0.05
9418 0.05
9420 1.13
9420 0
9420 3.38
9420 2.14
9420 2
9420 2.75
9420 0
9420 0.05
9420 0.05
9452 1.13
9452 0
9452 3.38
9452 2.14
9452 2
9452 2.75
9452 0
9452 0.05
9452 0.05
9459 1.13
9459 0
9459 3.38
9459 2.14
9459 2
9459 2.75
9459 0
9459 0.05
9459 0.05
9474 1.13
9474 0
9474 3.38
9474 2.14
9474 2
9474 2.75
9474 0
9474 0.05
9474 0.05
9475 1.13
9475 0
9475 3.38
9475 2.14
9475 2
9475 2.75
9475 0
9475 0.05
9475 0.05
9476 1.13
9476 0
9476 3.38
9476 2.14
9476 2
9476 2.75
9476 0
9476 0.05
9476 0.05
9477 1.13
9477 0
9477 3.38
9477 2.14
9477 2
9477 2.75
9477 0
9477 0.05
9477 0.05
9478 1.13
9478 0
9478 3.38
9478 2.14
9478 2
9478 2.75
9478 0
9478 0.05
9478 0.05
9479 1.13
9479 0
9479 3.38
9479 2.14
9479 2
9479 2.75
9479 0
9479 0.05
9479 0.05
9533 1.13
9533 0
9533 3.38
9533 2.14
9533 2
9533 2.75
9533 0
9533 0.05
9533 0.05
9535 1.13
9535 0
9535 3.38
9535 2.14
9535 2
9535 2.75
9535 0
9535 0.05
9535 0.05
9536 1.13
9536 0
9536 3.38
9536 2.14
9536 2
9536 2.75
9536 0
9536 0.05
9536 0.05
9537 1.13
9537 0
9537 3.38
9537 2.14
9537 2
9537 2.75
9537 0
9537 0.05
9537 0.05
9540 1.13
9540 0
9540 3.38
9540 2.14
9540 2
9540 2.75
9540 0
9540 0.05
9540 0.05
9541 1.13
9541 0
9541 3.38
9541 2.14
9541 2
9541 2.75
9541 0
9541 0.05
9541 0.05
9542 1.13
9542 0
9542 3.38
9542 2.14
9542 2
9542 2.75
9542 0
9542 0.05
9542 0.05
9543 1.13
9543 0
9543 3.38
9543 2.14
9543 2
9543 2.75
9543 0
9543 0.05
9543 0.05
9604 1.13
9604 0
9604 3.38
9604 2.14
9604 2
9604 2.75
9604 0
9604 0.05
9604 0.05
9606 1.13
9606 0
9606 3.38
9606 2.14
9606 2
9606 2.75
9606 0
9606 0.05
9606 0.05
9607 1.13
9607 0
9607 3.38
9607 2.14
9607 2
9607 2.75
9607 0
9607 0.05
9607 0.05
9608 1.13
9608 0
9608 3.38
9608 2.14
9608 2
9608 2.75
9608 0
9608 0.05
9608 0.05
9609 1.13
9609 0
9609 3.38
9609 2.14
9609 2
9609 2.75
9609 0
9609 0.05
9609 0.05
9610 1.13
9610 0
9610 3.38
9610 2.14
9610 2
9610 2.75
9610 0
9610 0.05
9610 0.05
9611 1.13
9611 0
9611 3.38
9611 2.14
9611 2
9611 2.75
9611 0
9611 0.05
9611 0.05
9612 1.13
9612 0
9612 3.38
9612 2.14
9612 2
9612 2.75
9612 0
9612 0.05
9612 0.05
9613 1.13
9613 0
9613 3.38
9613 2.14
9613 2
9613 2.75
9613 0
9613 0.05
9613 0.05
9653 1.13
9653 0
9653 3.38
9653 2.14
9653 2
9653 2.75
9653 0
9653 0.05
9653 0.05
9656 1.13
9656 0
9656 3.38
9656 2.14
9656 2
9656 2.75
9656 0
9656 0.05
9656 0.05
9658 1.13
9658 0
9658 3.38
9658 2.14
9658 2
9658 2.75
9658 0
9658 0.05
9658 0.05
9680 1.13
9680 0
9680 3.38
9680 2.14
9680 2
9680 2.75
9680 0
9680 0.05
9680 0.05
9683 1.13
9683 0
9683 3.38
9683 2.14
9683 2
9683 2.75
9683 0
9683 0.05
9683 0.05
9686 1.13
9686 0
9686 3.38
9686 2.14
9686 2
9686 2.75
9686 0
9686 0.05
9686 0.05
9687 1.13
9687 0
9687 3.38
9687 2.14
9687 2
9687 2.75
9687 0
9687 0.05
9687 0.05
9688 1.13
9688 0
9688 3.38
9688 2.14
9688 2
9688 2.75
9688 0
9688 0.05
9688 0.05
9689 1.13
9689 0
9689 3.38
9689 2.14
9689 2
9689 2.75
9689 0
9689 0.05
9689 0.05
9735 1.13
9735 0
9735 3.38
9735 2.14
9735 2
9735 2.75
9735 0
9735 0.05
9735 0.05
9739 1.13
9739 0
9739 3.38
9739 2.14
9739 2
9739 2.75
9739 0
9739 0.05
9739 0.05
9757 1.13
9757 0
9757 3.38
9757 2.14
9757 2
9757 2.75
9757 0
9757 0.05
9757 0.05
9759 1.13
9759 0
9759 3.38
9759 2.14
9759 2
9759 2.75
9759 0
9759 0.05
9759 0.05
9762 1.13
9762 0
9762 3.38
9762 2.14
9762 2
9762 2.75
9762 0
9762 0.05
9762 0.05
9764 1.13
9764 0
9764 3.38
9764 2.14
9764 2
9764 2.75
9764 0
9764 0.05
9764 0.05
9766 1.13
9766 0
9766 3.38
9766 2.14
9766 2
9766 2.75
9766 0
9766 0.05
9766 0.05
9806 1.13
9806 0
9806 3.38
9806 2.14
9806 2
9806 2.75
9806 0
9806 0.05
9806 0.05
9815 1.13
9815 0
9815 3.38
9815 2.14
9815 2
9815 2.75
9815 0
9815 0.05
9815 0.05
9827 1.13
9827 0
9827 3.38
9827 2.14
9827 2
9827 2.75
9827 0
9827 0.05
9827 0.05
9838 1.13
9838 0
9838 3.38
9838 2.14
9838 2
9838 2.75
9838 0
9838 0.05
9838 0.05
9841 1.13
9841 0
9841 3.38
9841 2.14
9841 2
9841 2.75
9841 0
9841 0.05
9841 0.05
9842 1.13
9842 0
9842 3.38
9842 2.14
9842 2
9842 2.75
9842 0
9842 0.05
9842 0.05
9843 1.13
9843 0
9843 3.38
9843 2.14
9843 2
9843 2.75
9843 0
9843 0.05
9843 0.05
9846 1.13
9846 0
9846 3.38
9846 2.14
9846 2
9846 2.75
9846 0
9846 0.05
9846 0.05
9847 1.13
9847 0
9847 3.38
9847 2.14
9847 2
9847 2.75
9847 0
9847 0.05
9847 0.05
9848 1.13
9848 0
9848 3.38
9848 2.14
9848 2
9848 2.75
9848 0
9848 0.05
9848 0.05
9849 1.13
9849 0
9849 3.38
9849 2.14
9849 2
9849 2.75
9849 0
9849 0.05
9849 0.05
9900 1.13
9900 0
9900 3.38
9900 2.14
9900 2
9900 2.75
9900 0
9900 0.05
9900 0.05
9919 1.13
9919 0
9919 3.38
9919 2.14
9919 2
9919 2.75
9919 0
9919 0.05
9919 0.05
9922 1.13
9922 0
9922 3.38
9922 2.14
9922 2
9922 2.75
9922 0
9922 0.05
9922 0.05
9925 1.13
9925 0
9925 3.38
9925 2.14
9925 2
9925 2.75
9925 0
9925 0.05
9925 0.05
9926 1.13
9926 0
9926 3.38
9926 2.14
9926 2
9926 2.75
9926 0
9926 0.05
9926 0.05
9927 1.13
9927 0
9927 3.38
9927 2.14
9927 2
9927 2.75
9927 0
9927 0.05
9927 0.05
9929 1.13
9929 0
9929 3.38
9929 2.14
9929 2
9929 2.75
9929 0
9929 0.05
9929 0.05
9930 1.13
9930 0
9930 3.38
9930 2.14
9930 2
9930 2.75
9930 0
9930 0.05
9930 0.05
9931 1.13
9931 0
9931 3.38
9931 2.14
9931 2
9931 2.75
9931 0
9931 0.05
9931 0.05
9977 1.13
9977 0
9977 3.38
9977 2.14
9977 2
9977 2.75
9977 0
9977 0.05
9977 0.05
9979 1.13
9979 0
9979 3.38
9979 2.14
9979 2
9979 2.75
9979 0
9979 0.05
9979 0.05
9980 1.13
9980 0
9980 3.38
9980 2.14
9980 2
9980 2.75
9980 0
9980 0.05
9980 0.05
9991 1.13
9991 0
9991 3.38
9991 2.14
9991 2
9991 2.75
9991 0
9991 0.05
9991 0.05
10002 1.13
10002 0
10002 3.38
10002 2.14
10002 2
10002 2.75
10002 0
10002 0.05
10002 0.05
10004 1.13
10004 0
10004 3.38
10004 2.14
10004 2
10004 2.75
10004 0
10004 0.05
10004 0.05
10005 1.13
10005 0
10005 3.38
10005 2.14
10005 2
10005 2.75
10005 0
10005 0.05
10005 0.05
10007 1.13
10007 0
10007 3.38
10007 2.14
10007 2
10007 2.75
10007 0
10007 0.05
10007 0.05
10008 1.13
10008 0
10008 3.38
10008 2.14
10008 2
10008 2.75
10008 0
10008 0.05
10008 0.05
10009 1.13
10009 0
10009 3.38
10009 2.14
10009 2
10009 2.75
10009 0
10009 0.05
10009 0.05
10010 1.13
10010 0
10010 3.38
10010 2.14
10010 2
10010 2.75
10010 0
10010 0.05
10010 0.05
10011 1.13
10011 0
10011 3.38
10011 2.14
10011 2
10011 2.75
10011 0
10011 0.05
10011 0.05
10012 1.13
10012 0
10012 3.38
10012 2.14
10012 2
10012 2.75
10012 0
10012 0.05
10012 0.05
10013 1.13
10013 0
10013 3.38
10013 2.14
10013 2
10013 2.75
10013 0
10013 0.05
10013 0.05
10051 1.13
10051 0
10051 3.38
10051 2.14
10051 2
10051 2.75
10051 0
10051 0.05
10051 0.05
10058 1.13
10058 0
10058 3.38
10058 2.14
10058 2
10058 2.75
10058 0
10058 0.05
10058 0.05
10061 1.13
10061 0
10061 3.38
10061 2.14
10061 2
10061 2.75
10061 0
10061 0.05
10061 0.05
10071 1.13
10071 0
10071 3.38
10071 2.14
10071 2
10071 2.75
10071 0
10071 0.05
10071 0.05
10085 1.13
10085 0
10085 3.38
10085 2.14
10085 2
10085 2.75
10085 0
10085 0.05
10085 0.05
10086 1.13
10086 0
10086 3.38
10086 2.14
10086 2
10086 2.75
10086 0
10086 0.05
10086 0.05
10091 1.13
10091 0
10091 3.38
10091 2.14
10091 2
10091 2.75
10091 0
10091 0.05
10091 0.05
10093 1.13
10093 0
10093 3.38
10093 2.14
10093 2
10093 2.75
10093 0
10093 0.05
10093 0.05
10094 1.13
10094 0
10094 3.38
10094 2.14
10094 2
10094 2.75
10094 0
10094 0.05
10094 0.05
10095 1.13
10095 0
10095 3.38
10095 2.14
10095 2
10095 2.75
10095 0
10095 0.05
10095 0.05
10096 1.13
10096 0
10096 3.38
10096 2.14
10096 2
10096 2.75
10096 0
10096 0.05
10096 0.05
10137 1.13
10137 0
10137 3.38
10137 2.14
10137 2
10137 2.75
10137 0
10137 0.05
10137 0.05
10143 1.13
10143 0
10143 3.38
10143 2.14
10143 2
10143 2.75
10143 0
10143 0.05
10143 0.05
10146 1.13
10146 0
10146 3.38
10146 2.14
10146 2
10146 2.75
10146 0
10146 0.05
10146 0.05
10147 1.13
10147 0
10147 3.38
10147 2.14
10147 2
10147 2.75
10147 0
10147 0.05
10147 0.05
10171 1.13
10171 0
10171 3.38
10171 2.14
10171 2
10171 2.75
10171 0
10171 0.05
10171 0.05
10172 1.13
10172 0
10172 3.38
10172 2.14
10172 2
10172 2.75
10172 0
10172 0.05
10172 0.05
10173 1.13
10173 0
10173 3.38
10173 2.14
10173 2
10173 2.75
10173 0
10173 0.05
10173 0.05
10174 1.13
10174 0
10174 3.38
10174 2.14
10174 2
10174 2.75
10174 0
10174 0.05
10174 0.05
10175 1.13
10175 0
10175 3.38
10175 2.14
10175 2
10175 2.75
10175 0
10175 0.05
10175 0.05
10176 1.13
10176 0
10176 3.38
10176 2.14
10176 2
10176 2.75
10176 0
10176 0.05
10176 0.05
10177 1.13
10177 0
10177 3.38
10177 2.14
10177 2
10177 2.75
10177 0
10177 0.05
10177 0.05
10215 1.13
10215 0
10215 3.38
10215 2.14
10215 2
10215 2.75
10215 0
10215 0.05
10215 0.05
10216 1.13
10216 0
10216 3.38
10216 2.14
10216 2
10216 2.75
10216 0
10216 0.05
10216 0.05
10221 1.13
10221 0
10221 3.38
10221 2.14
10221 2
10221 2.75
10221 0
10221 0.05
10221 0.05
10223 1.13
10223 0
10223 3.38
10223 2.14
10223 2
10223 2.75
10223 0
10223 0.05
10223 0.05
10224 1.13
10224 0
10224 3.38
10224 2.14
10224 2
10224 2.75
10224 0
10224 0.05
10224 0.05
10231 1.13
10231 0
10231 3.38
10231 2.14
10231 2
10231 2.75
10231 0
10231 0.05
10231 0.05
10254 1.13
10254 0
10254 3.38
10254 2.14
10254 2
10254 2.75
10254 0
10254 0.05
10254 0.05
10255 1.13
10255 0
10255 3.38
10255 2.14
10255 2
10255 2.75
10255 0
10255 0.05
10255 0.05
10256 1.13
10256 0
10256 3.38
10256 2.14
10256 2
10256 2.75
10256 0
10256 0.05
10256 0.05
10259 1.13
10259 0
10259 3.38
10259 2.14
10259 2
10259 2.75
10259 0
10259 0.05
10259 0.05
10260 1.13
10260 0
10260 3.38
10260 2.14
10260 2
10260 2.75
10260 0
10260 0.05
10260 0.05
10261 1.13
10261 0
10261 3.38
10261 2.14
10261 2
10261 2.75
10261 0
10261 0.05
10261 0.05
10300 1.13
10300 0
10300 3.38
10300 2.14
10300 2
10300 2.75
10300 0
10300 0.05
10300 0.05
10302 1.13
10302 0
10302 3.38
10302 2.14
10302 2
10302 2.75
10302 0
10302 0.05
10302 0.05
10303 1.13
10303 0
10303 3.38
10303 2.14
10303 2
10303 2.75
10303 0
10303 0.05
10303 0.05
10304 1.13
10304 0
10304 3.38
10304 2.14
10304 2
10304 2.75
10304 0
10304 0.05
10304 0.05
10305 1.13
10305 0
10305 3.38
10305 2.14
10305 2
10305 2.75
10305 0
10305 0.05
10305 0.05
10307 1.13
10307 0
10307 3.38
10307 2.14
10307 2
10307 2.75
10307 0
10307 0.05
10307 0.05
10309 1.13
10309 0
10309 3.38
10309 2.14
10309 2
10309 2.75
10309 0
10309 0.05
10309 0.05
10313 1.13
10313 0
10313 3.38
10313 2.14
10313 2
10313 2.75
10313 0
10313 0.05
10313 0.05
10336 1.13
10336 0
10336 3.38
10336 2.14
10336 2
10336 2.75
10336 0
10336 0.05
10336 0.05
10338 1.13
10338 0
10338 3.38
10338 2.14
10338 2
10338 2.75
10338 0
10338 0.05
10338 0.05
10339 1.13
10339 0
10339 3.38
10339 2.14
10339 2
10339 2.75
10339 0
10339 0.05
10339 0.05
10340 1.13
10340 0
10340 3.38
10340 2.14
10340 2
10340 2.75
10340 0
10340 0.05
10340 0.05
10341 1.13
10341 0
10341 3.38
10341 2.14
10341 2
10341 2.75
10341 0
10341 0.05
10341 0.05
10343 1.13
10343 0
10343 3.38
10343 2.14
10343 2
10343 2.75
10343 0
10343 0.05
10343 0.05
10387 1.13
10387 0
10387 3.38
10387 2.14
10387 2
10387 2.75
10387 0
10387 0.05
10387 0.05
10393 1.13
10393 0
10393 3.38
10393 2.14
10393 2
10393 2.75
10393 0
10393 0.05
10393 0.05
10395 1.13
10395 0
10395 3.38
10395 2.14
10395 2
10395 2.75
10395 0
10395 0.05
10395 0.05
10422 1.13
10422 0
10422 3.38
10422 2.14
10422 2
10422 2.75
10422 0
10422 0.05
10422 0.05
10425 1.13
10425 0
10425 3.38
10425 2.14
10425 2
10425 2.75
10425 0
10425 0.05
10425 0.05
10428 1.13
10428 0
10428 3.38
10428 2.14
10428 2
10428 2.75
10428 0
10428 0.05
10428 0.05
10429 1.13
10429 0
10429 3.38
10429 2.14
10429 2
10429 2.75
10429 0
10429 0.05
10429 0.05
10430 1.13
10430 0
10430 3.38
10430 2.14
10430 2
10430 2.75
10430 0
10430 0.05
10430 0.05
10474 1.13
10474 0
10474 3.38
10474 2.14
10474 2
10474 2.75
10474 0
10474 0.05
10474 0.05
10475 1.13
10475 0
10475 3.38
10475 2.14
10475 2
10475 2.75
10475 0
10475 0.05
10475 0.05
10482 1.13
10482 0
10482 3.38
10482 2.14
10482 2
10482 2.75
10482 0
10482 0.05
10482 0.05
10484 1.13
10484 0
10484 3.38
10484 2.14
10484 2
10484 2.75
10484 0
10484 0.05
10484 0.05
10486 1.13
10486 0
10486 3.38
10486 2.14
10486 2
10486 2.75
10486 0
10486 0.05
10486 0.05
10487 1.13
10487 0
10487 3.38
10487 2.14
10487 2
10487 2.75
10487 0
10487 0.05
10487 0.05
10488 1.13
10488 0
10488 3.38
10488 2.14
10488 2
10488 2.75
10488 0
10488 0.05
10488 0.05
10489 1.13
10489 0
10489 3.38
10489 2.14
10489 2
10489 2.75
10489 0
10489 0.05
10489 0.05
10497 1.13
10497 0
10497 3.38
10497 2.14
10497 2
10497 2.75
10497 0
10497 0.05
10497 0.05
10519 1.13
10519 0
10519 3.38
10519 2.14
10519 2
10519 2.75
10519 0
10519 0.05
10519 0.05
10520 1.13
10520 0
10520 3.38
10520 2.14
10520 2
10520 2.75
10520 0
10520 0.05
10520 0.05
10524 1.13
10524 0
10524 3.38
10524 2.14
10524 2
10524 2.75
10524 0
10524 0.05
10524 0.05
10525 1.13
10525 0
10525 3.38
10525 2.14
10525 2
10525 2.75
10525 0
10525 0.05
10525 0.05
10526 1.13
10526 0
10526 3.38
10526 2.14
10526 2
10526 2.75
10526 0
10526 0.05
10526 0.05
10586 1.13
10586 0
10586 3.38
10586 2.14
10586 2
10586 2.75
10586 0
10586 0.05
10586 0.05
10588 1.13
10588 0
10588 3.38
10588 2.14
10588 2
10588 2.75
10588 0
10588 0.05
10588 0.05
10589 1.13
10589 0
10589 3.38
10589 2.14
10589 2
10589 2.75
10589 0
10589 0.05
10589 0.05
10590 1.13
10590 0
10590 3.38
10590 2.14
10590 2
10590 2.75
10590 0
10590 0.05
10590 0.05
10596 1.13
10596 0
10596 3.38
10596 2.14
10596 2
10596 2.75
10596 0
10596 0.05
10596 0.05
10619 1.13
10619 0
10619 3.38
10619 2.14
10619 2
10619 2.75
10619 0
10619 0.05
10619 0.05
10623 1.13
10623 0
10623 3.38
10623 2.14
10623 2
10623 2.75
10623 0
10623 0.05
10623 0.05
10624 1.13
10624 0
10624 3.38
10624 2.14
10624 2
10624 2.75
10624 0
10624 0.05
10624 0.05
10625 1.13
10625 0
10625 3.38
10625 2.14
10625 2
10625 2.75
10625 0
10625 0.05
10625 0.05
10626 1.13
10626 0
10626 3.38
10626 2.14
10626 2
10626 2.75
10626 0
10626 0.05
10626 0.05
10690 1.13
10690 0
10690 3.38
10690 2.14
10690 2
10690 2.75
10690 0
10690 0.05
10690 0.05
10691 1.13
10691 0
10691 3.38
10691 2.14
10691 2
10691 2.75
10691 0
10691 0.05
10691 0.05
10692 1.13
10692 0
10692 3.38
10692 2.14
10692 2
10692 2.75
10692 0
10692 0.05
10692 0.05
10719 1.13
10719 0
10719 3.38
10719 2.14
10719 2
10719 2.75
10719 0
10719 0.05
10719 0.05
10722 1.13
10722 0
10722 3.38
10722 2.14
10722 2
10722 2.75
10722 0
10722 0.05
10722 0.05
10723 1.13
10723 0
10723 3.38
10723 2.14
10723 2
10723 2.75
10723 0
10723 0.05
10723 0.05
10724 1.13
10724 0
10724 3.38
10724 2.14
10724 2
10724 2.75
10724 0
10724 0.05
10724 0.05
10725 1.13
10725 0
10725 3.38
10725 2.14
10725 2
10725 2.75
10725 0
10725 0.05
10725 0.05
10783 1.13
10783 0
10783 3.38
10783 2.14
10783 2
10783 2.75
10783 0
10783 0.05
10783 0.05
10788 1.13
10788 0
10788 3.38
10788 2.14
10788 2
10788 2.75
10788 0
10788 0.05
10788 0.05
10789 1.13
10789 0
10789 3.38
10789 2.14
10789 2
10789 2.75
10789 0
10789 0.05
10789 0.05
10790 1.13
10790 0
10790 3.38
10790 2.14
10790 2
10790 2.75
10790 0
10790 0.05
10790 0.05
10791 1.13
10791 0
10791 3.38
10791 2.14
10791 2
10791 2.75
10791 0
10791 0.05
10791 0.05
10821 1.13
10821 0
10821 3.38
10821 2.14
10821 2
10821 2.75
10821 0
10821 0.05
10821 0.05
10824 1.13
10824 0
10824 3.38
10824 2.14
10824 2
10824 2.75
10824 0
10824 0.05
10824 0.05
10825 1.13
10825 0
10825 3.38
10825 2.14
10825 2
10825 2.75
10825 0
10825 0.05
10825 0.05
10826 1.13
10826 0
10826 3.38
10826 2.14
10826 2
10826 2.75
10826 0
10826 0.05
10826 0.05
10890 1.13
10890 0
10890 3.38
10890 2.14
10890 2
10890 2.75
10890 0
10890 0.05
10890 0.05
10896 1.13
10896 0
10896 3.38
10896 2.14
10896 2
10896 2.75
10896 0
10896 0.05
10896 0.05
10897 1.13
10897 0
10897 3.38
10897 2.14
10897 2
10897 2.75
10897 0
10897 0.05
10897 0.05
10920 1.13
10920 0
10920 3.38
10920 2.14
10920 2
10920 2.75
10920 0
10920 0.05
10920 0.05
10921 1.13
10921 0
10921 3.38
10921 2.14
10921 2
10921 2.75
10921 0
10921 0.05
10921 0.05
10922 1.13
10922 0
10922 3.38
10922 2.14
10922 2
10922 2.75
10922 0
10922 0.05
10922 0.05
10924 1.13
10924 0
10924 3.38
10924 2.14
10924 2
10924 2.75
10924 0
10924 0.05
10924 0.05
10925 1.13
10925 0
10925 3.38
10925 2.14
10925 2
10925 2.75
10925 0
10925 0.05
10925 0.05
10926 1.13
10926 0
10926 3.38
10926 2.14
10926 2
10926 2.75
10926 0
10926 0.05
10926 0.05
10927 1.13
10927 0
10927 3.38
10927 2.14
10927 2
10927 2.75
10927 0
10927 0.05
10927 0.05
10928 1.13
10928 0
10928 3.38
10928 2.14
10928 2
10928 2.75
10928 0
10928 0.05
10928 0.05
10996 1.13
10996 0
10996 3.38
10996 2.14
10996 2
10996 2.75
10996 0
10996 0.05
10996 0.05
10997 1.13
10997 0
10997 3.38
10997 2.14
10997 2
10997 2.75
10997 0
10997 0.05
10997 0.05
11003 1.13
11003 0
11003 3.38
11003 2.14
11003 2
11003 2.75
11003 0
11003 0.05
11003 0.05
11008 1.13
11008 0
11008 3.38
11008 2.14
11008 2
11008 2.75
11008 0
11008 0.05
11008 0.05
11030 1.13
11030 0
11030 3.38
11030 2.14
11030 2
11030 2.75
11030 0
11030 0.05
11030 0.05
11032 1.13
11032 0
11032 3.38
11032 2.14
11032 2
11032 2.75
11032 0
11032 0.05
11032 0.05
11033 1.13
11033 0
11033 3.38
11033 2.14
11033 2
11033 2.75
11033 0
11033 0.05
11033 0.05
11034 1.13
11034 0
11034 3.38
11034 2.14
11034 2
11034 2.75
11034 0
11034 0.05
11034 0.05
11035 1.13
11035 0
11035 3.38
11035 2.14
11035 2
11035 2.75
11035 0
11035 0.05
11035 0.05
11036 1.13
11036 0
11036 3.38
11036 2.14
11036 2
11036 2.75
11036 0
11036 0.05
11036 0.05
11037 1.13
11037 0
11037 3.38
11037 2.14
11037 2
11037 2.75
11037 0
11037 0.05
11037 0.05
11108 1.13
11108 0
11108 3.38
11108 2.14
11108 2
11108 2.75
11108 0
11108 0.05
11108 0.05
11121 1.13
11121 0
11121 3.38
11121 2.14
11121 2
11121 2.75
11121 0
11121 0.05
11121 0.05
11140 1.13
11140 0
11140 3.38
11140 2.14
11140 2
11140 2.75
11140 0
11140 0.05
11140 0.05
11145 1.13
11145 0
11145 3.38
11145 2.14
11145 2
11145 2.75
11145 0
11145 0.05
11145 0.05
11146 1.13
11146 0
11146 3.38
11146 2.14
11146 2
11146 2.75
11146 0
11146 0.05
11146 0.05
11147 1.13
11147 0
11147 3.38
11147 2.14
11147 2
11147 2.75
11147 0
11147 0.05
11147 0.05
11262 1.13
11262 0
11262 3.38
11262 2.14
11262 2
11262 2.75
11262 0
11262 0.05
11262 0.05
11265 1.13
11265 0
11265 3.38
11265 2.14
11265 2
11265 2.75
11265 0
11265 0.05
11265 0.05
11266 1.13
11266 0
11266 3.38
11266 2.14
11266 2
11266 2.75
11266 0
11266 0.05
11266 0.05
11267 1.13
11267 0
11267 3.38
11267 2.14
11267 2
11267 2.75
11267 0
11267 0.05
11267 0.05
11355 1.13
11355 0
11355 3.38
11355 2.14
11355 2
11355 2.75
11355 0
11355 0.05
11355 0.05
11358 1.13
11358 0
11358 3.38
11358 2.14
11358 2
11358 2.75
11358 0
11358 0.05
11358 0.05
11373 1.13
11373 0
11373 3.38
11373 2.14
11373 2
11373 2.75
11373 0
11373 0.05
11373 0.05
11374 1.13
11374 0
11374 3.38
11374 2.14
11374 2
11374 2.75
11374 0
11374 0.05
11374 0.05
11375 1.13
11375 0
11375 3.38
11375 2.14
11375 2
11375 2.75
11375 0
11375 0.05
11375 0.05
11382 1.13
11382 0
11382 3.38
11382 2.14
11382 2
11382 2.75
11382 0
11382 0.05
11382 0.05
11386 1.13
11386 0
11386 3.38
11386 2.14
11386 2
11386 2.75
11386 0
11386 0.05
11386 0.05
11387 1.13
11387 0
11387 3.38
11387 2.14
11387 2
11387 2.75
11387 0
11387 0.05
11387 0.05
11388 1.13
11388 0
11388 3.38
11388 2.14
11388 2
11388 2.75
11388 0
11388 0.05
11388 0.05
11389 1.13
11389 0
11389 3.38
11389 2.14
11389 2
11389 2.75
11389 0
11389 0.05
11389 0.05
11497 1.13
11497 0
11497 3.38
11497 2.14
11497 2
11497 2.75
11497 0
11497 0.05
11497 0.05
11499 1.13
11499 0
11499 3.38
11499 2.14
11499 2
11499 2.75
11499 0
11499 0.05
11499 0.05
11505 1.13
11505 0
11505 3.38
11505 2.14
11505 2
11505 2.75
11505 0
11505 0.05
11505 0.05
11509 1.13
11509 0
11509 3.38
11509 2.14
11509 2
11509 2.75
11509 0
11509 0.05
11509 0.05
11510 1.13
11510 0
11510 3.38
11510 2.14
11510 2
11510 2.75
11510 0
11510 0.05
11510 0.05
11512 1.13
11512 0
11512 3.38
11512 2.14
11512 2
11512 2.75
11512 0
11512 0.05
11512 0.05
11513 1.13
11513 0
11513 3.38
11513 2.14
11513 2
11513 2.75
11513 0
11513 0.05
11513 0.05
11514 1.13
11514 0
11514 3.38
11514 2.14
11514 2
11514 2.75
11514 0
11514 0.05
11514 0.05
11515 1.13
11515 0
11515 3.38
11515 2.14
11515 2
11515 2.75
11515 0
11515 0.05
11515 0.05
11626 1.13
11626 0
11626 3.38
11626 2.14
11626 2
11626 2.75
11626 0
11626 0.05
11626 0.05
11627 1.13
11627 0
11627 3.38
11627 2.14
11627 2
11627 2.75
11627 0
11627 0.05
11627 0.05
11628 1.13
11628 0
11628 3.38
11628 2.14
11628 2
11628 2.75
11628 0
11628 0.05
11628 0.05
11630 1.13
11630 0
11630 3.38
11630 2.14
11630 2
11630 2.75
11630 0
11630 0.05
11630 0.05
11631 1.13
11631 0
11631 3.38
11631 2.14
11631 2
11631 2.75
11631 0
11631 0.05
11631 0.05
11634 1.13
11634 0
11634 3.38
11634 2.14
11634 2
11634 2.75
11634 0
11634 0.05
11634 0.05
11644 1.13
11644 0
11644 3.38
11644 2.14
11644 2
11644 2.75
11644 0
11644 0.05
11644 0.05
11645 1.13
11645 0
11645 3.38
11645 2.14
11645 2
11645 2.75
11645 0
11645 0.05
11645 0.05
11637 1.13
11637 0
11637 3.38
11637 2.14
11637 2
11637 2.75
11637 0
11637 0.05
11637 0.05
11638 1.13
11638 0
11638 3.38
11638 2.14
11638 2
11638 2.75
11638 0
11638 0.05
11638 0.05
11640 1.13
11640 0
11640 3.38
11640 2.14
11640 2
11640 2.75
11640 0
11640 0.05
11640 0.05
11641 1.13
11641 0
11641 3.38
11641 2.14
11641 2
11641 2.75
11641 0
11641 0.05
11641 0.05
11642 1.13
11642 0
11642 3.38
11642 2.14
11642 2
11642 2.75
11642 0
11642 0.05
11642 0.05
11755 1.13
11755 0
11755 3.38
11755 2.14
11755 2
11755 2.75
11755 0
11755 0.05
11755 0.05
11756 1.13
11756 0
11756 3.38
11756 2.14
11756 2
11756 2.75
11756 0
11756 0.05
11756 0.05
11758 1.13
11758 0
11758 3.38
11758 2.14
11758 2
11758 2.75
11758 0
11758 0.05
11758 0.05
11762 1.13
11762 0
11762 3.38
11762 2.14
11762 2
11762 2.75
11762 0
11762 0.05
11762 0.05
11764 1.13
11764 0
11764 3.38
11764 2.14
11764 2
11764 2.75
11764 0
11764 0.05
11764 0.05
11766 1.13
11766 0
11766 3.38
11766 2.14
11766 2
11766 2.75
11766 0
11766 0.05
11766 0.05
11769 1.13
11769 0
11769 3.38
11769 2.14
11769 2
11769 2.75
11769 0
11769 0.05
11769 0.05
11770 1.13
11770 0
11770 3.38
11770 2.14
11770 2
11770 2.75
11770 0
11770 0.05
11770 0.05
11771 1.13
11771 0
11771 3.38
11771 2.14
11771 2
11771 2.75
11771 0
11771 0.05
11771 0.05
11772 1.13
11772 0
11772 3.38
11772 2.14
11772 2
11772 2.75
11772 0
11772 0.05
11772 0.05
11773 1.13
11773 0
11773 3.38
11773 2.14
11773 2
11773 2.75
11773 0
11773 0.05
11773 0.05
11774 1.13
11774 0
11774 3.38
11774 2.14
11774 2
11774 2.75
11774 0
11774 0.05
11774 0.05
11775 1.13
11775 0
11775 3.38
11775 2.14
11775 2
11775 2.75
11775 0
11775 0.05
11775 0.05
11776 1.13
11776 0
11776 3.38
11776 2.14
11776 2
11776 2.75
11776 0
11776 0.05
11776 0.05
11884 1.13
11884 0
11884 3.38
11884 2.14
11884 2
11884 2.75
11884 0
11884 0.05
11884 0.05
11885 1.13
11885 0
11885 3.38
11885 2.14
11885 2
11885 2.75
11885 0
11885 0.05
11885 0.05
11888 1.13
11888 0
11888 3.38
11888 2.14
11888 2
11888 2.75
11888 0
11888 0.05
11888 0.05
11889 1.13
11889 0
11889 3.38
11889 2.14
11889 2
11889 2.75
11889 0
11889 0.05
11889 0.05
11890 1.13
11890 0
11890 3.38
11890 2.14
11890 2
11890 2.75
11890 0
11890 0.05
11890 0.05
11892 1.13
11892 0
11892 3.38
11892 2.14
11892 2
11892 2.75
11892 0
11892 0.05
11892 0.05
11893 1.13
11893 0
11893 3.38
11893 2.14
11893 2
11893 2.75
11893 0
11893 0.05
11893 0.05
11894 1.13
11894 0
11894 3.38
11894 2.14
11894 2
11894 2.75
11894 0
11894 0.05
11894 0.05
11895 1.13
11895 0
11895 3.38
11895 2.14
11895 2
11895 2.75
11895 0
11895 0.05
11895 0.05
11896 1.13
11896 0
11896 3.38
11896 2.14
11896 2
11896 2.75
11896 0
11896 0.05
11896 0.05
11897 1.13
11897 0
11897 3.38
11897 2.14
11897 2
11897 2.75
11897 0
11897 0.05
11897 0.05
11898 1.13
11898 0
11898 3.38
11898 2.14
11898 2
11898 2.75
11898 0
11898 0.05
11898 0.05
11900 1.13
11900 0
11900 3.38
11900 2.14
11900 2
11900 2.75
11900 0
11900 0.05
11900 0.05
11901 1.13
11901 0
11901 3.38
11901 2.14
11901 2
11901 2.75
11901 0
11901 0.05
11901 0.05
11902 1.13
11902 0
11902 3.38
11902 2.14
11902 2
11902 2.75
11902 0
11902 0.05
11902 0.05
11903 1.13
11903 0
11903 3.38
11903 2.14
11903 2
11903 2.75
11903 0
11903 0.05
11903 0.05
11904 1.13
11904 0
11904 3.38
11904 2.14
11904 2
11904 2.75
11904 0
11904 0.05
11904 0.05
11905 1.13
11905 0
11905 3.38
11905 2.14
11905 2
11905 2.75
11905 0
11905 0.05
11905 0.05
11990 1.13
11990 0
11990 3.38
11990 2.14
11990 2
11990 2.75
11990 0
11990 0.05
11990 0.05
12008 1.13
12008 0
12008 3.38
12008 2.14
12008 2
12008 2.75
12008 0
12008 0.05
12008 0.05
12009 1.13
12009 0
12009 3.38
12009 2.14
12009 2
12009 2.75
12009 0
12009 0.05
12009 0.05
12010 1.13
12010 0
12010 3.38
12010 2.14
12010 2
12010 2.75
12010 0
12010 0.05
12010 0.05
12012 1.13
12012 0
12012 3.38
12012 2.14
12012 2
12012 2.75
12012 0
12012 0.05
12012 0.05
12017 1.13
12017 0
12017 3.38
12017 2.14
12017 2
12017 2.75
12017 0
12017 0.05
12017 0.05
12018 1.13
12018 0
12018 3.38
12018 2.14
12018 2
12018 2.75
12018 0
12018 0.05
12018 0.05
12019 1.13
12019 0
12019 3.38
12019 2.14
12019 2
12019 2.75
12019 0
12019 0.05
12019 0.05
12020 1.13
12020 0
12020 3.38
12020 2.14
12020 2
12020 2.75
12020 0
12020 0.05
12020 0.05
12022 1.13
12022 0
12022 3.38
12022 2.14
12022 2
12022 2.75
12022 0
12022 0.05
12022 0.05
12023 1.13
12023 0
12023 3.38
12023 2.14
12023 2
12023 2.75
12023 0
12023 0.05
12023 0.05
12024 1.13
12024 0
12024 3.38
12024 2.14
12024 2
12024 2.75
12024 0
12024 0.05
12024 0.05
12025 1.13
12025 0
12025 3.38
12025 2.14
12025 2
12025 2.75
12025 0
12025 0.05
12025 0.05
12029 1.13
12029 0
12029 3.38
12029 2.14
12029 2
12029 2.75
12029 0
12029 0.05
12029 0.05
12128 1.13
12128 0
12128 3.38
12128 2.14
12128 2
12128 2.75
12128 0
12128 0.05
12128 0.05
12130 1.13
12130 0
12130 3.38
12130 2.14
12130 2
12130 2.75
12130 0
12130 0.05
12130 0.05
12133 1.13
12133 0
12133 3.38
12133 2.14
12133 2
12133 2.75
12133 0
12133 0.05
12133 0.05
12134 1.13
12134 0
12134 3.38
12134 2.14
12134 2
12134 2.75
12134 0
12134 0.05
12134 0.05
12136 1.13
12136 0
12136 3.38
12136 2.14
12136 2
12136 2.75
12136 0
12136 0.05
12136 0.05
12137 1.13
12137 0
12137 3.38
12137 2.14
12137 2
12137 2.75
12137 0
12137 0.05
12137 0.05
12139 1.13
12139 0
12139 3.38
12139 2.14
12139 2
12139 2.75
12139 0
12139 0.05
12139 0.05
12147 1.13
12147 0
12147 3.38
12147 2.14
12147 2
12147 2.75
12147 0
12147 0.05
12147 0.05
12148 1.13
12148 0
12148 3.38
12148 2.14
12148 2
12148 2.75
12148 0
12148 0.05
12148 0.05
12150 1.13
12150 0
12150 3.38
12150 2.14
12150 2
12150 2.75
12150 0
12150 0.05
12150 0.05
12252 1.13
12252 0
12252 3.38
12252 2.14
12252 2
12252 2.75
12252 0
12252 0.05
12252 0.05
12254 1.13
12254 0
12254 3.38
12254 2.14
12254 2
12254 2.75
12254 0
12254 0.05
12254 0.05
12256 1.13
12256 0
12256 3.38
12256 2.14
12256 2
12256 2.75
12256 0
12256 0.05
12256 0.05
12257 1.13
12257 0
12257 3.38
12257 2.14
12257 2
12257 2.75
12257 0
12257 0.05
12257 0.05
12259 1.13
12259 0
12259 3.38
12259 2.14
12259 2
12259 2.75
12259 0
12259 0.05
12259 0.05
12261 1.13
12261 0
12261 3.38
12261 2.14
12261 2
12261 2.75
12261 0
12261 0.05
12261 0.05
12262 1.13
12262 0
12262 3.38
12262 2.14
12262 2
12262 2.75
12262 0
12262 0.05
12262 0.05
12263 1.13
12263 0
12263 3.38
12263 2.14
12263 2
12263 2.75
12263 0
12263 0.05
12263 0.05
12264 1.13
12264 0
12264 3.38
12264 2.14
12264 2
12264 2.75
12264 0
12264 0.05
12264 0.05
12265 1.13
12265 0
12265 3.38
12265 2.14
12265 2
12265 2.75
12265 0
12265 0.05
12265 0.05
12266 1.13
12266 0
12266 3.38
12266 2.14
12266 2
12266 2.75
12266 0
12266 0.05
12266 0.05
12267 1.13
12267 0
12267 3.38
12267 2.14
12267 2
12267 2.75
12267 0
12267 0.05
12267 0.05
12269 1.13
12269 0
12269 3.38
12269 2.14
12269 2
12269 2.75
12269 0
12269 0.05
12269 0.05
12271 1.13
12271 0
12271 3.38
12271 2.14
12271 2
12271 2.75
12271 0
12271 0.05
12271 0.05
12272 1.13
12272 0
12272 3.38
12272 2.14
12272 2
12272 2.75
12272 0
12272 0.05
12272 0.05
12273 1.13
12273 0
12273 3.38
12273 2.14
12273 2
12273 2.75
12273 0
12273 0.05
12273 0.05
12274 1.13
12274 0
12274 3.38
12274 2.14
12274 2
12274 2.75
12274 0
12274 0.05
12274 0.05
12276 1.13
12276 0
12276 3.38
12276 2.14
12276 2
12276 2.75
12276 0
12276 0.05
12276 0.05
12360 1.13
12360 0
12360 3.38
12360 2.14
12360 2
12360 2.75
12360 0
12360 0.05
12360 0.05
12366 1.13
12366 0
12366 3.38
12366 2.14
12366 2
12366 2.75
12366 0
12366 0.05
12366 0.05
12388 1.13
12388 0
12388 3.38
12388 2.14
12388 2
12388 2.75
12388 0
12388 0.05
12388 0.05
12390 1.13
12390 0
12390 3.38
12390 2.14
12390 2
12390 2.75
12390 0
12390 0.05
12390 0.05
12391 1.13
12391 0
12391 3.38
12391 2.14
12391 2
12391 2.75
12391 0
12391 0.05
12391 0.05
12393 1.13
12393 0
12393 3.38
12393 2.14
12393 2
12393 2.75
12393 0
12393 0.05
12393 0.05
12409 1.13
12409 0
12409 3.38
12409 2.14
12409 2
12409 2.75
12409 0
12409 0.05
12409 0.05
12397 1.13
12397 0
12397 3.38
12397 2.14
12397 2
12397 2.75
12397 0
12397 0.05
12397 0.05
12398 1.13
12398 0
12398 3.38
12398 2.14
12398 2
12398 2.75
12398 0
12398 0.05
12398 0.05
12400 1.13
12400 0
12400 3.38
12400 2.14
12400 2
12400 2.75
12400 0
12400 0.05
12400 0.05
12401 1.13
12401 0
12401 3.38
12401 2.14
12401 2
12401 2.75
12401 0
12401 0.05
12401 0.05
12402 1.13
12402 0
12402 3.38
12402 2.14
12402 2
12402 2.75
12402 0
12402 0.05
12402 0.05
12405 1.13
12405 0
12405 3.38
12405 2.14
12405 2
12405 2.75
12405 0
12405 0.05
12405 0.05
12406 1.13
12406 0
12406 3.38
12406 2.14
12406 2
12406 2.75
12406 0
12406 0.05
12406 0.05
12407 1.13
12407 0
12407 3.38
12407 2.14
12407 2
12407 2.75
12407 0
12407 0.05
12407 0.05
12408 1.13
12408 0
12408 3.38
12408 2.14
12408 2
12408 2.75
12408 0
12408 0.05
12408 0.05
12501 1.13
12501 0
12501 3.38
12501 2.14
12501 2
12501 2.75
12501 0
12501 0.05
12501 0.05
12502 1.13
12502 0
12502 3.38
12502 2.14
12502 2
12502 2.75
12502 0
12502 0.05
12502 0.05
12518 1.13
12518 0
12518 3.38
12518 2.14
12518 2
12518 2.75
12518 0
12518 0.05
12518 0.05
12520 1.13
12520 0
12520 3.38
12520 2.14
12520 2
12520 2.75
12520 0
12520 0.05
12520 0.05
12522 1.13
12522 0
12522 3.38
12522 2.14
12522 2
12522 2.75
12522 0
12522 0.05
12522 0.05
12523 1.13
12523 0
12523 3.38
12523 2.14
12523 2
12523 2.75
12523 0
12523 0.05
12523 0.05
12524 1.13
12524 0
12524 3.38
12524 2.14
12524 2
12524 2.75
12524 0
12524 0.05
12524 0.05
12525 1.13
12525 0
12525 3.38
12525 2.14
12525 2
12525 2.75
12525 0
12525 0.05
12525 0.05
12526 1.13
12526 0
12526 3.38
12526 2.14
12526 2
12526 2.75
12526 0
12526 0.05
12526 0.05
12540 1.13
12540 0
12540 3.38
12540 2.14
12540 2
12540 2.75
12540 0
12540 0.05
12540 0.05
12527 1.13
12527 0
12527 3.38
12527 2.14
12527 2
12527 2.75
12527 0
12527 0.05
12527 0.05
12528 1.13
12528 0
12528 3.38
12528 2.14
12528 2
12528 2.75
12528 0
12528 0.05
12528 0.05
12529 1.13
12529 0
12529 3.38
12529 2.14
12529 2
12529 2.75
12529 0
12529 0.05
12529 0.05
12530 1.13
12530 0
12530 3.38
12530 2.14
12530 2
12530 2.75
12530 0
12530 0.05
12530 0.05
12531 1.13
12531 0
12531 3.38
12531 2.14
12531 2
12531 2.75
12531 0
12531 0.05
12531 0.05
12532 1.13
12532 0
12532 3.38
12532 2.14
12532 2
12532 2.75
12532 0
12532 0.05
12532 0.05
12533 1.13
12533 0
12533 3.38
12533 2.14
12533 2
12533 2.75
12533 0
12533 0.05
12533 0.05
12534 1.13
12534 0
12534 3.38
12534 2.14
12534 2
12534 2.75
12534 0
12534 0.05
12534 0.05
12535 1.13
12535 0
12535 3.38
12535 2.14
12535 2
12535 2.75
12535 0
12535 0.05
12535 0.05
12537 1.13
12537 0
12537 3.38
12537 2.14
12537 2
12537 2.75
12537 0
12537 0.05
12537 0.05
12538 1.13
12538 0
12538 3.38
12538 2.14
12538 2
12538 2.75
12538 0
12538 0.05
12538 0.05
12539 1.13
12539 0
12539 3.38
12539 2.14
12539 2
12539 2.75
12539 0
12539 0.05
12539 0.05
12628 1.13
12628 0
12628 3.38
12628 2.14
12628 2
12628 2.75
12628 0
12628 0.05
12628 0.05
12630 1.13
12630 0
12630 3.38
12630 2.14
12630 2
12630 2.75
12630 0
12630 0.05
12630 0.05
12647 1.13
12647 0
12647 3.38
12647 2.14
12647 2
12647 2.75
12647 0
12647 0.05
12647 0.05
12648 1.13
12648 0
12648 3.38
12648 2.14
12648 2
12648 2.75
12648 0
12648 0.05
12648 0.05
12649 1.13
12649 0
12649 3.38
12649 2.14
12649 2
12649 2.75
12649 0
12649 0.05
12649 0.05
12650 1.13
12650 0
12650 3.38
12650 2.14
12650 2
12650 2.75
12650 0
12650 0.05
12650 0.05
12651 1.13
12651 0
12651 3.38
12651 2.14
12651 2
12651 2.75
12651 0
12651 0.05
12651 0.05
12652 1.13
12652 0
12652 3.38
12652 2.14
12652 2
12652 2.75
12652 0
12652 0.05
12652 0.05
12662 1.13
12662 0
12662 3.38
12662 2.14
12662 2
12662 2.75
12662 0
12662 0.05
12662 0.05
12663 1.13
12663 0
12663 3.38
12663 2.14
12663 2
12663 2.75
12663 0
12663 0.05
12663 0.05
12664 1.13
12664 0
12664 3.38
12664 2.14
12664 2
12664 2.75
12664 0
12664 0.05
12664 0.05
12665 1.13
12665 0
12665 3.38
12665 2.14
12665 2
12665 2.75
12665 0
12665 0.05
12665 0.05
12654 1.13
12654 0
12654 3.38
12654 2.14
12654 2
12654 2.75
12654 0
12654 0.05
12654 0.05
12655 1.13
12655 0
12655 3.38
12655 2.14
12655 2
12655 2.75
12655 0
12655 0.05
12655 0.05
12656 1.13
12656 0
12656 3.38
12656 2.14
12656 2
12656 2.75
12656 0
12656 0.05
12656 0.05
12658 1.13
12658 0
12658 3.38
12658 2.14
12658 2
12658 2.75
12658 0
12658 0.05
12658 0.05
12659 1.13
12659 0
12659 3.38
12659 2.14
12659 2
12659 2.75
12659 0
12659 0.05
12659 0.05
12660 1.13
12660 0
12660 3.38
12660 2.14
12660 2
12660 2.75
12660 0
12660 0.05
12660 0.05
12661 1.13
12661 0
12661 3.38
12661 2.14
12661 2
12661 2.75
12661 0
12661 0.05
12661 0.05
12747 1.13
12747 0
12747 3.38
12747 2.14
12747 2
12747 2.75
12747 0
12747 0.05
12747 0.05
12757 1.13
12757 0
12757 3.38
12757 2.14
12757 2
12757 2.75
12757 0
12757 0.05
12757 0.05
12765 1.13
12765 0
12765 3.38
12765 2.14
12765 2
12765 2.75
12765 0
12765 0.05
12765 0.05
12766 1.13
12766 0
12766 3.38
12766 2.14
12766 2
12766 2.75
12766 0
12766 0.05
12766 0.05
12767 1.13
12767 0
12767 3.38
12767 2.14
12767 2
12767 2.75
12767 0
12767 0.05
12767 0.05
12768 1.13
12768 0
12768 3.38
12768 2.14
12768 2
12768 2.75
12768 0
12768 0.05
12768 0.05
12769 1.13
12769 0
12769 3.38
12769 2.14
12769 2
12769 2.75
12769 0
12769 0.05
12769 0.05
12862 1.13
12862 0
12862 3.38
12862 2.14
12862 2
12862 2.75
12862 0
12862 0.05
12862 0.05
12863 1.13
12863 0
12863 3.38
12863 2.14
12863 2
12863 2.75
12863 0
12863 0.05
12863 0.05
12864 1.13
12864 0
12864 3.38
12864 2.14
12864 2
12864 2.75
12864 0
12864 0.05
12864 0.05
12867 1.13
12867 0
12867 3.38
12867 2.14
12867 2
12867 2.75
12867 0
12867 0.05
12867 0.05
12881 1.13
12881 0
12881 3.38
12881 2.14
12881 2
12881 2.75
12881 0
12881 0.05
12881 0.05
12887 1.13
12887 0
12887 3.38
12887 2.14
12887 2
12887 2.75
12887 0
12887 0.05
12887 0.05
12888 1.13
12888 0
12888 3.38
12888 2.14
12888 2
12888 2.75
12888 0
12888 0.05
12888 0.05
12889 1.13
12889 0
12889 3.38
12889 2.14
12889 2
12889 2.75
12889 0
12889 0.05
12889 0.05
12986 1.13
12986 0
12986 3.38
12986 2.14
12986 2
12986 2.75
12986 0
12986 0.05
12986 0.05
12989 1.13
12989 0
12989 3.38
12989 2.14
12989 2
12989 2.75
12989 0
12989 0.05
12989 0.05
12997 1.13
12997 0
12997 3.38
12997 2.14
12997 2
12997 2.75
12997 0
12997 0.05
12997 0.05
13003 1.13
13003 0
13003 3.38
13003 2.14
13003 2
13003 2.75
13003 0
13003 0.05
13003 0.05
13005 1.13
13005 0
13005 3.38
13005 2.14
13005 2
13005 2.75
13005 0
13005 0.05
13005 0.05
13007 1.13
13007 0
13007 3.38
13007 2.14
13007 2
13007 2.75
13007 0
13007 0.05
13007 0.05
13008 1.13
13008 0
13008 3.38
13008 2.14
13008 2
13008 2.75
13008 0
13008 0.05
13008 0.05
13009 1.13
13009 0
13009 3.38
13009 2.14
13009 2
13009 2.75
13009 0
13009 0.05
13009 0.05
13010 1.13
13010 0
13010 3.38
13010 2.14
13010 2
13010 2.75
13010 0
13010 0.05
13010 0.05
13098 1.13
13098 0
13098 3.38
13098 2.14
13098 2
13098 2.75
13098 0
13098 0.05
13098 0.05
13103 1.13
13103 0
13103 3.38
13103 2.14
13103 2
13103 2.75
13103 0
13103 0.05
13103 0.05
13106 1.13
13106 0
13106 3.38
13106 2.14
13106 2
13106 2.75
13106 0
13106 0.05
13106 0.05
13118 1.13
13118 0
13118 3.38
13118 2.14
13118 2
13118 2.75
13118 0
13118 0.05
13118 0.05
13120 1.13
13120 0
13120 3.38
13120 2.14
13120 2
13120 2.75
13120 0
13120 0.05
13120 0.05
13122 1.13
13122 0
13122 3.38
13122 2.14
13122 2
13122 2.75
13122 0
13122 0.05
13122 0.05
13123 1.13
13123 0
13123 3.38
13123 2.14
13123 2
13123 2.75
13123 0
13123 0.05
13123 0.05
13206 1.13
13206 0
13206 3.38
13206 2.14
13206 2
13206 2.75
13206 0
13206 0.05
13206 0.05
13207 1.13
13207 0
13207 3.38
13207 2.14
13207 2
13207 2.75
13207 0
13207 0.05
13207 0.05
13225 1.13
13225 0
13225 3.38
13225 2.14
13225 2
13225 2.75
13225 0
13225 0.05
13225 0.05
13226 1.13
13226 0
13226 3.38
13226 2.14
13226 2
13226 2.75
13226 0
13226 0.05
13226 0.05
13297 1.13
13297 0
13297 3.38
13297 2.14
13297 2
13297 2.75
13297 0
13297 0.05
13297 0.05
13299 1.13
13299 0
13299 3.38
13299 2.14
13299 2
13299 2.75
13299 0
13299 0.05
13299 0.05
13318 1.13
13318 0
13318 3.38
13318 2.14
13318 2
13318 2.75
13318 0
13318 0.05
13318 0.05
13320 1.13
13320 0
13320 3.38
13320 2.14
13320 2
13320 2.75
13320 0
13320 0.05
13320 0.05
13323 1.13
13323 0
13323 3.38
13323 2.14
13323 2
13323 2.75
13323 0
13323 0.05
13323 0.05
13324 1.13
13324 0
13324 3.38
13324 2.14
13324 2
13324 2.75
13324 0
13324 0.05
13324 0.05
13396 1.13
13396 0
13396 3.38
13396 2.14
13396 2
13396 2.75
13396 0
13396 0.05
13396 0.05
13404 1.13
13404 0
13404 3.38
13404 2.14
13404 2
13404 2.75
13404 0
13404 0.05
13404 0.05
13406 1.13
13406 0
13406 3.38
13406 2.14
13406 2
13406 2.75
13406 0
13406 0.05
13406 0.05
13407 1.13
13407 0
13407 3.38
13407 2.14
13407 2
13407 2.75
13407 0
13407 0.05
13407 0.05
13408 1.13
13408 0
13408 3.38
13408 2.14
13408 2
13408 2.75
13408 0
13408 0.05
13408 0.05
13409 1.13
13409 0
13409 3.38
13409 2.14
13409 2
13409 2.75
13409 0
13409 0.05
13409 0.05
13469 1.13
13469 0
13469 3.38
13469 2.14
13469 2
13469 2.75
13469 0
13469 0.05
13469 0.05
13477 1.13
13477 0
13477 3.38
13477 2.14
13477 2
13477 2.75
13477 0
13477 0.05
13477 0.05
13485 1.13
13485 0
13485 3.38
13485 2.14
13485 2
13485 2.75
13485 0
13485 0.05
13485 0.05
13486 1.13
13486 0
13486 3.38
13486 2.14
13486 2
13486 2.75
13486 0
13486 0.05
13486 0.05
13487 1.13
13487 0
13487 3.38
13487 2.14
13487 2
13487 2.75
13487 0
13487 0.05
13487 0.05
13490 1.13
13490 0
13490 3.38
13490 2.14
13490 2
13490 2.75
13490 0
13490 0.05
13490 0.05
13534 1.13
13534 0
13534 3.38
13534 2.14
13534 2
13534 2.75
13534 0
13534 0.05
13534 0.05
13535 1.13
13535 0
13535 3.38
13535 2.14
13535 2
13535 2.75
13535 0
13535 0.05
13535 0.05
13555 1.13
13555 0
13555 3.38
13555 2.14
13555 2
13555 2.75
13555 0
13555 0.05
13555 0.05
13556 1.13
13556 0
13556 3.38
13556 2.14
13556 2
13556 2.75
13556 0
13556 0.05
13556 0.05
13597 1.13
13597 0
13597 3.38
13597 2.14
13597 2
13597 2.75
13597 0
13597 0.05
13597 0.05
13611 1.13
13611 0
13611 3.38
13611 2.14
13611 2
13611 2.75
13611 0
13611 0.05
13611 0.05
13617 1.13
13617 0
13617 3.38
13617 2.14
13617 2
13617 2.75
13617 0
13617 0.05
13617 0.05
13618 1.13
13618 0
13618 3.38
13618 2.14
13618 2
13618 2.75
13618 0
13618 0.05
13618 0.05
13619 1.13
13619 0
13619 3.38
13619 2.14
13619 2
13619 2.75
13619 0
13619 0.05
13619 0.05
13663 1.13
13663 0
13663 3.38
13663 2.14
13663 2
13663 2.75
13663 0
13663 0.05
13663 0.05
13667 1.13
13667 0
13667 3.38
13667 2.14
13667 2
13667 2.75
13667 0
13667 0.05
13667 0.05
13670 1.13
13670 0
13670 3.38
13670 2.14
13670 2
13670 2.75
13670 0
13670 0.05
13670 0.05
13671 1.13
13671 0
13671 3.38
13671 2.14
13671 2
13671 2.75
13671 0
13671 0.05
13671 0.05
13674 1.13
13674 0
13674 3.38
13674 2.14
13674 2
13674 2.75
13674 0
13674 0.05
13674 0.05
13675 1.13
13675 0
13675 3.38
13675 2.14
13675 2
13675 2.75
13675 0
13675 0.05
13675 0.05
13676 1.13
13676 0
13676 3.38
13676 2.14
13676 2
13676 2.75
13676 0
13676 0.05
13676 0.05
13725 1.13
13725 0
13725 3.38
13725 2.14
13725 2
13725 2.75
13725 0
13725 0.05
13725 0.05
13726 1.13
13726 0
13726 3.38
13726 2.14
13726 2
13726 2.75
13726 0
13726 0.05
13726 0.05
13727 1.13
13727 0
13727 3.38
13727 2.14
13727 2
13727 2.75
13727 0
13727 0.05
13727 0.05
13729 1.13
13729 0
13729 3.38
13729 2.14
13729 2
13729 2.75
13729 0
13729 0.05
13729 0.05
13731 1.13
13731 0
13731 3.38
13731 2.14
13731 2
13731 2.75
13731 0
13731 0.05
13731 0.05
13784 1.13
13784 0
13784 3.38
13784 2.14
13784 2
13784 2.75
13784 0
13784 0.05
13784 0.05
13819 1.13
13819 0
13819 3.38
13819 2.14
13819 2
13819 2.75
13819 0
13819 0.05
13819 0.05
13822 1.13
13822 0
13822 3.38
13822 2.14
13822 2
13822 2.75
13822 0
13822 0.05
13822 0.05
13832 1.13
13832 0
13832 3.38
13832 2.14
13832 2
13832 2.75
13832 0
13832 0.05
13832 0.05
13833 1.13
13833 0
13833 3.38
13833 2.14
13833 2
13833 2.75
13833 0
13833 0.05
13833 0.05
13836 1.13
13836 0
13836 3.38
13836 2.14
13836 2
13836 2.75
13836 0
13836 0.05
13836 0.05
13837 1.13
13837 0
13837 3.38
13837 2.14
13837 2
13837 2.75
13837 0
13837 0.05
13837 0.05
13838 1.13
13838 0
13838 3.38
13838 2.14
13838 2
13838 2.75
13838 0
13838 0.05
13838 0.05
13869 1.13
13869 0
13869 3.38
13869 2.14
13869 2
13869 2.75
13869 0
13869 0.05
13869 0.05
13870 1.13
13870 0
13870 3.38
13870 2.14
13870 2
13870 2.75
13870 0
13870 0.05
13870 0.05
13880 1.13
13880 0
13880 3.38
13880 2.14
13880 2
13880 2.75
13880 0
13880 0.05
13880 0.05
13882 1.13
13882 0
13882 3.38
13882 2.14
13882 2
13882 2.75
13882 0
13882 0.05
13882 0.05
13889 1.13
13889 0
13889 3.38
13889 2.14
13889 2
13889 2.75
13889 0
13889 0.05
13889 0.05
13892 1.13
13892 0
13892 3.38
13892 2.14
13892 2
13892 2.75
13892 0
13892 0.05
13892 0.05
13924 1.13
13924 0
13924 3.38
13924 2.14
13924 2
13924 2.75
13924 0
13924 0.05
13924 0.05
13945 1.13
13945 0
13945 3.38
13945 2.14
13945 2
13945 2.75
13945 0
13945 0.05
13945 0.05
13946 1.13
13946 0
13946 3.38
13946 2.14
13946 2
13946 2.75
13946 0
13946 0.05
13946 0.05
13947 1.13
13947 0
13947 3.38
13947 2.14
13947 2
13947 2.75
13947 0
13947 0.05
13947 0.05
13948 1.13
13948 0
13948 3.38
13948 2.14
13948 2
13948 2.75
13948 0
13948 0.05
13948 0.05
13949 1.13
13949 0
13949 3.38
13949 2.14
13949 2
13949 2.75
13949 0
13949 0.05
13949 0.05
13950 1.13
13950 0
13950 3.38
13950 2.14
13950 2
13950 2.75
13950 0
13950 0.05
13950 0.05
13951 1.13
13951 0
13951 3.38
13951 2.14
13951 2
13951 2.75
13951 0
13951 0.05
13951 0.05
13952 1.13
13952 0
13952 3.38
13952 2.14
13952 2
13952 2.75
13952 0
13952 0.05
13952 0.05
14001 1.13
14001 0
14001 3.38
14001 2.14
14001 2
14001 2.75
14001 0
14001 0.05
14001 0.05
14002 1.13
14002 0
14002 3.38
14002 2.14
14002 2
14002 2.75
14002 0
14002 0.05
14002 0.05
14003 1.13
14003 0
14003 3.38
14003 2.14
14003 2
14003 2.75
14003 0
14003 0.05
14003 0.05
14004 1.13
14004 0
14004 3.38
14004 2.14
14004 2
14004 2.75
14004 0
14004 0.05
14004 0.05
14006 1.13
14006 0
14006 3.38
14006 2.14
14006 2
14006 2.75
14006 0
14006 0.05
14006 0.05
14007 1.13
14007 0
14007 3.38
14007 2.14
14007 2
14007 2.75
14007 0
14007 0.05
14007 0.05
14008 1.13
14008 0
14008 3.38
14008 2.14
14008 2
14008 2.75
14008 0
14008 0.05
14008 0.05
14009 1.13
14009 0
14009 3.38
14009 2.14
14009 2
14009 2.75
14009 0
14009 0.05
14009 0.05
14042 1.13
14042 0
14042 3.38
14042 2.14
14042 2
14042 2.75
14042 0
14042 0.05
14042 0.05
14054 1.13
14054 0
14054 3.38
14054 2.14
14054 2
14054 2.75
14054 0
14054 0.05
14054 0.05
14058 1.13
14058 0
14058 3.38
14058 2.14
14058 2
14058 2.75
14058 0
14058 0.05
14058 0.05
14059 1.13
14059 0
14059 3.38
14059 2.14
14059 2
14059 2.75
14059 0
14059 0.05
14059 0.05
14060 1.13
14060 0
14060 3.38
14060 2.14
14060 2
14060 2.75
14060 0
14060 0.05
14060 0.05
14061 1.13
14061 0
14061 3.38
14061 2.14
14061 2
14061 2.75
14061 0
14061 0.05
14061 0.05
14062 1.13
14062 0
14062 3.38
14062 2.14
14062 2
14062 2.75
14062 0
14062 0.05
14062 0.05
14064 1.13
14064 0
14064 3.38
14064 2.14
14064 2
14064 2.75
14064 0
14064 0.05
14064 0.05
14097 1.13
14097 0
14097 3.38
14097 2.14
14097 2
14097 2.75
14097 0
14097 0.05
14097 0.05
14104 1.13
14104 0
14104 3.38
14104 2.14
14104 2
14104 2.75
14104 0
14104 0.05
14104 0.05
14107 1.13
14107 0
14107 3.38
14107 2.14
14107 2
14107 2.75
14107 0
14107 0.05
14107 0.05
14109 1.13
14109 0
14109 3.38
14109 2.14
14109 2
14109 2.75
14109 0
14109 0.05
14109 0.05
14111 1.13
14111 0
14111 3.38
14111 2.14
14111 2
14111 2.75
14111 0
14111 0.05
14111 0.05
14112 1.13
14112 0
14112 3.38
14112 2.14
14112 2
14112 2.75
14112 0
14112 0.05
14112 0.05
14115 1.13
14115 0
14115 3.38
14115 2.14
14115 2
14115 2.75
14115 0
14115 0.05
14115 0.05
14142 1.13
14142 0
14142 3.38
14142 2.14
14142 2
14142 2.75
14142 0
14142 0.05
14142 0.05
14150 1.13
14150 0
14150 3.38
14150 2.14
14150 2
14150 2.75
14150 0
14150 0.05
14150 0.05
14159 1.13
14159 0
14159 3.38
14159 2.14
14159 2
14159 2.75
14159 0
14159 0.05
14159 0.05
14162 1.13
14162 0
14162 3.38
14162 2.14
14162 2
14162 2.75
14162 0
14162 0.05
14162 0.05
14163 1.13
14163 0
14163 3.38
14163 2.14
14163 2
14163 2.75
14163 0
14163 0.05
14163 0.05
14164 1.13
14164 0
14164 3.38
14164 2.14
14164 2
14164 2.75
14164 0
14164 0.05
14164 0.05
14166 1.13
14166 0
14166 3.38
14166 2.14
14166 2
14166 2.75
14166 0
14166 0.05
14166 0.05
14167 1.13
14167 0
14167 3.38
14167 2.14
14167 2
14167 2.75
14167 0
14167 0.05
14167 0.05
14169 1.13
14169 0
14169 3.38
14169 2.14
14169 2
14169 2.75
14169 0
14169 0.05
14169 0.05
14210 1.13
14210 0
14210 3.38
14210 2.14
14210 2
14210 2.75
14210 0
14210 0.05
14210 0.05
14215 1.13
14215 0
14215 3.38
14215 2.14
14215 2
14215 2.75
14215 0
14215 0.05
14215 0.05
14216 1.13
14216 0
14216 3.38
14216 2.14
14216 2
14216 2.75
14216 0
14216 0.05
14216 0.05
14237 1.13
14237 0
14237 3.38
14237 2.14
14237 2
14237 2.75
14237 0
14237 0.05
14237 0.05
14241 1.13
14241 0
14241 3.38
14241 2.14
14241 2
14241 2.75
14241 0
14241 0.05
14241 0.05
14257 1.13
14257 0
14257 3.38
14257 2.14
14257 2
14257 2.75
14257 0
14257 0.05
14257 0.05
14258 1.13
14258 0
14258 3.38
14258 2.14
14258 2
14258 2.75
14258 0
14258 0.05
14258 0.05
14259 1.13
14259 0
14259 3.38
14259 2.14
14259 2
14259 2.75
14259 0
14259 0.05
14259 0.05
14260 1.13
14260 0
14260 3.38
14260 2.14
14260 2
14260 2.75
14260 0
14260 0.05
14260 0.05
14261 1.13
14261 0
14261 3.38
14261 2.14
14261 2
14261 2.75
14261 0
14261 0.05
14261 0.05
14262 1.13
14262 0
14262 3.38
14262 2.14
14262 2
14262 2.75
14262 0
14262 0.05
14262 0.05
14263 1.13
14263 0
14263 3.38
14263 2.14
14263 2
14263 2.75
14263 0
14263 0.05
14263 0.05
14264 1.13
14264 0
14264 3.38
14264 2.14
14264 2
14264 2.75
14264 0
14264 0.05
14264 0.05
14290 1.13
14290 0
14290 3.38
14290 2.14
14290 2
14290 2.75
14290 0
14290 0.05
14290 0.05
14291 1.13
14291 0
14291 3.38
14291 2.14
14291 2
14291 2.75
14291 0
14291 0.05
14291 0.05
14300 1.13
14300 0
14300 3.38
14300 2.14
14300 2
14300 2.75
14300 0
14300 0.05
14300 0.05
14303 1.13
14303 0
14303 3.38
14303 2.14
14303 2
14303 2.75
14303 0
14303 0.05
14303 0.05
14306 1.13
14306 0
14306 3.38
14306 2.14
14306 2
14306 2.75
14306 0
14306 0.05
14306 0.05
14307 1.13
14307 0
14307 3.38
14307 2.14
14307 2
14307 2.75
14307 0
14307 0.05
14307 0.05
14309 1.13
14309 0
14309 3.38
14309 2.14
14309 2
14309 2.75
14309 0
14309 0.05
14309 0.05
14310 1.13
14310 0
14310 3.38
14310 2.14
14310 2
14310 2.75
14310 0
14310 0.05
14310 0.05
14337 1.13
14337 0
14337 3.38
14337 2.14
14337 2
14337 2.75
14337 0
14337 0.05
14337 0.05
14338 1.13
14338 0
14338 3.38
14338 2.14
14338 2
14338 2.75
14338 0
14338 0.05
14338 0.05
14345 1.13
14345 0
14345 3.38
14345 2.14
14345 2
14345 2.75
14345 0
14345 0.05
14345 0.05
14349 1.13
14349 0
14349 3.38
14349 2.14
14349 2
14349 2.75
14349 0
14349 0.05
14349 0.05
14350 1.13
14350 0
14350 3.38
14350 2.14
14350 2
14350 2.75
14350 0
14350 0.05
14350 0.05
14351 1.13
14351 0
14351 3.38
14351 2.14
14351 2
14351 2.75
14351 0
14351 0.05
14351 0.05
14352 1.13
14352 0
14352 3.38
14352 2.14
14352 2
14352 2.75
14352 0
14352 0.05
14352 0.05
14354 1.13
14354 0
14354 3.38
14354 2.14
14354 2
14354 2.75
14354 0
14354 0.05
14354 0.05
14355 1.13
14355 0
14355 3.38
14355 2.14
14355 2
14355 2.75
14355 0
14355 0.05
14355 0.05
14380 1.13
14380 0
14380 3.38
14380 2.14
14380 2
14380 2.75
14380 0
14380 0.05
14380 0.05
14381 1.13
14381 0
14381 3.38
14381 2.14
14381 2
14381 2.75
14381 0
14381 0.05
14381 0.05
14385 1.13
14385 0
14385 3.38
14385 2.14
14385 2
14385 2.75
14385 0
14385 0.05
14385 0.05
14386 1.13
14386 0
14386 3.38
14386 2.14
14386 2
14386 2.75
14386 0
14386 0.05
14386 0.05
14391 1.13
14391 0
14391 3.38
14391 2.14
14391 2
14391 2.75
14391 0
14391 0.05
14391 0.05
14392 1.13
14392 0
14392 3.38
14392 2.14
14392 2
14392 2.75
14392 0
14392 0.05
14392 0.05
14394 1.13
14394 0
14394 3.38
14394 2.14
14394 2
14394 2.75
14394 0
14394 0.05
14394 0.05
14397 1.13
14397 0
14397 3.38
14397 2.14
14397 2
14397 2.75
14397 0
14397 0.05
14397 0.05
14423 1.13
14423 0
14423 3.38
14423 2.14
14423 2
14423 2.75
14423 0
14423 0.05
14423 0.05
14426 1.13
14426 0
14426 3.38
14426 2.14
14426 2
14426 2.75
14426 0
14426 0.05
14426 0.05
14427 1.13
14427 0
14427 3.38
14427 2.14
14427 2
14427 2.75
14427 0
14427 0.05
14427 0.05
14428 1.13
14428 0
14428 3.38
14428 2.14
14428 2
14428 2.75
14428 0
14428 0.05
14428 0.05
14432 1.13
14432 0
14432 3.38
14432 2.14
14432 2
14432 2.75
14432 0
14432 0.05
14432 0.05
14433 1.13
14433 0
14433 3.38
14433 2.14
14433 2
14433 2.75
14433 0
14433 0.05
14433 0.05
14435 1.13
14435 0
14435 3.38
14435 2.14
14435 2
14435 2.75
14435 0
14435 0.05
14435 0.05
14438 1.13
14438 0
14438 3.38
14438 2.14
14438 2
14438 2.75
14438 0
14438 0.05
14438 0.05
14464 1.13
14464 0
14464 3.38
14464 2.14
14464 2
14464 2.75
14464 0
14464 0.05
14464 0.05
14466 1.13
14466 0
14466 3.38
14466 2.14
14466 2
14466 2.75
14466 0
14466 0.05
14466 0.05
14470 1.13
14470 0
14470 3.38
14470 2.14
14470 2
14470 2.75
14470 0
14470 0.05
14470 0.05
14472 1.13
14472 0
14472 3.38
14472 2.14
14472 2
14472 2.75
14472 0
14472 0.05
14472 0.05
14475 1.13
14475 0
14475 3.38
14475 2.14
14475 2
14475 2.75
14475 0
14475 0.05
14475 0.05
14499 1.13
14499 0
14499 3.38
14499 2.14
14499 2
14499 2.75
14499 0
14499 0.05
14499 0.05
14500 1.13
14500 0
14500 3.38
14500 2.14
14500 2
14500 2.75
14500 0
14500 0.05
14500 0.05
14501 1.13
14501 0
14501 3.38
14501 2.14
14501 2
14501 2.75
14501 0
14501 0.05
14501 0.05
14507 1.13
14507 0
14507 3.38
14507 2.14
14507 2
14507 2.75
14507 0
14507 0.05
14507 0.05
14508 1.13
14508 0
14508 3.38
14508 2.14
14508 2
14508 2.75
14508 0
14508 0.05
14508 0.05
14509 1.13
14509 0
14509 3.38
14509 2.14
14509 2
14509 2.75
14509 0
14509 0.05
14509 0.05
14531 1.13
14531 0
14531 3.38
14531 2.14
14531 2
14531 2.75
14531 0
14531 0.05
14531 0.05
14533 1.13
14533 0
14533 3.38
14533 2.14
14533 2
14533 2.75
14533 0
14533 0.05
14533 0.05
14535 1.13
14535 0
14535 3.38
14535 2.14
14535 2
14535 2.75
14535 0
14535 0.05
14535 0.05
14540 1.13
14540 0
14540 3.38
14540 2.14
14540 2
14540 2.75
14540 0
14540 0.05
14540 0.05
14561 1.13
14561 0
14561 3.38
14561 2.14
14561 2
14561 2.75
14561 0
14561 0.05
14561 0.05
14564 1.13
14564 0
14564 3.38
14564 2.14
14564 2
14564 2.75
14564 0
14564 0.05
14564 0.05
14568 1.13
14568 0
14568 3.38
14568 2.14
14568 2
14568 2.75
14568 0
14568 0.05
14568 0.05
14569 1.13
14569 0
14569 3.38
14569 2.14
14569 2
14569 2.75
14569 0
14569 0.05
14569 0.05
14570 1.13
14570 0
14570 3.38
14570 2.14
14570 2
14570 2.75
14570 0
14570 0.05
14570 0.05
14571 1.13
14571 0
14571 3.38
14571 2.14
14571 2
14571 2.75
14571 0
14571 0.05
14571 0.05
14572 1.13
14572 0
14572 3.38
14572 2.14
14572 2
14572 2.75
14572 0
14572 0.05
14572 0.05
14573 1.13
14573 0
14573 3.38
14573 2.14
14573 2
14573 2.75
14573 0
14573 0.05
14573 0.05
14591 1.13
14591 0
14591 3.38
14591 2.14
14591 2
14591 2.75
14591 0
14591 0.05
14591 0.05
14596 1.13
14596 0
14596 3.38
14596 2.14
14596 2
14596 2.75
14596 0
14596 0.05
14596 0.05
14598 1.13
14598 0
14598 3.38
14598 2.14
14598 2
14598 2.75
14598 0
14598 0.05
14598 0.05
14599 1.13
14599 0
14599 3.38
14599 2.14
14599 2
14599 2.75
14599 0
14599 0.05
14599 0.05
14604 1.13
14604 0
14604 3.38
14604 2.14
14604 2
14604 2.75
14604 0
14604 0.05
14604 0.05
14605 1.13
14605 0
14605 3.38
14605 2.14
14605 2
14605 2.75
14605 0
14605 0.05
14605 0.05
14606 1.13
14606 0
14606 3.38
14606 2.14
14606 2
14606 2.75
14606 0
14606 0.05
14606 0.05
14607 1.13
14607 0
14607 3.38
14607 2.14
14607 2
14607 2.75
14607 0
14607 0.05
14607 0.05
14627 1.13
14627 0
14627 3.38
14627 2.14
14627 2
14627 2.75
14627 0
14627 0.05
14627 0.05
14632 1.13
14632 0
14632 3.38
14632 2.14
14632 2
14632 2.75
14632 0
14632 0.05
14632 0.05
14633 1.13
14633 0
14633 3.38
14633 2.14
14633 2
14633 2.75
14633 0
14633 0.05
14633 0.05
14634 1.13
14634 0
14634 3.38
14634 2.14
14634 2
14634 2.75
14634 0
14634 0.05
14634 0.05
14635 1.13
14635 0
14635 3.38
14635 2.14
14635 2
14635 2.75
14635 0
14635 0.05
14635 0.05
14640 1.13
14640 0
14640 3.38
14640 2.14
14640 2
14640 2.75
14640 0
14640 0.05
14640 0.05
14641 1.13
14641 0
14641 3.38
14641 2.14
14641 2
14641 2.75
14641 0
14641 0.05
14641 0.05
14662 1.13
14662 0
14662 3.38
14662 2.14
14662 2
14662 2.75
14662 0
14662 0.05
14662 0.05
14663 1.13
14663 0
14663 3.38
14663 2.14
14663 2
14663 2.75
14663 0
14663 0.05
14663 0.05
14665 1.13
14665 0
14665 3.38
14665 2.14
14665 2
14665 2.75
14665 0
14665 0.05
14665 0.05
14666 1.13
14666 0
14666 3.38
14666 2.14
14666 2
14666 2.75
14666 0
14666 0.05
14666 0.05
14667 1.13
14667 0
14667 3.38
14667 2.14
14667 2
14667 2.75
14667 0
14667 0.05
14667 0.05
14672 1.13
14672 0
14672 3.38
14672 2.14
14672 2
14672 2.75
14672 0
14672 0.05
14672 0.05
14674 1.13
14674 0
14674 3.38
14674 2.14
14674 2
14674 2.75
14674 0
14674 0.05
14674 0.05
14703 1.13
14703 0
14703 3.38
14703 2.14
14703 2
14703 2.75
14703 0
14703 0.05
14703 0.05
14704 1.13
14704 0
14704 3.38
14704 2.14
14704 2
14704 2.75
14704 0
14704 0.05
14704 0.05
14707 1.13
14707 0
14707 3.38
14707 2.14
14707 2
14707 2.75
14707 0
14707 0.05
14707 0.05
14762 1.13
14762 0
14762 3.38
14762 2.14
14762 2
14762 2.75
14762 0
14762 0.05
14762 0.05
14764 1.13
14764 0
14764 3.38
14764 2.14
14764 2
14764 2.75
14764 0
14764 0.05
14764 0.05
14793 1.13
14793 0
14793 3.38
14793 2.14
14793 2
14793 2.75
14793 0
14793 0.05
14793 0.05
14795 1.13
14795 0
14795 3.38
14795 2.14
14795 2
14795 2.75
14795 0
14795 0.05
14795 0.05
14796 1.13
14796 0
14796 3.38
14796 2.14
14796 2
14796 2.75
14796 0
14796 0.05
14796 0.05
14799 1.13
14799 0
14799 3.38
14799 2.14
14799 2
14799 2.75
14799 0
14799 0.05
14799 0.05
14802 1.13
14802 0
14802 3.38
14802 2.14
14802 2
14802 2.75
14802 0
14802 0.05
14802 0.05
14825 1.13
14825 0
14825 3.38
14825 2.14
14825 2
14825 2.75
14825 0
14825 0.05
14825 0.05
14826 1.13
14826 0
14826 3.38
14826 2.14
14826 2
14826 2.75
14826 0
14826 0.05
14826 0.05
14827 1.13
14827 0
14827 3.38
14827 2.14
14827 2
14827 2.75
14827 0
14827 0.05
14827 0.05
14828 1.13
14828 0
14828 3.38
14828 2.14
14828 2
14828 2.75
14828 0
14828 0.05
14828 0.05
14829 1.13
14829 0
14829 3.38
14829 2.14
14829 2
14829 2.75
14829 0
14829 0.05
14829 0.05
14830 1.13
14830 0
14830 3.38
14830 2.14
14830 2
14830 2.75
14830 0
14830 0.05
14830 0.05
14831 1.13
14831 0
14831 3.38
14831 2.14
14831 2
14831 2.75
14831 0
14831 0.05
14831 0.05
14857 1.13
14857 0
14857 3.38
14857 2.14
14857 2
14857 2.75
14857 0
14857 0.05
14857 0.05
14881 1.13
14881 0
14881 3.38
14881 2.14
14881 2
14881 2.75
14881 0
14881 0.05
14881 0.05
14886 1.13
14886 0
14886 3.38
14886 2.14
14886 2
14886 2.75
14886 0
14886 0.05
14886 0.05
14887 1.13
14887 0
14887 3.38
14887 2.14
14887 2
14887 2.75
14887 0
14887 0.05
14887 0.05
14913 1.13
14913 0
14913 3.38
14913 2.14
14913 2
14913 2.75
14913 0
14913 0.05
14913 0.05
14915 1.13
14915 0
14915 3.38
14915 2.14
14915 2
14915 2.75
14915 0
14915 0.05
14915 0.05
14964 1.13
14964 0
14964 3.38
14964 2.14
14964 2
14964 2.75
14964 0
14964 0.05
14964 0.05
14966 1.13
14966 0
14966 3.38
14966 2.14
14966 2
14966 2.75
14966 0
14966 0.05
14966 0.05
14988 1.13
14988 0
14988 3.38
14988 2.14
14988 2
14988 2.75
14988 0
14988 0.05
14988 0.05
15013 1.13
15013 0
15013 3.38
15013 2.14
15013 2
15013 2.75
15013 0
15013 0.05
15013 0.05
15014 1.13
15014 0
15014 3.38
15014 2.14
15014 2
15014 2.75
15014 0
15014 0.05
15014 0.05
15038 1.13
15038 0
15038 3.38
15038 2.14
15038 2
15038 2.75
15038 0
15038 0.05
15038 0.05
15039 1.13
15039 0
15039 3.38
15039 2.14
15039 2
15039 2.75
15039 0
15039 0.05
15039 0.05
15040 1.13
15040 0
15040 3.38
15040 2.14
15040 2
15040 2.75
15040 0
15040 0.05
15040 0.05
15043 1.13
15043 0
15043 3.38
15043 2.14
15043 2
15043 2.75
15043 0
15043 0.05
15043 0.05
15061 1.13
15061 0
15061 3.38
15061 2.14
15061 2
15061 2.75
15061 0
15061 0.05
15061 0.05
15064 1.13
15064 0
15064 3.38
15064 2.14
15064 2
15064 2.75
15064 0
15064 0.05
15064 0.05
15065 1.13
15065 0
15065 3.38
15065 2.14
15065 2
15065 2.75
15065 0
15065 0.05
15065 0.05
15066 1.13
15066 0
15066 3.38
15066 2.14
15066 2
15066 2.75
15066 0
15066 0.05
15066 0.05
15067 1.13
15067 0
15067 3.38
15067 2.14
15067 2
15067 2.75
15067 0
15067 0.05
15067 0.05
15068 1.13
15068 0
15068 3.38
15068 2.14
15068 2
15068 2.75
15068 0
15068 0.05
15068 0.05
15070 1.13
15070 0
15070 3.38
15070 2.14
15070 2
15070 2.75
15070 0
15070 0.05
15070 0.05
15092 1.13
15092 0
15092 3.38
15092 2.14
15092 2
15092 2.75
15092 0
15092 0.05
15092 0.05
15095 1.13
15095 0
15095 3.38
15095 2.14
15095 2
15095 2.75
15095 0
15095 0.05
15095 0.05
15096 1.13
15096 0
15096 3.38
15096 2.14
15096 2
15096 2.75
15096 0
15096 0.05
15096 0.05
15097 1.13
15097 0
15097 3.38
15097 2.14
15097 2
15097 2.75
15097 0
15097 0.05
15097 0.05
15098 1.13
15098 0
15098 3.38
15098 2.14
15098 2
15098 2.75
15098 0
15098 0.05
15098 0.05
15099 1.13
15099 0
15099 3.38
15099 2.14
15099 2
15099 2.75
15099 0
15099 0.05
15099 0.05
15100 1.13
15100 0
15100 3.38
15100 2.14
15100 2
15100 2.75
15100 0
15100 0.05
15100 0.05
15128 1.13
15128 0
15128 3.38
15128 2.14
15128 2
15128 2.75
15128 0
15128 0.05
15128 0.05
15129 1.13
15129 0
15129 3.38
15129 2.14
15129 2
15129 2.75
15129 0
15129 0.05
15129 0.05
15131 1.13
15131 0
15131 3.38
15131 2.14
15131 2
15131 2.75
15131 0
15131 0.05
15131 0.05
15132 1.13
15132 0
15132 3.38
15132 2.14
15132 2
15132 2.75
15132 0
15132 0.05
15132 0.05
15134 1.13
15134 0
15134 3.38
15134 2.14
15134 2
15134 2.75
15134 0
15134 0.05
15134 0.05
15135 1.13
15135 0
15135 3.38
15135 2.14
15135 2
15135 2.75
15135 0
15135 0.05
15135 0.05
15136 1.13
15136 0
15136 3.38
15136 2.14
15136 2
15136 2.75
15136 0
15136 0.05
15136 0.05
15137 1.13
15137 0
15137 3.38
15137 2.14
15137 2
15137 2.75
15137 0
15137 0.05
15137 0.05
15168 1.13
15168 0
15168 3.38
15168 2.14
15168 2
15168 2.75
15168 0
15168 0.05
15168 0.05
15170 1.13
15170 0
15170 3.38
15170 2.14
15170 2
15170 2.75
15170 0
15170 0.05
15170 0.05
15171 1.13
15171 0
15171 3.38
15171 2.14
15171 2
15171 2.75
15171 0
15171 0.05
15171 0.05
15173 1.13
15173 0
15173 3.38
15173 2.14
15173 2
15173 2.75
15173 0
15173 0.05
15173 0.05
15174 1.13
15174 0
15174 3.38
15174 2.14
15174 2
15174 2.75
15174 0
15174 0.05
15174 0.05
15175 1.13
15175 0
15175 3.38
15175 2.14
15175 2
15175 2.75
15175 0
15175 0.05
15175 0.05
15176 1.13
15176 0
15176 3.38
15176 2.14
15176 2
15176 2.75
15176 0
15176 0.05
15176 0.05
15177 1.13
15177 0
15177 3.38
15177 2.14
15177 2
15177 2.75
15177 0
15177 0.05
15177 0.05
15178 1.13
15178 0
15178 3.38
15178 2.14
15178 2
15178 2.75
15178 0
15178 0.05
15178 0.05
15216 1.13
15216 0
15216 3.38
15216 2.14
15216 2
15216 2.75
15216 0
15216 0.05
15216 0.05
15217 1.13
15217 0
15217 3.38
15217 2.14
15217 2
15217 2.75
15217 0
15217 0.05
15217 0.05
15218 1.13
15218 0
15218 3.38
15218 2.14
15218 2
15218 2.75
15218 0
15218 0.05
15218 0.05
15219 1.13
15219 0
15219 3.38
15219 2.14
15219 2
15219 2.75
15219 0
15219 0.05
15219 0.05
15220 1.13
15220 0
15220 3.38
15220 2.14
15220 2
15220 2.75
15220 0
15220 0.05
15220 0.05
15221 1.13
15221 0
15221 3.38
15221 2.14
15221 2
15221 2.75
15221 0
15221 0.05
15221 0.05
15222 1.13
15222 0
15222 3.38
15222 2.14
15222 2
15222 2.75
15222 0
15222 0.05
15222 0.05
15261 1.13
15261 0
15261 3.38
15261 2.14
15261 2
15261 2.75
15261 0
15261 0.05
15261 0.05
15264 1.13
15264 0
15264 3.38
15264 2.14
15264 2
15264 2.75
15264 0
15264 0.05
15264 0.05
15266 1.13
15266 0
15266 3.38
15266 2.14
15266 2
15266 2.75
15266 0
15266 0.05
15266 0.05
15268 1.13
15268 0
15268 3.38
15268 2.14
15268 2
15268 2.75
15268 0
15268 0.05
15268 0.05
15269 1.13
15269 0
15269 3.38
15269 2.14
15269 2
15269 2.75
15269 0
15269 0.05
15269 0.05
15270 1.13
15270 0
15270 3.38
15270 2.14
15270 2
15270 2.75
15270 0
15270 0.05
15270 0.05
15310 1.13
15310 0
15310 3.38
15310 2.14
15310 2
15310 2.75
15310 0
15310 0.05
15310 0.05
15312 1.13
15312 0
15312 3.38
15312 2.14
15312 2
15312 2.75
15312 0
15312 0.05
15312 0.05
15313 1.13
15313 0
15313 3.38
15313 2.14
15313 2
15313 2.75
15313 0
15313 0.05
15313 0.05
15314 1.13
15314 0
15314 3.38
15314 2.14
15314 2
15314 2.75
15314 0
15314 0.05
15314 0.05
15315 1.13
15315 0
15315 3.38
15315 2.14
15315 2
15315 2.75
15315 0
15315 0.05
15315 0.05
15316 1.13
15316 0
15316 3.38
15316 2.14
15316 2
15316 2.75
15316 0
15316 0.05
15316 0.05
15317 1.13
15317 0
15317 3.38
15317 2.14
15317 2
15317 2.75
15317 0
15317 0.05
15317 0.05
15318 1.13
15318 0
15318 3.38
15318 2.14
15318 2
15318 2.75
15318 0
15318 0.05
15318 0.05
15364 1.13
15364 0
15364 3.38
15364 2.14
15364 2
15364 2.75
15364 0
15364 0.05
15364 0.05
15365 1.13
15365 0
15365 3.38
15365 2.14
15365 2
15365 2.75
15365 0
15365 0.05
15365 0.05
15366 1.13
15366 0
15366 3.38
15366 2.14
15366 2
15366 2.75
15366 0
15366 0.05
15366 0.05
15367 1.13
15367 0
15367 3.38
15367 2.14
15367 2
15367 2.75
15367 0
15367 0.05
15367 0.05
15368 1.13
15368 0
15368 3.38
15368 2.14
15368 2
15368 2.75
15368 0
15368 0.05
15368 0.05
15369 1.13
15369 0
15369 3.38
15369 2.14
15369 2
15369 2.75
15369 0
15369 0.05
15369 0.05
15370 1.13
15370 0
15370 3.38
15370 2.14
15370 2
15370 2.75
15370 0
15370 0.05
15370 0.05
15371 1.13
15371 0
15371 3.38
15371 2.14
15371 2
15371 2.75
15371 0
15371 0.05
15371 0.05
15372 1.13
15372 0
15372 3.38
15372 2.14
15372 2
15372 2.75
15372 0
15372 0.05
15372 0.05
15426 1.13
15426 0
15426 3.38
15426 2.14
15426 2
15426 2.75
15426 0
15426 0.05
15426 0.05
15428 1.13
15428 0
15428 3.38
15428 2.14
15428 2
15428 2.75
15428 0
15428 0.05
15428 0.05
15429 1.13
15429 0
15429 3.38
15429 2.14
15429 2
15429 2.75
15429 0
15429 0.05
15429 0.05
15430 1.13
15430 0
15430 3.38
15430 2.14
15430 2
15430 2.75
15430 0
15430 0.05
15430 0.05
15431 1.13
15431 0
15431 3.38
15431 2.14
15431 2
15431 2.75
15431 0
15431 0.05
15431 0.05
