pt_graph cpue_kghour
2287 1.09
2287 3.9
2287 5.65
2287 2.56
2287 2.62
2287 2.8
2287 0
2287 0
2287 0
2451 1.09
2451 3.9
2451 5.65
2451 2.56
2451 2.62
2451 2.8
2451 0
2451 0
2451 0
2450 1.09
2450 3.9
2450 5.65
2450 2.56
2450 2.62
2450 2.8
2450 0
2450 0
2450 0
2537 1.09
2537 3.9
2537 5.65
2537 2.56
2537 2.62
2537 2.8
2537 0
2537 0
2537 0
2536 1.09
2536 3.9
2536 5.65
2536 2.56
2536 2.62
2536 2.8
2536 0
2536 0
2536 0
2624 1.09
2624 3.9
2624 5.65
2624 2.56
2624 2.62
2624 2.8
2624 0
2624 0
2624 0
2663 1.09
2663 3.9
2663 5.65
2663 2.56
2663 2.62
2663 2.8
2663 0
2663 0
2663 0
2794 1.09
2794 3.9
2794 5.65
2794 2.56
2794 2.62
2794 2.8
2794 0
2794 0
2794 0
2793 1.09
2793 3.9
2793 5.65
2793 2.56
2793 2.62
2793 2.8
2793 0
2793 0
2793 0
3036 1.09
3036 3.9
3036 5.65
3036 2.56
3036 2.62
3036 2.8
3036 0
3036 0
3036 0
3035 1.09
3035 3.9
3035 5.65
3035 2.56
3035 2.62
3035 2.8
3035 0
3035 0
3035 0
3119 1.09
3119 3.9
3119 5.65
3119 2.56
3119 2.62
3119 2.8
3119 0
3119 0
3119 0
3087 1.09
3087 3.9
3087 5.65
3087 2.56
3087 2.62
3087 2.8
3087 0
3087 0
3087 0
3201 1.09
3201 3.9
3201 5.65
3201 2.56
3201 2.62
3201 2.8
3201 0
3201 0
3201 0
3282 1.09
3282 3.9
3282 5.65
3282 2.56
3282 2.62
3282 2.8
3282 0
3282 0
3282 0
3281 1.09
3281 3.9
3281 5.65
3281 2.56
3281 2.62
3281 2.8
3281 0
3281 0
3281 0
3363 1.09
3363 3.9
3363 5.65
3363 2.56
3363 2.62
3363 2.8
3363 0
3363 0
3363 0
3446 1.09
3446 3.9
3446 5.65
3446 2.56
3446 2.62
3446 2.8
3446 0
3446 0
3446 0
3445 1.09
3445 3.9
3445 5.65
3445 2.56
3445 2.62
3445 2.8
3445 0
3445 0
3445 0
3526 1.09
3526 3.9
3526 5.65
3526 2.56
3526 2.62
3526 2.8
3526 0
3526 0
3526 0
3490 1.09
3490 3.9
3490 5.65
3490 2.56
3490 2.62
3490 2.8
3490 0
3490 0
3490 0
3607 1.09
3607 3.9
3607 5.65
3607 2.56
3607 2.62
3607 2.8
3607 0
3607 0
3607 0
3606 1.09
3606 3.9
3606 5.65
3606 2.56
3606 2.62
3606 2.8
3606 0
3606 0
3606 0
3569 1.09
3569 3.9
3569 5.65
3569 2.56
3569 2.62
3569 2.8
3569 0
3569 0
3569 0
3570 1.09
3570 3.9
3570 5.65
3570 2.56
3570 2.62
3570 2.8
3570 0
3570 0
3570 0
3685 1.09
3685 3.9
3685 5.65
3685 2.56
3685 2.62
3685 2.8
3685 0
3685 0
3685 0
3684 1.09
3684 3.9
3684 5.65
3684 2.56
3684 2.62
3684 2.8
3684 0
3684 0
3684 0
3648 1.09
3648 3.9
3648 5.65
3648 2.56
3648 2.62
3648 2.8
3648 0
3648 0
3648 0
3762 1.09
3762 3.9
3762 5.65
3762 2.56
3762 2.62
3762 2.8
3762 0
3762 0
3762 0
3761 1.09
3761 3.9
3761 5.65
3761 2.56
3761 2.62
3761 2.8
3761 0
3761 0
3761 0
3760 1.09
3760 3.9
3760 5.65
3760 2.56
3760 2.62
3760 2.8
3760 0
3760 0
3760 0
3839 1.09
3839 3.9
3839 5.65
3839 2.56
3839 2.62
3839 2.8
3839 0
3839 0
3839 0
3838 1.09
3838 3.9
3838 5.65
3838 2.56
3838 2.62
3838 2.8
3838 0
3838 0
3838 0
3837 1.09
3837 3.9
3837 5.65
3837 2.56
3837 2.62
3837 2.8
3837 0
3837 0
3837 0
3809 1.09
3809 3.9
3809 5.65
3809 2.56
3809 2.62
3809 2.8
3809 0
3809 0
3809 0
3800 1.09
3800 3.9
3800 5.65
3800 2.56
3800 2.62
3800 2.8
3800 0
3800 0
3800 0
3910 1.09
3910 3.9
3910 5.65
3910 2.56
3910 2.62
3910 2.8
3910 0
3910 0
3910 0
3874 1.09
3874 3.9
3874 5.65
3874 2.56
3874 2.62
3874 2.8
3874 0
3874 0
3874 0
3979 1.09
3979 3.9
3979 5.65
3979 2.56
3979 2.62
3979 2.8
3979 0
3979 0
3979 0
3954 1.09
3954 3.9
3954 5.65
3954 2.56
3954 2.62
3954 2.8
3954 0
3954 0
3954 0
3945 1.09
3945 3.9
3945 5.65
3945 2.56
3945 2.62
3945 2.8
3945 0
3945 0
3945 0
4043 1.09
4043 3.9
4043 5.65
4043 2.56
4043 2.62
4043 2.8
4043 0
4043 0
4043 0
4021 1.09
4021 3.9
4021 5.65
4021 2.56
4021 2.62
4021 2.8
4021 0
4021 0
4021 0
4110 1.09
4110 3.9
4110 5.65
4110 2.56
4110 2.62
4110 2.8
4110 0
4110 0
4110 0
4109 1.09
4109 3.9
4109 5.65
4109 2.56
4109 2.62
4109 2.8
4109 0
4109 0
4109 0
4089 1.09
4089 3.9
4089 5.65
4089 2.56
4089 2.62
4089 2.8
4089 0
4089 0
4089 0
4088 1.09
4088 3.9
4088 5.65
4088 2.56
4088 2.62
4088 2.8
4088 0
4088 0
4088 0
4174 1.09
4174 3.9
4174 5.65
4174 2.56
4174 2.62
4174 2.8
4174 0
4174 0
4174 0
4153 1.09
4153 3.9
4153 5.65
4153 2.56
4153 2.62
4153 2.8
4153 0
4153 0
4153 0
4152 1.09
4152 3.9
4152 5.65
4152 2.56
4152 2.62
4152 2.8
4152 0
4152 0
4152 0
4234 1.09
4234 3.9
4234 5.65
4234 2.56
4234 2.62
4234 2.8
4234 0
4234 0
4234 0
4276 1.09
4276 3.9
4276 5.65
4276 2.56
4276 2.62
4276 2.8
4276 0
4276 0
4276 0
4275 1.09
4275 3.9
4275 5.65
4275 2.56
4275 2.62
4275 2.8
4275 0
4275 0
4275 0
4274 1.09
4274 3.9
4274 5.65
4274 2.56
4274 2.62
4274 2.8
4274 0
4274 0
4274 0
4273 1.09
4273 3.9
4273 5.65
4273 2.56
4273 2.62
4273 2.8
4273 0
4273 0
4273 0
4332 1.09
4332 3.9
4332 5.65
4332 2.56
4332 2.62
4332 2.8
4332 0
4332 0
4332 0
4331 1.09
4331 3.9
4331 5.65
4331 2.56
4331 2.62
4331 2.8
4331 0
4331 0
4331 0
4330 1.09
4330 3.9
4330 5.65
4330 2.56
4330 2.62
4330 2.8
4330 0
4330 0
4330 0
4384 1.09
4384 3.9
4384 5.65
4384 2.56
4384 2.62
4384 2.8
4384 0
4384 0
4384 0
4383 1.09
4383 3.9
4383 5.65
4383 2.56
4383 2.62
4383 2.8
4383 0
4383 0
4383 0
4427 1.09
4427 3.9
4427 5.65
4427 2.56
4427 2.62
4427 2.8
4427 0
4427 0
4427 0
4426 1.09
4426 3.9
4426 5.65
4426 2.56
4426 2.62
4426 2.8
4426 0
4426 0
4426 0
4469 1.09
4469 3.9
4469 5.65
4469 2.56
4469 2.62
4469 2.8
4469 0
4469 0
4469 0
4468 1.09
4468 3.9
4468 5.65
4468 2.56
4468 2.62
4468 2.8
4468 0
4468 0
4468 0
4513 1.09
4513 3.9
4513 5.65
4513 2.56
4513 2.62
4513 2.8
4513 0
4513 0
4513 0
4512 1.09
4512 3.9
4512 5.65
4512 2.56
4512 2.62
4512 2.8
4512 0
4512 0
4512 0
4511 1.09
4511 3.9
4511 5.65
4511 2.56
4511 2.62
4511 2.8
4511 0
4511 0
4511 0
4556 1.09
4556 3.9
4556 5.65
4556 2.56
4556 2.62
4556 2.8
4556 0
4556 0
4556 0
4555 1.09
4555 3.9
4555 5.65
4555 2.56
4555 2.62
4555 2.8
4555 0
4555 0
4555 0
4599 1.09
4599 3.9
4599 5.65
4599 2.56
4599 2.62
4599 2.8
4599 0
4599 0
4599 0
4598 1.09
4598 3.9
4598 5.65
4598 2.56
4598 2.62
4598 2.8
4598 0
4598 0
4598 0
4641 1.09
4641 3.9
4641 5.65
4641 2.56
4641 2.62
4641 2.8
4641 0
4641 0
4641 0
4640 1.09
4640 3.9
4640 5.65
4640 2.56
4640 2.62
4640 2.8
4640 0
4640 0
4640 0
4685 1.09
4685 3.9
4685 5.65
4685 2.56
4685 2.62
4685 2.8
4685 0
4685 0
4685 0
4684 1.09
4684 3.9
4684 5.65
4684 2.56
4684 2.62
4684 2.8
4684 0
4684 0
4684 0
4683 1.09
4683 3.9
4683 5.65
4683 2.56
4683 2.62
4683 2.8
4683 0
4683 0
4683 0
4724 1.09
4724 3.9
4724 5.65
4724 2.56
4724 2.62
4724 2.8
4724 0
4724 0
4724 0
4723 1.09
4723 3.9
4723 5.65
4723 2.56
4723 2.62
4723 2.8
4723 0
4723 0
4723 0
4722 1.09
4722 3.9
4722 5.65
4722 2.56
4722 2.62
4722 2.8
4722 0
4722 0
4722 0
4763 1.09
4763 3.9
4763 5.65
4763 2.56
4763 2.62
4763 2.8
4763 0
4763 0
4763 0
4762 1.09
4762 3.9
4762 5.65
4762 2.56
4762 2.62
4762 2.8
4762 0
4762 0
4762 0
4761 1.09
4761 3.9
4761 5.65
4761 2.56
4761 2.62
4761 2.8
4761 0
4761 0
4761 0
4977 1.09
4977 3.9
4977 5.65
4977 2.56
4977 2.62
4977 2.8
4977 0
4977 0
4977 0
4976 1.09
4976 3.9
4976 5.65
4976 2.56
4976 2.62
4976 2.8
4976 0
4976 0
4976 0
5035 1.09
5035 3.9
5035 5.65
5035 2.56
5035 2.62
5035 2.8
5035 0
5035 0
5035 0
6264 1.09
6264 3.9
6264 5.65
6264 2.56
6264 2.62
6264 2.8
6264 0
6264 0
6264 0
