pt_graph scale
9617 1.1152380952381
9617 0
9617 3.2597619047619
9617 2.12547619047619
9617 2
9617 2.68047619047619
9617 0.0019047619047619
9617 0.0169047619047619
9617 0.0133333333333333
9616 1.1152380952381
9616 0
9616 3.2597619047619
9616 2.12547619047619
9616 2
9616 2.68047619047619
9616 0.0019047619047619
9616 0.0169047619047619
9616 0.0133333333333333
9695 1.1152380952381
9695 0
9695 3.2597619047619
9695 2.12547619047619
9695 2
9695 2.68047619047619
9695 0.0019047619047619
9695 0.0169047619047619
9695 0.0133333333333333
9693 1.1152380952381
9693 0
9693 3.2597619047619
9693 2.12547619047619
9693 2
9693 2.68047619047619
9693 0.0019047619047619
9693 0.0169047619047619
9693 0.0133333333333333
9692 1.1152380952381
9692 0
9692 3.2597619047619
9692 2.12547619047619
9692 2
9692 2.68047619047619
9692 0.0019047619047619
9692 0.0169047619047619
9692 0.0133333333333333
9774 1.1152380952381
9774 0
9774 3.2597619047619
9774 2.12547619047619
9774 2
9774 2.68047619047619
9774 0.0019047619047619
9774 0.0169047619047619
9774 0.0133333333333333
9773 1.1152380952381
9773 0
9773 3.2597619047619
9773 2.12547619047619
9773 2
9773 2.68047619047619
9773 0.0019047619047619
9773 0.0169047619047619
9773 0.0133333333333333
9769 1.1152380952381
9769 0
9769 3.2597619047619
9769 2.12547619047619
9769 2
9769 2.68047619047619
9769 0.0019047619047619
9769 0.0169047619047619
9769 0.0133333333333333
9855 1.1152380952381
9855 0
9855 3.2597619047619
9855 2.12547619047619
9855 2
9855 2.68047619047619
9855 0.0019047619047619
9855 0.0169047619047619
9855 0.0133333333333333
9854 1.1152380952381
9854 0
9854 3.2597619047619
9854 2.12547619047619
9854 2
9854 2.68047619047619
9854 0.0019047619047619
9854 0.0169047619047619
9854 0.0133333333333333
9852 1.1152380952381
9852 0
9852 3.2597619047619
9852 2.12547619047619
9852 2
9852 2.68047619047619
9852 0.0019047619047619
9852 0.0169047619047619
9852 0.0133333333333333
9851 1.1152380952381
9851 0
9851 3.2597619047619
9851 2.12547619047619
9851 2
9851 2.68047619047619
9851 0.0019047619047619
9851 0.0169047619047619
9851 0.0133333333333333
9941 1.1152380952381
9941 0
9941 3.2597619047619
9941 2.12547619047619
9941 2
9941 2.68047619047619
9941 0.0019047619047619
9941 0.0169047619047619
9941 0.0133333333333333
9940 1.1152380952381
9940 0
9940 3.2597619047619
9940 2.12547619047619
9940 2
9940 2.68047619047619
9940 0.0019047619047619
9940 0.0169047619047619
9940 0.0133333333333333
9939 1.1152380952381
9939 0
9939 3.2597619047619
9939 2.12547619047619
9939 2
9939 2.68047619047619
9939 0.0019047619047619
9939 0.0169047619047619
9939 0.0133333333333333
9937 1.1152380952381
9937 0
9937 3.2597619047619
9937 2.12547619047619
9937 2
9937 2.68047619047619
9937 0.0019047619047619
9937 0.0169047619047619
9937 0.0133333333333333
9936 1.1152380952381
9936 0
9936 3.2597619047619
9936 2.12547619047619
9936 2
9936 2.68047619047619
9936 0.0019047619047619
9936 0.0169047619047619
9936 0.0133333333333333
9934 1.1152380952381
9934 0
9934 3.2597619047619
9934 2.12547619047619
9934 2
9934 2.68047619047619
9934 0.0019047619047619
9934 0.0169047619047619
9934 0.0133333333333333
10022 1.1152380952381
10022 0
10022 3.2597619047619
10022 2.12547619047619
10022 2
10022 2.68047619047619
10022 0.0019047619047619
10022 0.0169047619047619
10022 0.0133333333333333
10021 1.1152380952381
10021 0
10021 3.2597619047619
10021 2.12547619047619
10021 2
10021 2.68047619047619
10021 0.0019047619047619
10021 0.0169047619047619
10021 0.0133333333333333
10019 1.1152380952381
10019 0
10019 3.2597619047619
10019 2.12547619047619
10019 2
10019 2.68047619047619
10019 0.0019047619047619
10019 0.0169047619047619
10019 0.0133333333333333
10098 1.1152380952381
10098 0
10098 3.2597619047619
10098 2.12547619047619
10098 2
10098 2.68047619047619
10098 0.0019047619047619
10098 0.0169047619047619
10098 0.0133333333333333
10097 1.1152380952381
10097 0
10097 3.2597619047619
10097 2.12547619047619
10097 2
10097 2.68047619047619
10097 0.0019047619047619
10097 0.0169047619047619
10097 0.0133333333333333
10262 1.1152380952381
10262 0
10262 3.2597619047619
10262 2.12547619047619
10262 2
10262 2.68047619047619
10262 0.0019047619047619
10262 0.0169047619047619
10262 0.0133333333333333
10550 1.1152380952381
10550 0
10550 3.2597619047619
10550 2.12547619047619
10550 2
10550 2.68047619047619
10550 0.0019047619047619
10550 0.0169047619047619
10550 0.0133333333333333
10548 1.1152380952381
10548 0
10548 3.2597619047619
10548 2.12547619047619
10548 2
10548 2.68047619047619
10548 0.0019047619047619
10548 0.0169047619047619
10548 0.0133333333333333
10547 1.1152380952381
10547 0
10547 3.2597619047619
10547 2.12547619047619
10547 2
10547 2.68047619047619
10547 0.0019047619047619
10547 0.0169047619047619
10547 0.0133333333333333
10753 1.1152380952381
10753 0
10753 3.2597619047619
10753 2.12547619047619
10753 2
10753 2.68047619047619
10753 0.0019047619047619
10753 0.0169047619047619
10753 0.0133333333333333
10855 1.1152380952381
10855 0
10855 3.2597619047619
10855 2.12547619047619
10855 2
10855 2.68047619047619
10855 0.0019047619047619
10855 0.0169047619047619
10855 0.0133333333333333
10853 1.1152380952381
10853 0
10853 3.2597619047619
10853 2.12547619047619
10853 2
10853 2.68047619047619
10853 0.0019047619047619
10853 0.0169047619047619
10853 0.0133333333333333
11280 1.1152380952381
11280 0
11280 3.2597619047619
11280 2.12547619047619
11280 2
11280 2.68047619047619
11280 0.0019047619047619
11280 0.0169047619047619
11280 0.0133333333333333
11452 1.1152380952381
11452 0
11452 3.2597619047619
11452 2.12547619047619
11452 2
11452 2.68047619047619
11452 0.0019047619047619
11452 0.0169047619047619
11452 0.0133333333333333
11450 1.1152380952381
11450 0
11450 3.2597619047619
11450 2.12547619047619
11450 2
11450 2.68047619047619
11450 0.0019047619047619
11450 0.0169047619047619
11450 0.0133333333333333
11449 1.1152380952381
11449 0
11449 3.2597619047619
11449 2.12547619047619
11449 2
11449 2.68047619047619
11449 0.0019047619047619
11449 0.0169047619047619
11449 0.0133333333333333
11448 1.1152380952381
11448 0
11448 3.2597619047619
11448 2.12547619047619
11448 2
11448 2.68047619047619
11448 0.0019047619047619
11448 0.0169047619047619
11448 0.0133333333333333
11441 1.1152380952381
11441 0
11441 3.2597619047619
11441 2.12547619047619
11441 2
11441 2.68047619047619
11441 0.0019047619047619
11441 0.0169047619047619
11441 0.0133333333333333
11409 1.1152380952381
11409 0
11409 3.2597619047619
11409 2.12547619047619
11409 2
11409 2.68047619047619
11409 0.0019047619047619
11409 0.0169047619047619
11409 0.0133333333333333
11405 1.1152380952381
11405 0
11405 3.2597619047619
11405 2.12547619047619
11405 2
11405 2.68047619047619
11405 0.0019047619047619
11405 0.0169047619047619
11405 0.0133333333333333
11404 1.1152380952381
11404 0
11404 3.2597619047619
11404 2.12547619047619
11404 2
11404 2.68047619047619
11404 0.0019047619047619
11404 0.0169047619047619
11404 0.0133333333333333
11581 1.1152380952381
11581 0
11581 3.2597619047619
11581 2.12547619047619
11581 2
11581 2.68047619047619
11581 0.0019047619047619
11581 0.0169047619047619
11581 0.0133333333333333
11580 1.1152380952381
11580 0
11580 3.2597619047619
11580 2.12547619047619
11580 2
11580 2.68047619047619
11580 0.0019047619047619
11580 0.0169047619047619
11580 0.0133333333333333
11578 1.1152380952381
11578 0
11578 3.2597619047619
11578 2.12547619047619
11578 2
11578 2.68047619047619
11578 0.0019047619047619
11578 0.0169047619047619
11578 0.0133333333333333
11574 1.1152380952381
11574 0
11574 3.2597619047619
11574 2.12547619047619
11574 2
11574 2.68047619047619
11574 0.0019047619047619
11574 0.0169047619047619
11574 0.0133333333333333
11534 1.1152380952381
11534 0
11534 3.2597619047619
11534 2.12547619047619
11534 2
11534 2.68047619047619
11534 0.0019047619047619
11534 0.0169047619047619
11534 0.0133333333333333
11708 1.1152380952381
11708 0
11708 3.2597619047619
11708 2.12547619047619
11708 2
11708 2.68047619047619
11708 0.0019047619047619
11708 0.0169047619047619
11708 0.0133333333333333
11664 1.1152380952381
11664 0
11664 3.2597619047619
11664 2.12547619047619
11664 2
11664 2.68047619047619
11664 0.0019047619047619
11664 0.0169047619047619
11664 0.0133333333333333
11661 1.1152380952381
11661 0
11661 3.2597619047619
11661 2.12547619047619
11661 2
11661 2.68047619047619
11661 0.0019047619047619
11661 0.0169047619047619
11661 0.0133333333333333
11841 1.1152380952381
11841 0
11841 3.2597619047619
11841 2.12547619047619
11841 2
11841 2.68047619047619
11841 0.0019047619047619
11841 0.0169047619047619
11841 0.0133333333333333
11798 1.1152380952381
11798 0
11798 3.2597619047619
11798 2.12547619047619
11798 2
11798 2.68047619047619
11798 0.0019047619047619
11798 0.0169047619047619
11798 0.0133333333333333
11796 1.1152380952381
11796 0
11796 3.2597619047619
11796 2.12547619047619
11796 2
11796 2.68047619047619
11796 0.0019047619047619
11796 0.0169047619047619
11796 0.0133333333333333
11794 1.1152380952381
11794 0
11794 3.2597619047619
11794 2.12547619047619
11794 2
11794 2.68047619047619
11794 0.0019047619047619
11794 0.0169047619047619
11794 0.0133333333333333
11793 1.1152380952381
11793 0
11793 3.2597619047619
11793 2.12547619047619
11793 2
11793 2.68047619047619
11793 0.0019047619047619
11793 0.0169047619047619
11793 0.0133333333333333
11792 1.1152380952381
11792 0
11792 3.2597619047619
11792 2.12547619047619
11792 2
11792 2.68047619047619
11792 0.0019047619047619
11792 0.0169047619047619
11792 0.0133333333333333
11964 1.1152380952381
11964 0
11964 3.2597619047619
11964 2.12547619047619
11964 2
11964 2.68047619047619
11964 0.0019047619047619
11964 0.0169047619047619
11964 0.0133333333333333
11963 1.1152380952381
11963 0
11963 3.2597619047619
11963 2.12547619047619
11963 2
11963 2.68047619047619
11963 0.0019047619047619
11963 0.0169047619047619
11963 0.0133333333333333
11925 1.1152380952381
11925 0
11925 3.2597619047619
11925 2.12547619047619
11925 2
11925 2.68047619047619
11925 0.0019047619047619
11925 0.0169047619047619
11925 0.0133333333333333
11923 1.1152380952381
11923 0
11923 3.2597619047619
11923 2.12547619047619
11923 2
11923 2.68047619047619
11923 0.0019047619047619
11923 0.0169047619047619
11923 0.0133333333333333
11924 1.1152380952381
11924 0
11924 3.2597619047619
11924 2.12547619047619
11924 2
11924 2.68047619047619
11924 0.0019047619047619
11924 0.0169047619047619
11924 0.0133333333333333
11922 1.1152380952381
11922 0
11922 3.2597619047619
11922 2.12547619047619
11922 2
11922 2.68047619047619
11922 0.0019047619047619
11922 0.0169047619047619
11922 0.0133333333333333
12050 1.1152380952381
12050 0
12050 3.2597619047619
12050 2.12547619047619
12050 2
12050 2.68047619047619
12050 0.0019047619047619
12050 0.0169047619047619
12050 0.0133333333333333
12049 1.1152380952381
12049 0
12049 3.2597619047619
12049 2.12547619047619
12049 2
12049 2.68047619047619
12049 0.0019047619047619
12049 0.0169047619047619
12049 0.0133333333333333
12047 1.1152380952381
12047 0
12047 3.2597619047619
12047 2.12547619047619
12047 2
12047 2.68047619047619
12047 0.0019047619047619
12047 0.0169047619047619
12047 0.0133333333333333
12048 1.1152380952381
12048 0
12048 3.2597619047619
12048 2.12547619047619
12048 2
12048 2.68047619047619
12048 0.0019047619047619
12048 0.0169047619047619
12048 0.0133333333333333
12046 1.1152380952381
12046 0
12046 3.2597619047619
12046 2.12547619047619
12046 2
12046 2.68047619047619
12046 0.0019047619047619
12046 0.0169047619047619
12046 0.0133333333333333
12201 1.1152380952381
12201 0
12201 3.2597619047619
12201 2.12547619047619
12201 2
12201 2.68047619047619
12201 0.0019047619047619
12201 0.0169047619047619
12201 0.0133333333333333
12177 1.1152380952381
12177 0
12177 3.2597619047619
12177 2.12547619047619
12177 2
12177 2.68047619047619
12177 0.0019047619047619
12177 0.0169047619047619
12177 0.0133333333333333
12174 1.1152380952381
12174 0
12174 3.2597619047619
12174 2.12547619047619
12174 2
12174 2.68047619047619
12174 0.0019047619047619
12174 0.0169047619047619
12174 0.0133333333333333
12171 1.1152380952381
12171 0
12171 3.2597619047619
12171 2.12547619047619
12171 2
12171 2.68047619047619
12171 0.0019047619047619
12171 0.0169047619047619
12171 0.0133333333333333
12169 1.1152380952381
12169 0
12169 3.2597619047619
12169 2.12547619047619
12169 2
12169 2.68047619047619
12169 0.0019047619047619
12169 0.0169047619047619
12169 0.0133333333333333
12170 1.1152380952381
12170 0
12170 3.2597619047619
12170 2.12547619047619
12170 2
12170 2.68047619047619
12170 0.0019047619047619
12170 0.0169047619047619
12170 0.0133333333333333
12168 1.1152380952381
12168 0
12168 3.2597619047619
12168 2.12547619047619
12168 2
12168 2.68047619047619
12168 0.0019047619047619
12168 0.0169047619047619
12168 0.0133333333333333
12327 1.1152380952381
12327 0
12327 3.2597619047619
12327 2.12547619047619
12327 2
12327 2.68047619047619
12327 0.0019047619047619
12327 0.0169047619047619
12327 0.0133333333333333
12301 1.1152380952381
12301 0
12301 3.2597619047619
12301 2.12547619047619
12301 2
12301 2.68047619047619
12301 0.0019047619047619
12301 0.0169047619047619
12301 0.0133333333333333
12296 1.1152380952381
12296 0
12296 3.2597619047619
12296 2.12547619047619
12296 2
12296 2.68047619047619
12296 0.0019047619047619
12296 0.0169047619047619
12296 0.0133333333333333
12295 1.1152380952381
12295 0
12295 3.2597619047619
12295 2.12547619047619
12295 2
12295 2.68047619047619
12295 0.0019047619047619
12295 0.0169047619047619
12295 0.0133333333333333
12293 1.1152380952381
12293 0
12293 3.2597619047619
12293 2.12547619047619
12293 2
12293 2.68047619047619
12293 0.0019047619047619
12293 0.0169047619047619
12293 0.0133333333333333
12294 1.1152380952381
12294 0
12294 3.2597619047619
12294 2.12547619047619
12294 2
12294 2.68047619047619
12294 0.0019047619047619
12294 0.0169047619047619
12294 0.0133333333333333
12460 1.1152380952381
12460 0
12460 3.2597619047619
12460 2.12547619047619
12460 2
12460 2.68047619047619
12460 0.0019047619047619
12460 0.0169047619047619
12460 0.0133333333333333
12432 1.1152380952381
12432 0
12432 3.2597619047619
12432 2.12547619047619
12432 2
12432 2.68047619047619
12432 0.0019047619047619
12432 0.0169047619047619
12432 0.0133333333333333
12429 1.1152380952381
12429 0
12429 3.2597619047619
12429 2.12547619047619
12429 2
12429 2.68047619047619
12429 0.0019047619047619
12429 0.0169047619047619
12429 0.0133333333333333
12427 1.1152380952381
12427 0
12427 3.2597619047619
12427 2.12547619047619
12427 2
12427 2.68047619047619
12427 0.0019047619047619
12427 0.0169047619047619
12427 0.0133333333333333
12425 1.1152380952381
12425 0
12425 3.2597619047619
12425 2.12547619047619
12425 2
12425 2.68047619047619
12425 0.0019047619047619
12425 0.0169047619047619
12425 0.0133333333333333
12426 1.1152380952381
12426 0
12426 3.2597619047619
12426 2.12547619047619
12426 2
12426 2.68047619047619
12426 0.0019047619047619
12426 0.0169047619047619
12426 0.0133333333333333
12423 1.1152380952381
12423 0
12423 3.2597619047619
12423 2.12547619047619
12423 2
12423 2.68047619047619
12423 0.0019047619047619
12423 0.0169047619047619
12423 0.0133333333333333
12424 1.1152380952381
12424 0
12424 3.2597619047619
12424 2.12547619047619
12424 2
12424 2.68047619047619
12424 0.0019047619047619
12424 0.0169047619047619
12424 0.0133333333333333
12598 1.1152380952381
12598 0
12598 3.2597619047619
12598 2.12547619047619
12598 2
12598 2.68047619047619
12598 0.0019047619047619
12598 0.0169047619047619
12598 0.0133333333333333
12597 1.1152380952381
12597 0
12597 3.2597619047619
12597 2.12547619047619
12597 2
12597 2.68047619047619
12597 0.0019047619047619
12597 0.0169047619047619
12597 0.0133333333333333
12584 1.1152380952381
12584 0
12584 3.2597619047619
12584 2.12547619047619
12584 2
12584 2.68047619047619
12584 0.0019047619047619
12584 0.0169047619047619
12584 0.0133333333333333
12574 1.1152380952381
12574 0
12574 3.2597619047619
12574 2.12547619047619
12574 2
12574 2.68047619047619
12574 0.0019047619047619
12574 0.0169047619047619
12574 0.0133333333333333
12560 1.1152380952381
12560 0
12560 3.2597619047619
12560 2.12547619047619
12560 2
12560 2.68047619047619
12560 0.0019047619047619
12560 0.0169047619047619
12560 0.0133333333333333
12559 1.1152380952381
12559 0
12559 3.2597619047619
12559 2.12547619047619
12559 2
12559 2.68047619047619
12559 0.0019047619047619
12559 0.0169047619047619
12559 0.0133333333333333
12558 1.1152380952381
12558 0
12558 3.2597619047619
12558 2.12547619047619
12558 2
12558 2.68047619047619
12558 0.0019047619047619
12558 0.0169047619047619
12558 0.0133333333333333
12556 1.1152380952381
12556 0
12556 3.2597619047619
12556 2.12547619047619
12556 2
12556 2.68047619047619
12556 0.0019047619047619
12556 0.0169047619047619
12556 0.0133333333333333
12557 1.1152380952381
12557 0
12557 3.2597619047619
12557 2.12547619047619
12557 2
12557 2.68047619047619
12557 0.0019047619047619
12557 0.0169047619047619
12557 0.0133333333333333
12554 1.1152380952381
12554 0
12554 3.2597619047619
12554 2.12547619047619
12554 2
12554 2.68047619047619
12554 0.0019047619047619
12554 0.0169047619047619
12554 0.0133333333333333
12555 1.1152380952381
12555 0
12555 3.2597619047619
12555 2.12547619047619
12555 2
12555 2.68047619047619
12555 0.0019047619047619
12555 0.0169047619047619
12555 0.0133333333333333
12720 1.1152380952381
12720 0
12720 3.2597619047619
12720 2.12547619047619
12720 2
12720 2.68047619047619
12720 0.0019047619047619
12720 0.0169047619047619
12720 0.0133333333333333
12719 1.1152380952381
12719 0
12719 3.2597619047619
12719 2.12547619047619
12719 2
12719 2.68047619047619
12719 0.0019047619047619
12719 0.0169047619047619
12719 0.0133333333333333
12716 1.1152380952381
12716 0
12716 3.2597619047619
12716 2.12547619047619
12716 2
12716 2.68047619047619
12716 0.0019047619047619
12716 0.0169047619047619
12716 0.0133333333333333
12715 1.1152380952381
12715 0
12715 3.2597619047619
12715 2.12547619047619
12715 2
12715 2.68047619047619
12715 0.0019047619047619
12715 0.0169047619047619
12715 0.0133333333333333
12711 1.1152380952381
12711 0
12711 3.2597619047619
12711 2.12547619047619
12711 2
12711 2.68047619047619
12711 0.0019047619047619
12711 0.0169047619047619
12711 0.0133333333333333
12697 1.1152380952381
12697 0
12697 3.2597619047619
12697 2.12547619047619
12697 2
12697 2.68047619047619
12697 0.0019047619047619
12697 0.0169047619047619
12697 0.0133333333333333
12696 1.1152380952381
12696 0
12696 3.2597619047619
12696 2.12547619047619
12696 2
12696 2.68047619047619
12696 0.0019047619047619
12696 0.0169047619047619
12696 0.0133333333333333
12683 1.1152380952381
12683 0
12683 3.2597619047619
12683 2.12547619047619
12683 2
12683 2.68047619047619
12683 0.0019047619047619
12683 0.0169047619047619
12683 0.0133333333333333
12681 1.1152380952381
12681 0
12681 3.2597619047619
12681 2.12547619047619
12681 2
12681 2.68047619047619
12681 0.0019047619047619
12681 0.0169047619047619
12681 0.0133333333333333
12682 1.1152380952381
12682 0
12682 3.2597619047619
12682 2.12547619047619
12682 2
12682 2.68047619047619
12682 0.0019047619047619
12682 0.0169047619047619
12682 0.0133333333333333
12680 1.1152380952381
12680 0
12680 3.2597619047619
12680 2.12547619047619
12680 2
12680 2.68047619047619
12680 0.0019047619047619
12680 0.0169047619047619
12680 0.0133333333333333
12678 1.1152380952381
12678 0
12678 3.2597619047619
12678 2.12547619047619
12678 2
12678 2.68047619047619
12678 0.0019047619047619
12678 0.0169047619047619
12678 0.0133333333333333
12679 1.1152380952381
12679 0
12679 3.2597619047619
12679 2.12547619047619
12679 2
12679 2.68047619047619
12679 0.0019047619047619
12679 0.0169047619047619
12679 0.0133333333333333
12676 1.1152380952381
12676 0
12676 3.2597619047619
12676 2.12547619047619
12676 2
12676 2.68047619047619
12676 0.0019047619047619
12676 0.0169047619047619
12676 0.0133333333333333
12677 1.1152380952381
12677 0
12677 3.2597619047619
12677 2.12547619047619
12677 2
12677 2.68047619047619
12677 0.0019047619047619
12677 0.0169047619047619
12677 0.0133333333333333
12838 1.1152380952381
12838 0
12838 3.2597619047619
12838 2.12547619047619
12838 2
12838 2.68047619047619
12838 0.0019047619047619
12838 0.0169047619047619
12838 0.0133333333333333
12835 1.1152380952381
12835 0
12835 3.2597619047619
12835 2.12547619047619
12835 2
12835 2.68047619047619
12835 0.0019047619047619
12835 0.0169047619047619
12835 0.0133333333333333
12834 1.1152380952381
12834 0
12834 3.2597619047619
12834 2.12547619047619
12834 2
12834 2.68047619047619
12834 0.0019047619047619
12834 0.0169047619047619
12834 0.0133333333333333
12833 1.1152380952381
12833 0
12833 3.2597619047619
12833 2.12547619047619
12833 2
12833 2.68047619047619
12833 0.0019047619047619
12833 0.0169047619047619
12833 0.0133333333333333
12828 1.1152380952381
12828 0
12828 3.2597619047619
12828 2.12547619047619
12828 2
12828 2.68047619047619
12828 0.0019047619047619
12828 0.0169047619047619
12828 0.0133333333333333
12810 1.1152380952381
12810 0
12810 3.2597619047619
12810 2.12547619047619
12810 2
12810 2.68047619047619
12810 0.0019047619047619
12810 0.0169047619047619
12810 0.0133333333333333
12804 1.1152380952381
12804 0
12804 3.2597619047619
12804 2.12547619047619
12804 2
12804 2.68047619047619
12804 0.0019047619047619
12804 0.0169047619047619
12804 0.0133333333333333
12799 1.1152380952381
12799 0
12799 3.2597619047619
12799 2.12547619047619
12799 2
12799 2.68047619047619
12799 0.0019047619047619
12799 0.0169047619047619
12799 0.0133333333333333
12798 1.1152380952381
12798 0
12798 3.2597619047619
12798 2.12547619047619
12798 2
12798 2.68047619047619
12798 0.0019047619047619
12798 0.0169047619047619
12798 0.0133333333333333
12796 1.1152380952381
12796 0
12796 3.2597619047619
12796 2.12547619047619
12796 2
12796 2.68047619047619
12796 0.0019047619047619
12796 0.0169047619047619
12796 0.0133333333333333
12797 1.1152380952381
12797 0
12797 3.2597619047619
12797 2.12547619047619
12797 2
12797 2.68047619047619
12797 0.0019047619047619
12797 0.0169047619047619
12797 0.0133333333333333
12794 1.1152380952381
12794 0
12794 3.2597619047619
12794 2.12547619047619
12794 2
12794 2.68047619047619
12794 0.0019047619047619
12794 0.0169047619047619
12794 0.0133333333333333
12795 1.1152380952381
12795 0
12795 3.2597619047619
12795 2.12547619047619
12795 2
12795 2.68047619047619
12795 0.0019047619047619
12795 0.0169047619047619
12795 0.0133333333333333
12793 1.1152380952381
12793 0
12793 3.2597619047619
12793 2.12547619047619
12793 2
12793 2.68047619047619
12793 0.0019047619047619
12793 0.0169047619047619
12793 0.0133333333333333
12957 1.1152380952381
12957 0
12957 3.2597619047619
12957 2.12547619047619
12957 2
12957 2.68047619047619
12957 0.0019047619047619
12957 0.0169047619047619
12957 0.0133333333333333
12956 1.1152380952381
12956 0
12956 3.2597619047619
12956 2.12547619047619
12956 2
12956 2.68047619047619
12956 0.0019047619047619
12956 0.0169047619047619
12956 0.0133333333333333
12952 1.1152380952381
12952 0
12952 3.2597619047619
12952 2.12547619047619
12952 2
12952 2.68047619047619
12952 0.0019047619047619
12952 0.0169047619047619
12952 0.0133333333333333
12948 1.1152380952381
12948 0
12948 3.2597619047619
12948 2.12547619047619
12948 2
12948 2.68047619047619
12948 0.0019047619047619
12948 0.0169047619047619
12948 0.0133333333333333
12938 1.1152380952381
12938 0
12938 3.2597619047619
12938 2.12547619047619
12938 2
12938 2.68047619047619
12938 0.0019047619047619
12938 0.0169047619047619
12938 0.0133333333333333
12934 1.1152380952381
12934 0
12934 3.2597619047619
12934 2.12547619047619
12934 2
12934 2.68047619047619
12934 0.0019047619047619
12934 0.0169047619047619
12934 0.0133333333333333
12928 1.1152380952381
12928 0
12928 3.2597619047619
12928 2.12547619047619
12928 2
12928 2.68047619047619
12928 0.0019047619047619
12928 0.0169047619047619
12928 0.0133333333333333
12918 1.1152380952381
12918 0
12918 3.2597619047619
12918 2.12547619047619
12918 2
12918 2.68047619047619
12918 0.0019047619047619
12918 0.0169047619047619
12918 0.0133333333333333
12917 1.1152380952381
12917 0
12917 3.2597619047619
12917 2.12547619047619
12917 2
12917 2.68047619047619
12917 0.0019047619047619
12917 0.0169047619047619
12917 0.0133333333333333
12916 1.1152380952381
12916 0
12916 3.2597619047619
12916 2.12547619047619
12916 2
12916 2.68047619047619
12916 0.0019047619047619
12916 0.0169047619047619
12916 0.0133333333333333
12914 1.1152380952381
12914 0
12914 3.2597619047619
12914 2.12547619047619
12914 2
12914 2.68047619047619
12914 0.0019047619047619
12914 0.0169047619047619
12914 0.0133333333333333
12912 1.1152380952381
12912 0
12912 3.2597619047619
12912 2.12547619047619
12912 2
12912 2.68047619047619
12912 0.0019047619047619
12912 0.0169047619047619
12912 0.0133333333333333
12913 1.1152380952381
12913 0
12913 3.2597619047619
12913 2.12547619047619
12913 2
12913 2.68047619047619
12913 0.0019047619047619
12913 0.0169047619047619
12913 0.0133333333333333
12910 1.1152380952381
12910 0
12910 3.2597619047619
12910 2.12547619047619
12910 2
12910 2.68047619047619
12910 0.0019047619047619
12910 0.0169047619047619
12910 0.0133333333333333
12911 1.1152380952381
12911 0
12911 3.2597619047619
12911 2.12547619047619
12911 2
12911 2.68047619047619
12911 0.0019047619047619
12911 0.0169047619047619
12911 0.0133333333333333
12909 1.1152380952381
12909 0
12909 3.2597619047619
12909 2.12547619047619
12909 2
12909 2.68047619047619
12909 0.0019047619047619
12909 0.0169047619047619
12909 0.0133333333333333
13068 1.1152380952381
13068 0
13068 3.2597619047619
13068 2.12547619047619
13068 2
13068 2.68047619047619
13068 0.0019047619047619
13068 0.0169047619047619
13068 0.0133333333333333
13067 1.1152380952381
13067 0
13067 3.2597619047619
13067 2.12547619047619
13067 2
13067 2.68047619047619
13067 0.0019047619047619
13067 0.0169047619047619
13067 0.0133333333333333
13063 1.1152380952381
13063 0
13063 3.2597619047619
13063 2.12547619047619
13063 2
13063 2.68047619047619
13063 0.0019047619047619
13063 0.0169047619047619
13063 0.0133333333333333
13061 1.1152380952381
13061 0
13061 3.2597619047619
13061 2.12547619047619
13061 2
13061 2.68047619047619
13061 0.0019047619047619
13061 0.0169047619047619
13061 0.0133333333333333
13058 1.1152380952381
13058 0
13058 3.2597619047619
13058 2.12547619047619
13058 2
13058 2.68047619047619
13058 0.0019047619047619
13058 0.0169047619047619
13058 0.0133333333333333
13049 1.1152380952381
13049 0
13049 3.2597619047619
13049 2.12547619047619
13049 2
13049 2.68047619047619
13049 0.0019047619047619
13049 0.0169047619047619
13049 0.0133333333333333
13045 1.1152380952381
13045 0
13045 3.2597619047619
13045 2.12547619047619
13045 2
13045 2.68047619047619
13045 0.0019047619047619
13045 0.0169047619047619
13045 0.0133333333333333
13040 1.1152380952381
13040 0
13040 3.2597619047619
13040 2.12547619047619
13040 2
13040 2.68047619047619
13040 0.0019047619047619
13040 0.0169047619047619
13040 0.0133333333333333
13037 1.1152380952381
13037 0
13037 3.2597619047619
13037 2.12547619047619
13037 2
13037 2.68047619047619
13037 0.0019047619047619
13037 0.0169047619047619
13037 0.0133333333333333
13036 1.1152380952381
13036 0
13036 3.2597619047619
13036 2.12547619047619
13036 2
13036 2.68047619047619
13036 0.0019047619047619
13036 0.0169047619047619
13036 0.0133333333333333
13030 1.1152380952381
13030 0
13030 3.2597619047619
13030 2.12547619047619
13030 2
13030 2.68047619047619
13030 0.0019047619047619
13030 0.0169047619047619
13030 0.0133333333333333
13031 1.1152380952381
13031 0
13031 3.2597619047619
13031 2.12547619047619
13031 2
13031 2.68047619047619
13031 0.0019047619047619
13031 0.0169047619047619
13031 0.0133333333333333
13029 1.1152380952381
13029 0
13029 3.2597619047619
13029 2.12547619047619
13029 2
13029 2.68047619047619
13029 0.0019047619047619
13029 0.0169047619047619
13029 0.0133333333333333
13027 1.1152380952381
13027 0
13027 3.2597619047619
13027 2.12547619047619
13027 2
13027 2.68047619047619
13027 0.0019047619047619
13027 0.0169047619047619
13027 0.0133333333333333
13028 1.1152380952381
13028 0
13028 3.2597619047619
13028 2.12547619047619
13028 2
13028 2.68047619047619
13028 0.0019047619047619
13028 0.0169047619047619
13028 0.0133333333333333
13025 1.1152380952381
13025 0
13025 3.2597619047619
13025 2.12547619047619
13025 2
13025 2.68047619047619
13025 0.0019047619047619
13025 0.0169047619047619
13025 0.0133333333333333
13026 1.1152380952381
13026 0
13026 3.2597619047619
13026 2.12547619047619
13026 2
13026 2.68047619047619
13026 0.0019047619047619
13026 0.0169047619047619
13026 0.0133333333333333
13171 1.1152380952381
13171 0
13171 3.2597619047619
13171 2.12547619047619
13171 2
13171 2.68047619047619
13171 0.0019047619047619
13171 0.0169047619047619
13171 0.0133333333333333
13170 1.1152380952381
13170 0
13170 3.2597619047619
13170 2.12547619047619
13170 2
13170 2.68047619047619
13170 0.0019047619047619
13170 0.0169047619047619
13170 0.0133333333333333
13169 1.1152380952381
13169 0
13169 3.2597619047619
13169 2.12547619047619
13169 2
13169 2.68047619047619
13169 0.0019047619047619
13169 0.0169047619047619
13169 0.0133333333333333
13168 1.1152380952381
13168 0
13168 3.2597619047619
13168 2.12547619047619
13168 2
13168 2.68047619047619
13168 0.0019047619047619
13168 0.0169047619047619
13168 0.0133333333333333
13166 1.1152380952381
13166 0
13166 3.2597619047619
13166 2.12547619047619
13166 2
13166 2.68047619047619
13166 0.0019047619047619
13166 0.0169047619047619
13166 0.0133333333333333
13164 1.1152380952381
13164 0
13164 3.2597619047619
13164 2.12547619047619
13164 2
13164 2.68047619047619
13164 0.0019047619047619
13164 0.0169047619047619
13164 0.0133333333333333
13156 1.1152380952381
13156 0
13156 3.2597619047619
13156 2.12547619047619
13156 2
13156 2.68047619047619
13156 0.0019047619047619
13156 0.0169047619047619
13156 0.0133333333333333
13154 1.1152380952381
13154 0
13154 3.2597619047619
13154 2.12547619047619
13154 2
13154 2.68047619047619
13154 0.0019047619047619
13154 0.0169047619047619
13154 0.0133333333333333
13145 1.1152380952381
13145 0
13145 3.2597619047619
13145 2.12547619047619
13145 2
13145 2.68047619047619
13145 0.0019047619047619
13145 0.0169047619047619
13145 0.0133333333333333
13144 1.1152380952381
13144 0
13144 3.2597619047619
13144 2.12547619047619
13144 2
13144 2.68047619047619
13144 0.0019047619047619
13144 0.0169047619047619
13144 0.0133333333333333
13142 1.1152380952381
13142 0
13142 3.2597619047619
13142 2.12547619047619
13142 2
13142 2.68047619047619
13142 0.0019047619047619
13142 0.0169047619047619
13142 0.0133333333333333
13143 1.1152380952381
13143 0
13143 3.2597619047619
13143 2.12547619047619
13143 2
13143 2.68047619047619
13143 0.0019047619047619
13143 0.0169047619047619
13143 0.0133333333333333
13265 1.1152380952381
13265 0
13265 3.2597619047619
13265 2.12547619047619
13265 2
13265 2.68047619047619
13265 0.0019047619047619
13265 0.0169047619047619
13265 0.0133333333333333
13263 1.1152380952381
13263 0
13263 3.2597619047619
13263 2.12547619047619
13263 2
13263 2.68047619047619
13263 0.0019047619047619
13263 0.0169047619047619
13263 0.0133333333333333
13259 1.1152380952381
13259 0
13259 3.2597619047619
13259 2.12547619047619
13259 2
13259 2.68047619047619
13259 0.0019047619047619
13259 0.0169047619047619
13259 0.0133333333333333
13256 1.1152380952381
13256 0
13256 3.2597619047619
13256 2.12547619047619
13256 2
13256 2.68047619047619
13256 0.0019047619047619
13256 0.0169047619047619
13256 0.0133333333333333
13255 1.1152380952381
13255 0
13255 3.2597619047619
13255 2.12547619047619
13255 2
13255 2.68047619047619
13255 0.0019047619047619
13255 0.0169047619047619
13255 0.0133333333333333
13243 1.1152380952381
13243 0
13243 3.2597619047619
13243 2.12547619047619
13243 2
13243 2.68047619047619
13243 0.0019047619047619
13243 0.0169047619047619
13243 0.0133333333333333
13242 1.1152380952381
13242 0
13242 3.2597619047619
13242 2.12547619047619
13242 2
13242 2.68047619047619
13242 0.0019047619047619
13242 0.0169047619047619
13242 0.0133333333333333
13241 1.1152380952381
13241 0
13241 3.2597619047619
13241 2.12547619047619
13241 2
13241 2.68047619047619
13241 0.0019047619047619
13241 0.0169047619047619
13241 0.0133333333333333
13239 1.1152380952381
13239 0
13239 3.2597619047619
13239 2.12547619047619
13239 2
13239 2.68047619047619
13239 0.0019047619047619
13239 0.0169047619047619
13239 0.0133333333333333
13238 1.1152380952381
13238 0
13238 3.2597619047619
13238 2.12547619047619
13238 2
13238 2.68047619047619
13238 0.0019047619047619
13238 0.0169047619047619
13238 0.0133333333333333
13349 1.1152380952381
13349 0
13349 3.2597619047619
13349 2.12547619047619
13349 2
13349 2.68047619047619
13349 0.0019047619047619
13349 0.0169047619047619
13349 0.0133333333333333
13342 1.1152380952381
13342 0
13342 3.2597619047619
13342 2.12547619047619
13342 2
13342 2.68047619047619
13342 0.0019047619047619
13342 0.0169047619047619
13342 0.0133333333333333
13339 1.1152380952381
13339 0
13339 3.2597619047619
13339 2.12547619047619
13339 2
13339 2.68047619047619
13339 0.0019047619047619
13339 0.0169047619047619
13339 0.0133333333333333
13337 1.1152380952381
13337 0
13337 3.2597619047619
13337 2.12547619047619
13337 2
13337 2.68047619047619
13337 0.0019047619047619
13337 0.0169047619047619
13337 0.0133333333333333
13336 1.1152380952381
13336 0
13336 3.2597619047619
13336 2.12547619047619
13336 2
13336 2.68047619047619
13336 0.0019047619047619
13336 0.0169047619047619
13336 0.0133333333333333
13334 1.1152380952381
13334 0
13334 3.2597619047619
13334 2.12547619047619
13334 2
13334 2.68047619047619
13334 0.0019047619047619
13334 0.0169047619047619
13334 0.0133333333333333
13335 1.1152380952381
13335 0
13335 3.2597619047619
13335 2.12547619047619
13335 2
13335 2.68047619047619
13335 0.0019047619047619
13335 0.0169047619047619
13335 0.0133333333333333
13432 1.1152380952381
13432 0
13432 3.2597619047619
13432 2.12547619047619
13432 2
13432 2.68047619047619
13432 0.0019047619047619
13432 0.0169047619047619
13432 0.0133333333333333
13430 1.1152380952381
13430 0
13430 3.2597619047619
13430 2.12547619047619
13430 2
13430 2.68047619047619
13430 0.0019047619047619
13430 0.0169047619047619
13430 0.0133333333333333
13429 1.1152380952381
13429 0
13429 3.2597619047619
13429 2.12547619047619
13429 2
13429 2.68047619047619
13429 0.0019047619047619
13429 0.0169047619047619
13429 0.0133333333333333
13427 1.1152380952381
13427 0
13427 3.2597619047619
13427 2.12547619047619
13427 2
13427 2.68047619047619
13427 0.0019047619047619
13427 0.0169047619047619
13427 0.0133333333333333
13426 1.1152380952381
13426 0
13426 3.2597619047619
13426 2.12547619047619
13426 2
13426 2.68047619047619
13426 0.0019047619047619
13426 0.0169047619047619
13426 0.0133333333333333
13425 1.1152380952381
13425 0
13425 3.2597619047619
13425 2.12547619047619
13425 2
13425 2.68047619047619
13425 0.0019047619047619
13425 0.0169047619047619
13425 0.0133333333333333
13419 1.1152380952381
13419 0
13419 3.2597619047619
13419 2.12547619047619
13419 2
13419 2.68047619047619
13419 0.0019047619047619
13419 0.0169047619047619
13419 0.0133333333333333
13417 1.1152380952381
13417 0
13417 3.2597619047619
13417 2.12547619047619
13417 2
13417 2.68047619047619
13417 0.0019047619047619
13417 0.0169047619047619
13417 0.0133333333333333
13498 1.1152380952381
13498 0
13498 3.2597619047619
13498 2.12547619047619
13498 2
13498 2.68047619047619
13498 0.0019047619047619
13498 0.0169047619047619
13498 0.0133333333333333
13497 1.1152380952381
13497 0
13497 3.2597619047619
13497 2.12547619047619
13497 2
13497 2.68047619047619
13497 0.0019047619047619
13497 0.0169047619047619
13497 0.0133333333333333
13496 1.1152380952381
13496 0
13496 3.2597619047619
13496 2.12547619047619
13496 2
13496 2.68047619047619
13496 0.0019047619047619
13496 0.0169047619047619
13496 0.0133333333333333
13495 1.1152380952381
13495 0
13495 3.2597619047619
13495 2.12547619047619
13495 2
13495 2.68047619047619
13495 0.0019047619047619
13495 0.0169047619047619
13495 0.0133333333333333
