pt_graph shape
14791 1
14791 1
14791 1
14791 1
14791 1
14791 1
14791 1
14791 1
14791 1
14853 1
14853 1
14853 1
14853 1
14853 1
14853 1
14853 1
14853 1
14853 1
14854 1
14854 1
14854 1
14854 1
14854 1
14854 1
14854 1
14854 1
14854 1
14882 1
14882 1
14882 1
14882 1
14882 1
14882 1
14882 1
14882 1
14882 1
14906 1
14906 1
14906 1
14906 1
14906 1
14906 1
14906 1
14906 1
14906 1
14910 1
14910 1
14910 1
14910 1
14910 1
14910 1
14910 1
14910 1
14910 1
14911 1
14911 1
14911 1
14911 1
14911 1
14911 1
14911 1
14911 1
14911 1
14937 1
14937 1
14937 1
14937 1
14937 1
14937 1
14937 1
14937 1
14937 1
14938 1
14938 1
14938 1
14938 1
14938 1
14938 1
14938 1
14938 1
14938 1
14939 1
14939 1
14939 1
14939 1
14939 1
14939 1
14939 1
14939 1
14939 1
14964 1
14964 1
14964 1
14964 1
14964 1
14964 1
14964 1
14964 1
14964 1
14984 1
14984 1
14984 1
14984 1
14984 1
14984 1
14984 1
14984 1
14984 1
14986 1
14986 1
14986 1
14986 1
14986 1
14986 1
14986 1
14986 1
14986 1
15004 1
15004 1
15004 1
15004 1
15004 1
15004 1
15004 1
15004 1
15004 1
15028 1
15028 1
15028 1
15028 1
15028 1
15028 1
15028 1
15028 1
15028 1
15032 1
15032 1
15032 1
15032 1
15032 1
15032 1
15032 1
15032 1
15032 1
15035 1
15035 1
15035 1
15035 1
15035 1
15035 1
15035 1
15035 1
15035 1
15036 1
15036 1
15036 1
15036 1
15036 1
15036 1
15036 1
15036 1
15036 1
15058 1
15058 1
15058 1
15058 1
15058 1
15058 1
15058 1
15058 1
15058 1
15065 1
15065 1
15065 1
15065 1
15065 1
15065 1
15065 1
15065 1
15065 1
15084 1
15084 1
15084 1
15084 1
15084 1
15084 1
15084 1
15084 1
15084 1
15093 1
15093 1
15093 1
15093 1
15093 1
15093 1
15093 1
15093 1
15093 1
15095 1
15095 1
15095 1
15095 1
15095 1
15095 1
15095 1
15095 1
15095 1
15124 1
15124 1
15124 1
15124 1
15124 1
15124 1
15124 1
15124 1
15124 1
15125 1
15125 1
15125 1
15125 1
15125 1
15125 1
15125 1
15125 1
15125 1
15130 1
15130 1
15130 1
15130 1
15130 1
15130 1
15130 1
15130 1
15130 1
15132 1
15132 1
15132 1
15132 1
15132 1
15132 1
15132 1
15132 1
15132 1
15166 1
15166 1
15166 1
15166 1
15166 1
15166 1
15166 1
15166 1
15166 1
15171 1
15171 1
15171 1
15171 1
15171 1
15171 1
15171 1
15171 1
15171 1
15172 1
15172 1
15172 1
15172 1
15172 1
15172 1
15172 1
15172 1
15172 1
15216 1
15216 1
15216 1
15216 1
15216 1
15216 1
15216 1
15216 1
15216 1
15217 1
15217 1
15217 1
15217 1
15217 1
15217 1
15217 1
15217 1
15217 1
15218 1
15218 1
15218 1
15218 1
15218 1
15218 1
15218 1
15218 1
15218 1
15253 1
15253 1
15253 1
15253 1
15253 1
15253 1
15253 1
15253 1
15253 1
15255 1
15255 1
15255 1
15255 1
15255 1
15255 1
15255 1
15255 1
15255 1
15262 1
15262 1
15262 1
15262 1
15262 1
15262 1
15262 1
15262 1
15262 1
15266 1
15266 1
15266 1
15266 1
15266 1
15266 1
15266 1
15266 1
15266 1
15305 1
15305 1
15305 1
15305 1
15305 1
15305 1
15305 1
15305 1
15305 1
15311 1
15311 1
15311 1
15311 1
15311 1
15311 1
15311 1
15311 1
15311 1
15312 1
15312 1
15312 1
15312 1
15312 1
15312 1
15312 1
15312 1
15312 1
15313 1
15313 1
15313 1
15313 1
15313 1
15313 1
15313 1
15313 1
15313 1
15314 1
15314 1
15314 1
15314 1
15314 1
15314 1
15314 1
15314 1
15314 1
15355 1
15355 1
15355 1
15355 1
15355 1
15355 1
15355 1
15355 1
15355 1
15360 1
15360 1
15360 1
15360 1
15360 1
15360 1
15360 1
15360 1
15360 1
15363 1
15363 1
15363 1
15363 1
15363 1
15363 1
15363 1
15363 1
15363 1
15364 1
15364 1
15364 1
15364 1
15364 1
15364 1
15364 1
15364 1
15364 1
15365 1
15365 1
15365 1
15365 1
15365 1
15365 1
15365 1
15365 1
15365 1
15366 1
15366 1
15366 1
15366 1
15366 1
15366 1
15366 1
15366 1
15366 1
15367 1
15367 1
15367 1
15367 1
15367 1
15367 1
15367 1
15367 1
15367 1
15368 1
15368 1
15368 1
15368 1
15368 1
15368 1
15368 1
15368 1
15368 1
15415 1
15415 1
15415 1
15415 1
15415 1
15415 1
15415 1
15415 1
15415 1
15423 1
15423 1
15423 1
15423 1
15423 1
15423 1
15423 1
15423 1
15423 1
15424 1
15424 1
15424 1
15424 1
15424 1
15424 1
15424 1
15424 1
15424 1
15426 1
15426 1
15426 1
15426 1
15426 1
15426 1
15426 1
15426 1
15426 1
15427 1
15427 1
15427 1
15427 1
15427 1
15427 1
15427 1
15427 1
15427 1
15428 1
15428 1
15428 1
15428 1
15428 1
15428 1
15428 1
15428 1
15428 1
15480 1
15480 1
15480 1
15480 1
15480 1
15480 1
15480 1
15480 1
15480 1
15482 1
15482 1
15482 1
15482 1
15482 1
15482 1
15482 1
15482 1
15482 1
15489 1
15489 1
15489 1
15489 1
15489 1
15489 1
15489 1
15489 1
15489 1
15491 1
15491 1
15491 1
15491 1
15491 1
15491 1
15491 1
15491 1
15491 1
15493 1
15493 1
15493 1
15493 1
15493 1
15493 1
15493 1
15493 1
15493 1
15552 1
15552 1
15552 1
15552 1
15552 1
15552 1
15552 1
15552 1
15552 1
15553 1
15553 1
15553 1
15553 1
15553 1
15553 1
15553 1
15553 1
15553 1
15554 1
15554 1
15554 1
15554 1
15554 1
15554 1
15554 1
15554 1
15554 1
15555 1
15555 1
15555 1
15555 1
15555 1
15555 1
15555 1
15555 1
15555 1
15611 1
15611 1
15611 1
15611 1
15611 1
15611 1
15611 1
15611 1
15611 1
15617 1
15617 1
15617 1
15617 1
15617 1
15617 1
15617 1
15617 1
15617 1
15618 1
15618 1
15618 1
15618 1
15618 1
15618 1
15618 1
15618 1
15618 1
15681 1
15681 1
15681 1
15681 1
15681 1
15681 1
15681 1
15681 1
15681 1
15683 1
15683 1
15683 1
15683 1
15683 1
15683 1
15683 1
15683 1
15683 1
15743 1
15743 1
15743 1
15743 1
15743 1
15743 1
15743 1
15743 1
15743 1
15748 1
15748 1
15748 1
15748 1
15748 1
15748 1
15748 1
15748 1
15748 1
15750 1
15750 1
15750 1
15750 1
15750 1
15750 1
15750 1
15750 1
15750 1
15751 1
15751 1
15751 1
15751 1
15751 1
15751 1
15751 1
15751 1
15751 1
15752 1
15752 1
15752 1
15752 1
15752 1
15752 1
15752 1
15752 1
15752 1
15815 1
15815 1
15815 1
15815 1
15815 1
15815 1
15815 1
15815 1
15815 1
15816 1
15816 1
15816 1
15816 1
15816 1
15816 1
15816 1
15816 1
15816 1
15817 1
15817 1
15817 1
15817 1
15817 1
15817 1
15817 1
15817 1
15817 1
15818 1
15818 1
15818 1
15818 1
15818 1
15818 1
15818 1
15818 1
15818 1
15820 1
15820 1
15820 1
15820 1
15820 1
15820 1
15820 1
15820 1
15820 1
15880 1
15880 1
15880 1
15880 1
15880 1
15880 1
15880 1
15880 1
15880 1
15881 1
15881 1
15881 1
15881 1
15881 1
15881 1
15881 1
15881 1
15881 1
15884 1
15884 1
15884 1
15884 1
15884 1
15884 1
15884 1
15884 1
15884 1
15885 1
15885 1
15885 1
15885 1
15885 1
15885 1
15885 1
15885 1
15885 1
15943 1
15943 1
15943 1
15943 1
15943 1
15943 1
15943 1
15943 1
15943 1
15945 1
15945 1
15945 1
15945 1
15945 1
15945 1
15945 1
15945 1
15945 1
15946 1
15946 1
15946 1
15946 1
15946 1
15946 1
15946 1
15946 1
15946 1
15947 1
15947 1
15947 1
15947 1
15947 1
15947 1
15947 1
15947 1
15947 1
15949 1
15949 1
15949 1
15949 1
15949 1
15949 1
15949 1
15949 1
15949 1
16001 1
16001 1
16001 1
16001 1
16001 1
16001 1
16001 1
16001 1
16001 1
16002 1
16002 1
16002 1
16002 1
16002 1
16002 1
16002 1
16002 1
16002 1
16004 1
16004 1
16004 1
16004 1
16004 1
16004 1
16004 1
16004 1
16004 1
16054 1
16054 1
16054 1
16054 1
16054 1
16054 1
16054 1
16054 1
16054 1
16055 1
16055 1
16055 1
16055 1
16055 1
16055 1
16055 1
16055 1
16055 1
16099 1
16099 1
16099 1
16099 1
16099 1
16099 1
16099 1
16099 1
16099 1
16102 1
16102 1
16102 1
16102 1
16102 1
16102 1
16102 1
16102 1
16102 1
16103 1
16103 1
16103 1
16103 1
16103 1
16103 1
16103 1
16103 1
16103 1
16104 1
16104 1
16104 1
16104 1
16104 1
16104 1
16104 1
16104 1
16104 1
16148 1
16148 1
16148 1
16148 1
16148 1
16148 1
16148 1
16148 1
16148 1
16149 1
16149 1
16149 1
16149 1
16149 1
16149 1
16149 1
16149 1
16149 1
16151 1
16151 1
16151 1
16151 1
16151 1
16151 1
16151 1
16151 1
16151 1
16195 1
16195 1
16195 1
16195 1
16195 1
16195 1
16195 1
16195 1
16195 1
16198 1
16198 1
16198 1
16198 1
16198 1
16198 1
16198 1
16198 1
16198 1
16199 1
16199 1
16199 1
16199 1
16199 1
16199 1
16199 1
16199 1
16199 1
16200 1
16200 1
16200 1
16200 1
16200 1
16200 1
16200 1
16200 1
16200 1
16242 1
16242 1
16242 1
16242 1
16242 1
16242 1
16242 1
16242 1
16242 1
16243 1
16243 1
16243 1
16243 1
16243 1
16243 1
16243 1
16243 1
16243 1
16245 1
16245 1
16245 1
16245 1
16245 1
16245 1
16245 1
16245 1
16245 1
16246 1
16246 1
16246 1
16246 1
16246 1
16246 1
16246 1
16246 1
16246 1
16284 1
16284 1
16284 1
16284 1
16284 1
16284 1
16284 1
16284 1
16284 1
16290 1
16290 1
16290 1
16290 1
16290 1
16290 1
16290 1
16290 1
16290 1
16291 1
16291 1
16291 1
16291 1
16291 1
16291 1
16291 1
16291 1
16291 1
16292 1
16292 1
16292 1
16292 1
16292 1
16292 1
16292 1
16292 1
16292 1
16335 1
16335 1
16335 1
16335 1
16335 1
16335 1
16335 1
16335 1
16335 1
16337 1
16337 1
16337 1
16337 1
16337 1
16337 1
16337 1
16337 1
16337 1
16338 1
16338 1
16338 1
16338 1
16338 1
16338 1
16338 1
16338 1
16338 1
16371 1
16371 1
16371 1
16371 1
16371 1
16371 1
16371 1
16371 1
16371 1
16378 1
16378 1
16378 1
16378 1
16378 1
16378 1
16378 1
16378 1
16378 1
16381 1
16381 1
16381 1
16381 1
16381 1
16381 1
16381 1
16381 1
16381 1
16382 1
16382 1
16382 1
16382 1
16382 1
16382 1
16382 1
16382 1
16382 1
16413 1
16413 1
16413 1
16413 1
16413 1
16413 1
16413 1
16413 1
16413 1
16414 1
16414 1
16414 1
16414 1
16414 1
16414 1
16414 1
16414 1
16414 1
16417 1
16417 1
16417 1
16417 1
16417 1
16417 1
16417 1
16417 1
16417 1
16420 1
16420 1
16420 1
16420 1
16420 1
16420 1
16420 1
16420 1
16420 1
16421 1
16421 1
16421 1
16421 1
16421 1
16421 1
16421 1
16421 1
16421 1
16422 1
16422 1
16422 1
16422 1
16422 1
16422 1
16422 1
16422 1
16422 1
16456 1
16456 1
16456 1
16456 1
16456 1
16456 1
16456 1
16456 1
16456 1
16457 1
16457 1
16457 1
16457 1
16457 1
16457 1
16457 1
16457 1
16457 1
16460 1
16460 1
16460 1
16460 1
16460 1
16460 1
16460 1
16460 1
16460 1
16465 1
16465 1
16465 1
16465 1
16465 1
16465 1
16465 1
16465 1
16465 1
16466 1
16466 1
16466 1
16466 1
16466 1
16466 1
16466 1
16466 1
16466 1
16468 1
16468 1
16468 1
16468 1
16468 1
16468 1
16468 1
16468 1
16468 1
16501 1
16501 1
16501 1
16501 1
16501 1
16501 1
16501 1
16501 1
16501 1
16502 1
16502 1
16502 1
16502 1
16502 1
16502 1
16502 1
16502 1
16502 1
16503 1
16503 1
16503 1
16503 1
16503 1
16503 1
16503 1
16503 1
16503 1
16504 1
16504 1
16504 1
16504 1
16504 1
16504 1
16504 1
16504 1
16504 1
16505 1
16505 1
16505 1
16505 1
16505 1
16505 1
16505 1
16505 1
16505 1
16508 1
16508 1
16508 1
16508 1
16508 1
16508 1
16508 1
16508 1
16508 1
16509 1
16509 1
16509 1
16509 1
16509 1
16509 1
16509 1
16509 1
16509 1
16510 1
16510 1
16510 1
16510 1
16510 1
16510 1
16510 1
16510 1
16510 1
16511 1
16511 1
16511 1
16511 1
16511 1
16511 1
16511 1
16511 1
16511 1
16513 1
16513 1
16513 1
16513 1
16513 1
16513 1
16513 1
16513 1
16513 1
16542 1
16542 1
16542 1
16542 1
16542 1
16542 1
16542 1
16542 1
16542 1
16545 1
16545 1
16545 1
16545 1
16545 1
16545 1
16545 1
16545 1
16545 1
16546 1
16546 1
16546 1
16546 1
16546 1
16546 1
16546 1
16546 1
16546 1
16547 1
16547 1
16547 1
16547 1
16547 1
16547 1
16547 1
16547 1
16547 1
16548 1
16548 1
16548 1
16548 1
16548 1
16548 1
16548 1
16548 1
16548 1
16551 1
16551 1
16551 1
16551 1
16551 1
16551 1
16551 1
16551 1
16551 1
16552 1
16552 1
16552 1
16552 1
16552 1
16552 1
16552 1
16552 1
16552 1
16590 1
16590 1
16590 1
16590 1
16590 1
16590 1
16590 1
16590 1
16590 1
16591 1
16591 1
16591 1
16591 1
16591 1
16591 1
16591 1
16591 1
16591 1
16592 1
16592 1
16592 1
16592 1
16592 1
16592 1
16592 1
16592 1
16592 1
16594 1
16594 1
16594 1
16594 1
16594 1
16594 1
16594 1
16594 1
16594 1
16595 1
16595 1
16595 1
16595 1
16595 1
16595 1
16595 1
16595 1
16595 1
16597 1
16597 1
16597 1
16597 1
16597 1
16597 1
16597 1
16597 1
16597 1
16633 1
16633 1
16633 1
16633 1
16633 1
16633 1
16633 1
16633 1
16633 1
16634 1
16634 1
16634 1
16634 1
16634 1
16634 1
16634 1
16634 1
16634 1
16635 1
16635 1
16635 1
16635 1
16635 1
16635 1
16635 1
16635 1
16635 1
16638 1
16638 1
16638 1
16638 1
16638 1
16638 1
16638 1
16638 1
16638 1
16641 1
16641 1
16641 1
16641 1
16641 1
16641 1
16641 1
16641 1
16641 1
16642 1
16642 1
16642 1
16642 1
16642 1
16642 1
16642 1
16642 1
16642 1
16677 1
16677 1
16677 1
16677 1
16677 1
16677 1
16677 1
16677 1
16677 1
16678 1
16678 1
16678 1
16678 1
16678 1
16678 1
16678 1
16678 1
16678 1
16679 1
16679 1
16679 1
16679 1
16679 1
16679 1
16679 1
16679 1
16679 1
16682 1
16682 1
16682 1
16682 1
16682 1
16682 1
16682 1
16682 1
16682 1
16683 1
16683 1
16683 1
16683 1
16683 1
16683 1
16683 1
16683 1
16683 1
16684 1
16684 1
16684 1
16684 1
16684 1
16684 1
16684 1
16684 1
16684 1
16685 1
16685 1
16685 1
16685 1
16685 1
16685 1
16685 1
16685 1
16685 1
16721 1
16721 1
16721 1
16721 1
16721 1
16721 1
16721 1
16721 1
16721 1
16728 1
16728 1
16728 1
16728 1
16728 1
16728 1
16728 1
16728 1
16728 1
16729 1
16729 1
16729 1
16729 1
16729 1
16729 1
16729 1
16729 1
16729 1
16730 1
16730 1
16730 1
16730 1
16730 1
16730 1
16730 1
16730 1
16730 1
16731 1
16731 1
16731 1
16731 1
16731 1
16731 1
16731 1
16731 1
16731 1
16771 1
16771 1
16771 1
16771 1
16771 1
16771 1
16771 1
16771 1
16771 1
16774 1
16774 1
16774 1
16774 1
16774 1
16774 1
16774 1
16774 1
16774 1
16775 1
16775 1
16775 1
16775 1
16775 1
16775 1
16775 1
16775 1
16775 1
16814 1
16814 1
16814 1
16814 1
16814 1
16814 1
16814 1
16814 1
16814 1
16815 1
16815 1
16815 1
16815 1
16815 1
16815 1
16815 1
16815 1
16815 1
16816 1
16816 1
16816 1
16816 1
16816 1
16816 1
16816 1
16816 1
16816 1
16818 1
16818 1
16818 1
16818 1
16818 1
16818 1
16818 1
16818 1
16818 1
16820 1
16820 1
16820 1
16820 1
16820 1
16820 1
16820 1
16820 1
16820 1
16822 1
16822 1
16822 1
16822 1
16822 1
16822 1
16822 1
16822 1
16822 1
16823 1
16823 1
16823 1
16823 1
16823 1
16823 1
16823 1
16823 1
16823 1
16861 1
16861 1
16861 1
16861 1
16861 1
16861 1
16861 1
16861 1
16861 1
16863 1
16863 1
16863 1
16863 1
16863 1
16863 1
16863 1
16863 1
16863 1
16864 1
16864 1
16864 1
16864 1
16864 1
16864 1
16864 1
16864 1
16864 1
16865 1
16865 1
16865 1
16865 1
16865 1
16865 1
16865 1
16865 1
16865 1
16866 1
16866 1
16866 1
16866 1
16866 1
16866 1
16866 1
16866 1
16866 1
16867 1
16867 1
16867 1
16867 1
16867 1
16867 1
16867 1
16867 1
16867 1
16868 1
16868 1
16868 1
16868 1
16868 1
16868 1
16868 1
16868 1
16868 1
16870 1
16870 1
16870 1
16870 1
16870 1
16870 1
16870 1
16870 1
16870 1
16871 1
16871 1
16871 1
16871 1
16871 1
16871 1
16871 1
16871 1
16871 1
16912 1
16912 1
16912 1
16912 1
16912 1
16912 1
16912 1
16912 1
16912 1
16916 1
16916 1
16916 1
16916 1
16916 1
16916 1
16916 1
16916 1
16916 1
16917 1
16917 1
16917 1
16917 1
16917 1
16917 1
16917 1
16917 1
16917 1
16918 1
16918 1
16918 1
16918 1
16918 1
16918 1
16918 1
16918 1
16918 1
16919 1
16919 1
16919 1
16919 1
16919 1
16919 1
16919 1
16919 1
16919 1
16956 1
16956 1
16956 1
16956 1
16956 1
16956 1
16956 1
16956 1
16956 1
16957 1
16957 1
16957 1
16957 1
16957 1
16957 1
16957 1
16957 1
16957 1
16959 1
16959 1
16959 1
16959 1
16959 1
16959 1
16959 1
16959 1
16959 1
16962 1
16962 1
16962 1
16962 1
16962 1
16962 1
16962 1
16962 1
16962 1
16963 1
16963 1
16963 1
16963 1
16963 1
16963 1
16963 1
16963 1
16963 1
16964 1
16964 1
16964 1
16964 1
16964 1
16964 1
16964 1
16964 1
16964 1
16996 1
16996 1
16996 1
16996 1
16996 1
16996 1
16996 1
16996 1
16996 1
16999 1
16999 1
16999 1
16999 1
16999 1
16999 1
16999 1
16999 1
16999 1
17001 1
17001 1
17001 1
17001 1
17001 1
17001 1
17001 1
17001 1
17001 1
17002 1
17002 1
17002 1
17002 1
17002 1
17002 1
17002 1
17002 1
17002 1
17005 1
17005 1
17005 1
17005 1
17005 1
17005 1
17005 1
17005 1
17005 1
17006 1
17006 1
17006 1
17006 1
17006 1
17006 1
17006 1
17006 1
17006 1
17007 1
17007 1
17007 1
17007 1
17007 1
17007 1
17007 1
17007 1
17007 1
17038 1
17038 1
17038 1
17038 1
17038 1
17038 1
17038 1
17038 1
17038 1
17040 1
17040 1
17040 1
17040 1
17040 1
17040 1
17040 1
17040 1
17040 1
17043 1
17043 1
17043 1
17043 1
17043 1
17043 1
17043 1
17043 1
17043 1
17046 1
17046 1
17046 1
17046 1
17046 1
17046 1
17046 1
17046 1
17046 1
17047 1
17047 1
17047 1
17047 1
17047 1
17047 1
17047 1
17047 1
17047 1
17048 1
17048 1
17048 1
17048 1
17048 1
17048 1
17048 1
17048 1
17048 1
17078 1
17078 1
17078 1
17078 1
17078 1
17078 1
17078 1
17078 1
17078 1
17079 1
17079 1
17079 1
17079 1
17079 1
17079 1
17079 1
17079 1
17079 1
17080 1
17080 1
17080 1
17080 1
17080 1
17080 1
17080 1
17080 1
17080 1
17081 1
17081 1
17081 1
17081 1
17081 1
17081 1
17081 1
17081 1
17081 1
17082 1
17082 1
17082 1
17082 1
17082 1
17082 1
17082 1
17082 1
17082 1
17087 1
17087 1
17087 1
17087 1
17087 1
17087 1
17087 1
17087 1
17087 1
17088 1
17088 1
17088 1
17088 1
17088 1
17088 1
17088 1
17088 1
17088 1
17089 1
17089 1
17089 1
17089 1
17089 1
17089 1
17089 1
17089 1
17089 1
17090 1
17090 1
17090 1
17090 1
17090 1
17090 1
17090 1
17090 1
17090 1
17121 1
17121 1
17121 1
17121 1
17121 1
17121 1
17121 1
17121 1
17121 1
17122 1
17122 1
17122 1
17122 1
17122 1
17122 1
17122 1
17122 1
17122 1
17130 1
17130 1
17130 1
17130 1
17130 1
17130 1
17130 1
17130 1
17130 1
17131 1
17131 1
17131 1
17131 1
17131 1
17131 1
17131 1
17131 1
17131 1
17160 1
17160 1
17160 1
17160 1
17160 1
17160 1
17160 1
17160 1
17160 1
17163 1
17163 1
17163 1
17163 1
17163 1
17163 1
17163 1
17163 1
17163 1
17171 1
17171 1
17171 1
17171 1
17171 1
17171 1
17171 1
17171 1
17171 1
17172 1
17172 1
17172 1
17172 1
17172 1
17172 1
17172 1
17172 1
17172 1
17173 1
17173 1
17173 1
17173 1
17173 1
17173 1
17173 1
17173 1
17173 1
17201 1
17201 1
17201 1
17201 1
17201 1
17201 1
17201 1
17201 1
17201 1
17202 1
17202 1
17202 1
17202 1
17202 1
17202 1
17202 1
17202 1
17202 1
17203 1
17203 1
17203 1
17203 1
17203 1
17203 1
17203 1
17203 1
17203 1
17204 1
17204 1
17204 1
17204 1
17204 1
17204 1
17204 1
17204 1
17204 1
17214 1
17214 1
17214 1
17214 1
17214 1
17214 1
17214 1
17214 1
17214 1
17215 1
17215 1
17215 1
17215 1
17215 1
17215 1
17215 1
17215 1
17215 1
17241 1
17241 1
17241 1
17241 1
17241 1
17241 1
17241 1
17241 1
17241 1
17243 1
17243 1
17243 1
17243 1
17243 1
17243 1
17243 1
17243 1
17243 1
17244 1
17244 1
17244 1
17244 1
17244 1
17244 1
17244 1
17244 1
17244 1
17253 1
17253 1
17253 1
17253 1
17253 1
17253 1
17253 1
17253 1
17253 1
17282 1
17282 1
17282 1
17282 1
17282 1
17282 1
17282 1
17282 1
17282 1
17290 1
17290 1
17290 1
17290 1
17290 1
17290 1
17290 1
17290 1
17290 1
17317 1
17317 1
17317 1
17317 1
17317 1
17317 1
17317 1
17317 1
17317 1
17318 1
17318 1
17318 1
17318 1
17318 1
17318 1
17318 1
17318 1
17318 1
17326 1
17326 1
17326 1
17326 1
17326 1
17326 1
17326 1
17326 1
17326 1
17327 1
17327 1
17327 1
17327 1
17327 1
17327 1
17327 1
17327 1
17327 1
17328 1
17328 1
17328 1
17328 1
17328 1
17328 1
17328 1
17328 1
17328 1
17361 1
17361 1
17361 1
17361 1
17361 1
17361 1
17361 1
17361 1
17361 1
17362 1
17362 1
17362 1
17362 1
17362 1
17362 1
17362 1
17362 1
17362 1
17363 1
17363 1
17363 1
17363 1
17363 1
17363 1
17363 1
17363 1
17363 1
17385 1
17385 1
17385 1
17385 1
17385 1
17385 1
17385 1
17385 1
17385 1
17394 1
17394 1
17394 1
17394 1
17394 1
17394 1
17394 1
17394 1
17394 1
17395 1
17395 1
17395 1
17395 1
17395 1
17395 1
17395 1
17395 1
17395 1
17425 1
17425 1
17425 1
17425 1
17425 1
17425 1
17425 1
17425 1
17425 1
17426 1
17426 1
17426 1
17426 1
17426 1
17426 1
17426 1
17426 1
17426 1
17428 1
17428 1
17428 1
17428 1
17428 1
17428 1
17428 1
17428 1
17428 1
17457 1
17457 1
17457 1
17457 1
17457 1
17457 1
17457 1
17457 1
17457 1
17458 1
17458 1
17458 1
17458 1
17458 1
17458 1
17458 1
17458 1
17458 1
17459 1
17459 1
17459 1
17459 1
17459 1
17459 1
17459 1
17459 1
17459 1
17460 1
17460 1
17460 1
17460 1
17460 1
17460 1
17460 1
17460 1
17460 1
17492 1
17492 1
17492 1
17492 1
17492 1
17492 1
17492 1
17492 1
17492 1
17493 1
17493 1
17493 1
17493 1
17493 1
17493 1
17493 1
17493 1
17493 1
17494 1
17494 1
17494 1
17494 1
17494 1
17494 1
17494 1
17494 1
17494 1
17495 1
17495 1
17495 1
17495 1
17495 1
17495 1
17495 1
17495 1
17495 1
17496 1
17496 1
17496 1
17496 1
17496 1
17496 1
17496 1
17496 1
17496 1
17500 1
17500 1
17500 1
17500 1
17500 1
17500 1
17500 1
17500 1
17500 1
17501 1
17501 1
17501 1
17501 1
17501 1
17501 1
17501 1
17501 1
17501 1
17533 1
17533 1
17533 1
17533 1
17533 1
17533 1
17533 1
17533 1
17533 1
17534 1
17534 1
17534 1
17534 1
17534 1
17534 1
17534 1
17534 1
17534 1
17535 1
17535 1
17535 1
17535 1
17535 1
17535 1
17535 1
17535 1
17535 1
17536 1
17536 1
17536 1
17536 1
17536 1
17536 1
17536 1
17536 1
17536 1
17568 1
17568 1
17568 1
17568 1
17568 1
17568 1
17568 1
17568 1
17568 1
17569 1
17569 1
17569 1
17569 1
17569 1
17569 1
17569 1
17569 1
17569 1
17570 1
17570 1
17570 1
17570 1
17570 1
17570 1
17570 1
17570 1
17570 1
17574 1
17574 1
17574 1
17574 1
17574 1
17574 1
17574 1
17574 1
17574 1
17575 1
17575 1
17575 1
17575 1
17575 1
17575 1
17575 1
17575 1
17575 1
17576 1
17576 1
17576 1
17576 1
17576 1
17576 1
17576 1
17576 1
17576 1
17577 1
17577 1
17577 1
17577 1
17577 1
17577 1
17577 1
17577 1
17577 1
17578 1
17578 1
17578 1
17578 1
17578 1
17578 1
17578 1
17578 1
17578 1
17608 1
17608 1
17608 1
17608 1
17608 1
17608 1
17608 1
17608 1
17608 1
17609 1
17609 1
17609 1
17609 1
17609 1
17609 1
17609 1
17609 1
17609 1
17610 1
17610 1
17610 1
17610 1
17610 1
17610 1
17610 1
17610 1
17610 1
17611 1
17611 1
17611 1
17611 1
17611 1
17611 1
17611 1
17611 1
17611 1
17612 1
17612 1
17612 1
17612 1
17612 1
17612 1
17612 1
17612 1
17612 1
17616 1
17616 1
17616 1
17616 1
17616 1
17616 1
17616 1
17616 1
17616 1
17617 1
17617 1
17617 1
17617 1
17617 1
17617 1
17617 1
17617 1
17617 1
17619 1
17619 1
17619 1
17619 1
17619 1
17619 1
17619 1
17619 1
17619 1
17620 1
17620 1
17620 1
17620 1
17620 1
17620 1
17620 1
17620 1
17620 1
17654 1
17654 1
17654 1
17654 1
17654 1
17654 1
17654 1
17654 1
17654 1
17655 1
17655 1
17655 1
17655 1
17655 1
17655 1
17655 1
17655 1
17655 1
17656 1
17656 1
17656 1
17656 1
17656 1
17656 1
17656 1
17656 1
17656 1
17657 1
17657 1
17657 1
17657 1
17657 1
17657 1
17657 1
17657 1
17657 1
17658 1
17658 1
17658 1
17658 1
17658 1
17658 1
17658 1
17658 1
17658 1
17659 1
17659 1
17659 1
17659 1
17659 1
17659 1
17659 1
17659 1
17659 1
17700 1
17700 1
17700 1
17700 1
17700 1
17700 1
17700 1
17700 1
17700 1
17701 1
17701 1
17701 1
17701 1
17701 1
17701 1
17701 1
17701 1
17701 1
17702 1
17702 1
17702 1
17702 1
17702 1
17702 1
17702 1
17702 1
17702 1
17703 1
17703 1
17703 1
17703 1
17703 1
17703 1
17703 1
17703 1
17703 1
17704 1
17704 1
17704 1
17704 1
17704 1
17704 1
17704 1
17704 1
17704 1
17705 1
17705 1
17705 1
17705 1
17705 1
17705 1
17705 1
17705 1
17705 1
17706 1
17706 1
17706 1
17706 1
17706 1
17706 1
17706 1
17706 1
17706 1
17748 1
17748 1
17748 1
17748 1
17748 1
17748 1
17748 1
17748 1
17748 1
17749 1
17749 1
17749 1
17749 1
17749 1
17749 1
17749 1
17749 1
17749 1
17750 1
17750 1
17750 1
17750 1
17750 1
17750 1
17750 1
17750 1
17750 1
17751 1
17751 1
17751 1
17751 1
17751 1
17751 1
17751 1
17751 1
17751 1
17752 1
17752 1
17752 1
17752 1
17752 1
17752 1
17752 1
17752 1
17752 1
17753 1
17753 1
17753 1
17753 1
17753 1
17753 1
17753 1
17753 1
17753 1
17794 1
17794 1
17794 1
17794 1
17794 1
17794 1
17794 1
17794 1
17794 1
17795 1
17795 1
17795 1
17795 1
17795 1
17795 1
17795 1
17795 1
17795 1
17796 1
17796 1
17796 1
17796 1
17796 1
17796 1
17796 1
17796 1
17796 1
17797 1
17797 1
17797 1
17797 1
17797 1
17797 1
17797 1
17797 1
17797 1
17798 1
17798 1
17798 1
17798 1
17798 1
17798 1
17798 1
17798 1
17798 1
17799 1
17799 1
17799 1
17799 1
17799 1
17799 1
17799 1
17799 1
17799 1
17840 1
17840 1
17840 1
17840 1
17840 1
17840 1
17840 1
17840 1
17840 1
17841 1
17841 1
17841 1
17841 1
17841 1
17841 1
17841 1
17841 1
17841 1
17842 1
17842 1
17842 1
17842 1
17842 1
17842 1
17842 1
17842 1
17842 1
17843 1
17843 1
17843 1
17843 1
17843 1
17843 1
17843 1
17843 1
17843 1
17844 1
17844 1
17844 1
17844 1
17844 1
17844 1
17844 1
17844 1
17844 1
17885 1
17885 1
17885 1
17885 1
17885 1
17885 1
17885 1
17885 1
17885 1
17886 1
17886 1
17886 1
17886 1
17886 1
17886 1
17886 1
17886 1
17886 1
17887 1
17887 1
17887 1
17887 1
17887 1
17887 1
17887 1
17887 1
17887 1
17889 1
17889 1
17889 1
17889 1
17889 1
17889 1
17889 1
17889 1
17889 1
17890 1
17890 1
17890 1
17890 1
17890 1
17890 1
17890 1
17890 1
17890 1
17933 1
17933 1
17933 1
17933 1
17933 1
17933 1
17933 1
17933 1
17933 1
17934 1
17934 1
17934 1
17934 1
17934 1
17934 1
17934 1
17934 1
17934 1
17935 1
17935 1
17935 1
17935 1
17935 1
17935 1
17935 1
17935 1
17935 1
17936 1
17936 1
17936 1
17936 1
17936 1
17936 1
17936 1
17936 1
17936 1
17937 1
17937 1
17937 1
17937 1
17937 1
17937 1
17937 1
17937 1
17937 1
17980 1
17980 1
17980 1
17980 1
17980 1
17980 1
17980 1
17980 1
17980 1
17981 1
17981 1
17981 1
17981 1
17981 1
17981 1
17981 1
17981 1
17981 1
17982 1
17982 1
17982 1
17982 1
17982 1
17982 1
17982 1
17982 1
17982 1
17983 1
17983 1
17983 1
17983 1
17983 1
17983 1
17983 1
17983 1
17983 1
17984 1
17984 1
17984 1
17984 1
17984 1
17984 1
17984 1
17984 1
17984 1
17985 1
17985 1
17985 1
17985 1
17985 1
17985 1
17985 1
17985 1
17985 1
18026 1
18026 1
18026 1
18026 1
18026 1
18026 1
18026 1
18026 1
18026 1
18027 1
18027 1
18027 1
18027 1
18027 1
18027 1
18027 1
18027 1
18027 1
18028 1
18028 1
18028 1
18028 1
18028 1
18028 1
18028 1
18028 1
18028 1
18029 1
18029 1
18029 1
18029 1
18029 1
18029 1
18029 1
18029 1
18029 1
18030 1
18030 1
18030 1
18030 1
18030 1
18030 1
18030 1
18030 1
18030 1
18072 1
18072 1
18072 1
18072 1
18072 1
18072 1
18072 1
18072 1
18072 1
18073 1
18073 1
18073 1
18073 1
18073 1
18073 1
18073 1
18073 1
18073 1
18074 1
18074 1
18074 1
18074 1
18074 1
18074 1
18074 1
18074 1
18074 1
18075 1
18075 1
18075 1
18075 1
18075 1
18075 1
18075 1
18075 1
18075 1
18076 1
18076 1
18076 1
18076 1
18076 1
18076 1
18076 1
18076 1
18076 1
18077 1
18077 1
18077 1
18077 1
18077 1
18077 1
18077 1
18077 1
18077 1
18118 1
18118 1
18118 1
18118 1
18118 1
18118 1
18118 1
18118 1
18118 1
18119 1
18119 1
18119 1
18119 1
18119 1
18119 1
18119 1
18119 1
18119 1
18120 1
18120 1
18120 1
18120 1
18120 1
18120 1
18120 1
18120 1
18120 1
18121 1
18121 1
18121 1
18121 1
18121 1
18121 1
18121 1
18121 1
18121 1
18122 1
18122 1
18122 1
18122 1
18122 1
18122 1
18122 1
18122 1
18122 1
18123 1
18123 1
18123 1
18123 1
18123 1
18123 1
18123 1
18123 1
18123 1
18124 1
18124 1
18124 1
18124 1
18124 1
18124 1
18124 1
18124 1
18124 1
18167 1
18167 1
18167 1
18167 1
18167 1
18167 1
18167 1
18167 1
18167 1
18168 1
18168 1
18168 1
18168 1
18168 1
18168 1
18168 1
18168 1
18168 1
18169 1
18169 1
18169 1
18169 1
18169 1
18169 1
18169 1
18169 1
18169 1
18170 1
18170 1
18170 1
18170 1
18170 1
18170 1
18170 1
18170 1
18170 1
18171 1
18171 1
18171 1
18171 1
18171 1
18171 1
18171 1
18171 1
18171 1
18172 1
18172 1
18172 1
18172 1
18172 1
18172 1
18172 1
18172 1
18172 1
18218 1
18218 1
18218 1
18218 1
18218 1
18218 1
18218 1
18218 1
18218 1
18219 1
18219 1
18219 1
18219 1
18219 1
18219 1
18219 1
18219 1
18219 1
18220 1
18220 1
18220 1
18220 1
18220 1
18220 1
18220 1
18220 1
18220 1
18221 1
18221 1
18221 1
18221 1
18221 1
18221 1
18221 1
18221 1
18221 1
18265 1
18265 1
18265 1
18265 1
18265 1
18265 1
18265 1
18265 1
18265 1
18266 1
18266 1
18266 1
18266 1
18266 1
18266 1
18266 1
18266 1
18266 1
18267 1
18267 1
18267 1
18267 1
18267 1
18267 1
18267 1
18267 1
18267 1
18268 1
18268 1
18268 1
18268 1
18268 1
18268 1
18268 1
18268 1
18268 1
18312 1
18312 1
18312 1
18312 1
18312 1
18312 1
18312 1
18312 1
18312 1
18313 1
18313 1
18313 1
18313 1
18313 1
18313 1
18313 1
18313 1
18313 1
18692 1
18692 1
18692 1
18692 1
18692 1
18692 1
18692 1
18692 1
18692 1
18775 1
18775 1
18775 1
18775 1
18775 1
18775 1
18775 1
18775 1
18775 1
18781 1
18781 1
18781 1
18781 1
18781 1
18781 1
18781 1
18781 1
18781 1
18782 1
18782 1
18782 1
18782 1
18782 1
18782 1
18782 1
18782 1
18782 1
18826 1
18826 1
18826 1
18826 1
18826 1
18826 1
18826 1
18826 1
18826 1
18831 1
18831 1
18831 1
18831 1
18831 1
18831 1
18831 1
18831 1
18831 1
18832 1
18832 1
18832 1
18832 1
18832 1
18832 1
18832 1
18832 1
18832 1
18833 1
18833 1
18833 1
18833 1
18833 1
18833 1
18833 1
18833 1
18833 1
18834 1
18834 1
18834 1
18834 1
18834 1
18834 1
18834 1
18834 1
18834 1
18835 1
18835 1
18835 1
18835 1
18835 1
18835 1
18835 1
18835 1
18835 1
18837 1
18837 1
18837 1
18837 1
18837 1
18837 1
18837 1
18837 1
18837 1
18867 1
18867 1
18867 1
18867 1
18867 1
18867 1
18867 1
18867 1
18867 1
18870 1
18870 1
18870 1
18870 1
18870 1
18870 1
18870 1
18870 1
18870 1
18872 1
18872 1
18872 1
18872 1
18872 1
18872 1
18872 1
18872 1
18872 1
18873 1
18873 1
18873 1
18873 1
18873 1
18873 1
18873 1
18873 1
18873 1
18877 1
18877 1
18877 1
18877 1
18877 1
18877 1
18877 1
18877 1
18877 1
18883 1
18883 1
18883 1
18883 1
18883 1
18883 1
18883 1
18883 1
18883 1
18911 1
18911 1
18911 1
18911 1
18911 1
18911 1
18911 1
18911 1
18911 1
18912 1
18912 1
18912 1
18912 1
18912 1
18912 1
18912 1
18912 1
18912 1
18915 1
18915 1
18915 1
18915 1
18915 1
18915 1
18915 1
18915 1
18915 1
18920 1
18920 1
18920 1
18920 1
18920 1
18920 1
18920 1
18920 1
18920 1
18924 1
18924 1
18924 1
18924 1
18924 1
18924 1
18924 1
18924 1
18924 1
18925 1
18925 1
18925 1
18925 1
18925 1
18925 1
18925 1
18925 1
18925 1
18926 1
18926 1
18926 1
18926 1
18926 1
18926 1
18926 1
18926 1
18926 1
18959 1
18959 1
18959 1
18959 1
18959 1
18959 1
18959 1
18959 1
18959 1
18961 1
18961 1
18961 1
18961 1
18961 1
18961 1
18961 1
18961 1
18961 1
18963 1
18963 1
18963 1
18963 1
18963 1
18963 1
18963 1
18963 1
18963 1
18964 1
18964 1
18964 1
18964 1
18964 1
18964 1
18964 1
18964 1
18964 1
18965 1
18965 1
18965 1
18965 1
18965 1
18965 1
18965 1
18965 1
18965 1
18992 1
18992 1
18992 1
18992 1
18992 1
18992 1
18992 1
18992 1
18992 1
18999 1
18999 1
18999 1
18999 1
18999 1
18999 1
18999 1
18999 1
18999 1
19002 1
19002 1
19002 1
19002 1
19002 1
19002 1
19002 1
19002 1
19002 1
19003 1
19003 1
19003 1
19003 1
19003 1
19003 1
19003 1
19003 1
19003 1
19030 1
19030 1
19030 1
19030 1
19030 1
19030 1
19030 1
19030 1
19030 1
19059 1
19059 1
19059 1
19059 1
19059 1
19059 1
19059 1
19059 1
19059 1
19060 1
19060 1
19060 1
19060 1
19060 1
19060 1
19060 1
19060 1
19060 1
19061 1
19061 1
19061 1
19061 1
19061 1
19061 1
19061 1
19061 1
19061 1
19094 1
19094 1
19094 1
19094 1
19094 1
19094 1
19094 1
19094 1
19094 1
19095 1
19095 1
19095 1
19095 1
19095 1
19095 1
19095 1
19095 1
19095 1
19096 1
19096 1
19096 1
19096 1
19096 1
19096 1
19096 1
19096 1
19096 1
19097 1
19097 1
19097 1
19097 1
19097 1
19097 1
19097 1
19097 1
19097 1
19098 1
19098 1
19098 1
19098 1
19098 1
19098 1
19098 1
19098 1
19098 1
19106 1
19106 1
19106 1
19106 1
19106 1
19106 1
19106 1
19106 1
19106 1
19107 1
19107 1
19107 1
19107 1
19107 1
19107 1
19107 1
19107 1
19107 1
19129 1
19129 1
19129 1
19129 1
19129 1
19129 1
19129 1
19129 1
19129 1
19130 1
19130 1
19130 1
19130 1
19130 1
19130 1
19130 1
19130 1
19130 1
19131 1
19131 1
19131 1
19131 1
19131 1
19131 1
19131 1
19131 1
19131 1
19132 1
19132 1
19132 1
19132 1
19132 1
19132 1
19132 1
19132 1
19132 1
19133 1
19133 1
19133 1
19133 1
19133 1
19133 1
19133 1
19133 1
19133 1
19134 1
19134 1
19134 1
19134 1
19134 1
19134 1
19134 1
19134 1
19134 1
19135 1
19135 1
19135 1
19135 1
19135 1
19135 1
19135 1
19135 1
19135 1
19139 1
19139 1
19139 1
19139 1
19139 1
19139 1
19139 1
19139 1
19139 1
19140 1
19140 1
19140 1
19140 1
19140 1
19140 1
19140 1
19140 1
19140 1
19141 1
19141 1
19141 1
19141 1
19141 1
19141 1
19141 1
19141 1
19141 1
19142 1
19142 1
19142 1
19142 1
19142 1
19142 1
19142 1
19142 1
19142 1
19163 1
19163 1
19163 1
19163 1
19163 1
19163 1
19163 1
19163 1
19163 1
19164 1
19164 1
19164 1
19164 1
19164 1
19164 1
19164 1
19164 1
19164 1
19165 1
19165 1
19165 1
19165 1
19165 1
19165 1
19165 1
19165 1
19165 1
19166 1
19166 1
19166 1
19166 1
19166 1
19166 1
19166 1
19166 1
19166 1
19167 1
19167 1
19167 1
19167 1
19167 1
19167 1
19167 1
19167 1
19167 1
19172 1
19172 1
19172 1
19172 1
19172 1
19172 1
19172 1
19172 1
19172 1
19173 1
19173 1
19173 1
19173 1
19173 1
19173 1
19173 1
19173 1
19173 1
19174 1
19174 1
19174 1
19174 1
19174 1
19174 1
19174 1
19174 1
19174 1
19176 1
19176 1
19176 1
19176 1
19176 1
19176 1
19176 1
19176 1
19176 1
19198 1
19198 1
19198 1
19198 1
19198 1
19198 1
19198 1
19198 1
19198 1
19199 1
19199 1
19199 1
19199 1
19199 1
19199 1
19199 1
19199 1
19199 1
19200 1
19200 1
19200 1
19200 1
19200 1
19200 1
19200 1
19200 1
19200 1
19206 1
19206 1
19206 1
19206 1
19206 1
19206 1
19206 1
19206 1
19206 1
19207 1
19207 1
19207 1
19207 1
19207 1
19207 1
19207 1
19207 1
19207 1
19208 1
19208 1
19208 1
19208 1
19208 1
19208 1
19208 1
19208 1
19208 1
19237 1
19237 1
19237 1
19237 1
19237 1
19237 1
19237 1
19237 1
19237 1
19238 1
19238 1
19238 1
19238 1
19238 1
19238 1
19238 1
19238 1
19238 1
19239 1
19239 1
19239 1
19239 1
19239 1
19239 1
19239 1
19239 1
19239 1
19263 1
19263 1
19263 1
19263 1
19263 1
19263 1
19263 1
19263 1
19263 1
19268 1
19268 1
19268 1
19268 1
19268 1
19268 1
19268 1
19268 1
19268 1
19269 1
19269 1
19269 1
19269 1
19269 1
19269 1
19269 1
19269 1
19269 1
19295 1
19295 1
19295 1
19295 1
19295 1
19295 1
19295 1
19295 1
19295 1
19296 1
19296 1
19296 1
19296 1
19296 1
19296 1
19296 1
19296 1
19296 1
19323 1
19323 1
19323 1
19323 1
19323 1
19323 1
19323 1
19323 1
19323 1
19325 1
19325 1
19325 1
19325 1
19325 1
19325 1
19325 1
19325 1
19325 1
