pt_graph shape
9469 1
9469 1
9469 1
9469 1
9469 1
9469 1
9469 1
9469 1
9469 1
10343 1
10343 1
10343 1
10343 1
10343 1
10343 1
10343 1
10343 1
10343 1
10429 1
10429 1
10429 1
10429 1
10429 1
10429 1
10429 1
10429 1
10429 1
10430 1
10430 1
10430 1
10430 1
10430 1
10430 1
10430 1
10430 1
10430 1
10723 1
10723 1
10723 1
10723 1
10723 1
10723 1
10723 1
10723 1
10723 1
10724 1
10724 1
10724 1
10724 1
10724 1
10724 1
10724 1
10724 1
10724 1
10795 1
10795 1
10795 1
10795 1
10795 1
10795 1
10795 1
10795 1
10795 1
10926 1
10926 1
10926 1
10926 1
10926 1
10926 1
10926 1
10926 1
10926 1
10927 1
10927 1
10927 1
10927 1
10927 1
10927 1
10927 1
10927 1
10927 1
11035 1
11035 1
11035 1
11035 1
11035 1
11035 1
11035 1
11035 1
11035 1
11036 1
11036 1
11036 1
11036 1
11036 1
11036 1
11036 1
11036 1
11036 1
11153 1
11153 1
11153 1
11153 1
11153 1
11153 1
11153 1
11153 1
11153 1
11149 1
11149 1
11149 1
11149 1
11149 1
11149 1
11149 1
11149 1
11149 1
11150 1
11150 1
11150 1
11150 1
11150 1
11150 1
11150 1
11150 1
11150 1
11151 1
11151 1
11151 1
11151 1
11151 1
11151 1
11151 1
11151 1
11151 1
11276 1
11276 1
11276 1
11276 1
11276 1
11276 1
11276 1
11276 1
11276 1
11274 1
11274 1
11274 1
11274 1
11274 1
11274 1
11274 1
11274 1
11274 1
11275 1
11275 1
11275 1
11275 1
11275 1
11275 1
11275 1
11275 1
11275 1
11271 1
11271 1
11271 1
11271 1
11271 1
11271 1
11271 1
11271 1
11271 1
11272 1
11272 1
11272 1
11272 1
11272 1
11272 1
11272 1
11272 1
11272 1
11273 1
11273 1
11273 1
11273 1
11273 1
11273 1
11273 1
11273 1
11273 1
11268 1
11268 1
11268 1
11268 1
11268 1
11268 1
11268 1
11268 1
11268 1
11270 1
11270 1
11270 1
11270 1
11270 1
11270 1
11270 1
11270 1
11270 1
11266 1
11266 1
11266 1
11266 1
11266 1
11266 1
11266 1
11266 1
11266 1
11267 1
11267 1
11267 1
11267 1
11267 1
11267 1
11267 1
11267 1
11267 1
11399 1
11399 1
11399 1
11399 1
11399 1
11399 1
11399 1
11399 1
11399 1
11400 1
11400 1
11400 1
11400 1
11400 1
11400 1
11400 1
11400 1
11400 1
11397 1
11397 1
11397 1
11397 1
11397 1
11397 1
11397 1
11397 1
11397 1
11398 1
11398 1
11398 1
11398 1
11398 1
11398 1
11398 1
11398 1
11398 1
11394 1
11394 1
11394 1
11394 1
11394 1
11394 1
11394 1
11394 1
11394 1
11395 1
11395 1
11395 1
11395 1
11395 1
11395 1
11395 1
11395 1
11395 1
11396 1
11396 1
11396 1
11396 1
11396 1
11396 1
11396 1
11396 1
11396 1
11392 1
11392 1
11392 1
11392 1
11392 1
11392 1
11392 1
11392 1
11392 1
11393 1
11393 1
11393 1
11393 1
11393 1
11393 1
11393 1
11393 1
11393 1
11380 1
11380 1
11380 1
11380 1
11380 1
11380 1
11380 1
11380 1
11380 1
11381 1
11381 1
11381 1
11381 1
11381 1
11381 1
11381 1
11381 1
11381 1
11382 1
11382 1
11382 1
11382 1
11382 1
11382 1
11382 1
11382 1
11382 1
11383 1
11383 1
11383 1
11383 1
11383 1
11383 1
11383 1
11383 1
11383 1
11387 1
11387 1
11387 1
11387 1
11387 1
11387 1
11387 1
11387 1
11387 1
11532 1
11532 1
11532 1
11532 1
11532 1
11532 1
11532 1
11532 1
11532 1
11533 1
11533 1
11533 1
11533 1
11533 1
11533 1
11533 1
11533 1
11533 1
11528 1
11528 1
11528 1
11528 1
11528 1
11528 1
11528 1
11528 1
11528 1
11526 1
11526 1
11526 1
11526 1
11526 1
11526 1
11526 1
11526 1
11526 1
11522 1
11522 1
11522 1
11522 1
11522 1
11522 1
11522 1
11522 1
11522 1
11523 1
11523 1
11523 1
11523 1
11523 1
11523 1
11523 1
11523 1
11523 1
11520 1
11520 1
11520 1
11520 1
11520 1
11520 1
11520 1
11520 1
11520 1
11521 1
11521 1
11521 1
11521 1
11521 1
11521 1
11521 1
11521 1
11521 1
11508 1
11508 1
11508 1
11508 1
11508 1
11508 1
11508 1
11508 1
11508 1
11514 1
11514 1
11514 1
11514 1
11514 1
11514 1
11514 1
11514 1
11514 1
11661 1
11661 1
11661 1
11661 1
11661 1
11661 1
11661 1
11661 1
11661 1
11660 1
11660 1
11660 1
11660 1
11660 1
11660 1
11660 1
11660 1
11660 1
11658 1
11658 1
11658 1
11658 1
11658 1
11658 1
11658 1
11658 1
11658 1
11656 1
11656 1
11656 1
11656 1
11656 1
11656 1
11656 1
11656 1
11656 1
11648 1
11648 1
11648 1
11648 1
11648 1
11648 1
11648 1
11648 1
11648 1
11636 1
11636 1
11636 1
11636 1
11636 1
11636 1
11636 1
11636 1
11636 1
11644 1
11644 1
11644 1
11644 1
11644 1
11644 1
11644 1
11644 1
11644 1
11645 1
11645 1
11645 1
11645 1
11645 1
11645 1
11645 1
11645 1
11645 1
11646 1
11646 1
11646 1
11646 1
11646 1
11646 1
11646 1
11646 1
11646 1
11641 1
11641 1
11641 1
11641 1
11641 1
11641 1
11641 1
11641 1
11641 1
11642 1
11642 1
11642 1
11642 1
11642 1
11642 1
11642 1
11642 1
11642 1
11791 1
11791 1
11791 1
11791 1
11791 1
11791 1
11791 1
11791 1
11791 1
11789 1
11789 1
11789 1
11789 1
11789 1
11789 1
11789 1
11789 1
11789 1
11768 1
11768 1
11768 1
11768 1
11768 1
11768 1
11768 1
11768 1
11768 1
11771 1
11771 1
11771 1
11771 1
11771 1
11771 1
11771 1
11771 1
11771 1
11773 1
11773 1
11773 1
11773 1
11773 1
11773 1
11773 1
11773 1
11773 1
11775 1
11775 1
11775 1
11775 1
11775 1
11775 1
11775 1
11775 1
11775 1
11776 1
11776 1
11776 1
11776 1
11776 1
11776 1
11776 1
11776 1
11776 1
11919 1
11919 1
11919 1
11919 1
11919 1
11919 1
11919 1
11919 1
11919 1
11920 1
11920 1
11920 1
11920 1
11920 1
11920 1
11920 1
11920 1
11920 1
11917 1
11917 1
11917 1
11917 1
11917 1
11917 1
11917 1
11917 1
11917 1
11909 1
11909 1
11909 1
11909 1
11909 1
11909 1
11909 1
11909 1
11909 1
11905 1
11905 1
11905 1
11905 1
11905 1
11905 1
11905 1
11905 1
11905 1
11906 1
11906 1
11906 1
11906 1
11906 1
11906 1
11906 1
11906 1
11906 1
12045 1
12045 1
12045 1
12045 1
12045 1
12045 1
12045 1
12045 1
12045 1
12043 1
12043 1
12043 1
12043 1
12043 1
12043 1
12043 1
12043 1
12043 1
12044 1
12044 1
12044 1
12044 1
12044 1
12044 1
12044 1
12044 1
12044 1
12016 1
12016 1
12016 1
12016 1
12016 1
12016 1
12016 1
12016 1
12016 1
12017 1
12017 1
12017 1
12017 1
12017 1
12017 1
12017 1
12017 1
12017 1
12031 1
12031 1
12031 1
12031 1
12031 1
12031 1
12031 1
12031 1
12031 1
12032 1
12032 1
12032 1
12032 1
12032 1
12032 1
12032 1
12032 1
12032 1
12023 1
12023 1
12023 1
12023 1
12023 1
12023 1
12023 1
12023 1
12023 1
12167 1
12167 1
12167 1
12167 1
12167 1
12167 1
12167 1
12167 1
12167 1
12141 1
12141 1
12141 1
12141 1
12141 1
12141 1
12141 1
12141 1
12141 1
12146 1
12146 1
12146 1
12146 1
12146 1
12146 1
12146 1
12146 1
12146 1
12262 1
12262 1
12262 1
12262 1
12262 1
12262 1
12262 1
12262 1
12262 1
12276 1
12276 1
12276 1
12276 1
12276 1
12276 1
12276 1
12276 1
12276 1
12394 1
12394 1
12394 1
12394 1
12394 1
12394 1
12394 1
12394 1
12394 1
12398 1
12398 1
12398 1
12398 1
12398 1
12398 1
12398 1
12398 1
12398 1
12555 1
12555 1
12555 1
12555 1
12555 1
12555 1
12555 1
12555 1
12555 1
12547 1
12547 1
12547 1
12547 1
12547 1
12547 1
12547 1
12547 1
12547 1
12523 1
12523 1
12523 1
12523 1
12523 1
12523 1
12523 1
12523 1
12523 1
12537 1
12537 1
12537 1
12537 1
12537 1
12537 1
12537 1
12537 1
12537 1
12677 1
12677 1
12677 1
12677 1
12677 1
12677 1
12677 1
12677 1
12677 1
12674 1
12674 1
12674 1
12674 1
12674 1
12674 1
12674 1
12674 1
12674 1
12669 1
12669 1
12669 1
12669 1
12669 1
12669 1
12669 1
12669 1
12669 1
12670 1
12670 1
12670 1
12670 1
12670 1
12670 1
12670 1
12670 1
12670 1
12663 1
12663 1
12663 1
12663 1
12663 1
12663 1
12663 1
12663 1
12663 1
12660 1
12660 1
12660 1
12660 1
12660 1
12660 1
12660 1
12660 1
12660 1
12661 1
12661 1
12661 1
12661 1
12661 1
12661 1
12661 1
12661 1
12661 1
12794 1
12794 1
12794 1
12794 1
12794 1
12794 1
12794 1
12794 1
12794 1
12792 1
12792 1
12792 1
12792 1
12792 1
12792 1
12792 1
12792 1
12792 1
12793 1
12793 1
12793 1
12793 1
12793 1
12793 1
12793 1
12793 1
12793 1
12791 1
12791 1
12791 1
12791 1
12791 1
12791 1
12791 1
12791 1
12791 1
12767 1
12767 1
12767 1
12767 1
12767 1
12767 1
12767 1
12767 1
12767 1
12780 1
12780 1
12780 1
12780 1
12780 1
12780 1
12780 1
12780 1
12780 1
12908 1
12908 1
12908 1
12908 1
12908 1
12908 1
12908 1
12908 1
12908 1
12906 1
12906 1
12906 1
12906 1
12906 1
12906 1
12906 1
12906 1
12906 1
12907 1
12907 1
12907 1
12907 1
12907 1
12907 1
12907 1
12907 1
12907 1
12905 1
12905 1
12905 1
12905 1
12905 1
12905 1
12905 1
12905 1
12905 1
13024 1
13024 1
13024 1
13024 1
13024 1
13024 1
13024 1
13024 1
13024 1
13021 1
13021 1
13021 1
13021 1
13021 1
13021 1
13021 1
13021 1
13021 1
13022 1
13022 1
13022 1
13022 1
13022 1
13022 1
13022 1
13022 1
13022 1
13224 1
13224 1
13224 1
13224 1
13224 1
13224 1
13224 1
13224 1
13224 1
13322 1
13322 1
13322 1
13322 1
13322 1
13322 1
13322 1
13322 1
13322 1
13323 1
13323 1
13323 1
13323 1
13323 1
13323 1
13323 1
13323 1
13323 1
13406 1
13406 1
13406 1
13406 1
13406 1
13406 1
13406 1
13406 1
13406 1
13407 1
13407 1
13407 1
13407 1
13407 1
13407 1
13407 1
13407 1
13407 1
13484 1
13484 1
13484 1
13484 1
13484 1
13484 1
13484 1
13484 1
13484 1
13488 1
13488 1
13488 1
13488 1
13488 1
13488 1
13488 1
13488 1
13488 1
14639 1
14639 1
14639 1
14639 1
14639 1
14639 1
14639 1
14639 1
14639 1
