pt_graph cpue_kghour
11350 1.23
11350 0
11350 3
11350 2.51
11350 3.43
11350 2.91
11350 0
11350 0
11350 0
11476 1.23
11476 0
11476 3
11476 2.51
11476 3.43
11476 2.91
11476 0
11476 0
11476 0
11482 1.23
11482 0
11482 3
11482 2.51
11482 3.43
11482 2.91
11482 0
11482 0
11482 0
11612 1.23
11612 0
11612 3
11612 2.51
11612 3.43
11612 2.91
11612 0
11612 0
11612 0
11990 1.23
11990 0
11990 3
11990 2.51
11990 3.43
11990 2.91
11990 0
11990 0
11990 0
12112 1.23
12112 0
12112 3
12112 2.51
12112 3.43
12112 2.91
12112 0
12112 0
12112 0
12236 1.23
12236 0
12236 3
12236 2.51
12236 3.43
12236 2.91
12236 0
12236 0
12236 0
12372 1.23
12372 0
12372 3
12372 2.51
12372 3.43
12372 2.91
12372 0
12372 0
12372 0
12498 1.23
12498 0
12498 3
12498 2.51
12498 3.43
12498 2.91
12498 0
12498 0
12498 0
12499 1.23
12499 0
12499 3
12499 2.51
12499 3.43
12499 2.91
12499 0
12499 0
12499 0
12501 1.23
12501 0
12501 3
12501 2.51
12501 3.43
12501 2.91
12501 0
12501 0
12501 0
12502 1.23
12502 0
12502 3
12502 2.51
12502 3.43
12502 2.91
12502 0
12502 0
12502 0
12512 1.23
12512 0
12512 3
12512 2.51
12512 3.43
12512 2.91
12512 0
12512 0
12512 0
12627 1.23
12627 0
12627 3
12627 2.51
12627 3.43
12627 2.91
12627 0
12627 0
12627 0
12628 1.23
12628 0
12628 3
12628 2.51
12628 3.43
12628 2.91
12628 0
12628 0
12628 0
12629 1.23
12629 0
12629 3
12629 2.51
12629 3.43
12629 2.91
12629 0
12629 0
12629 0
12630 1.23
12630 0
12630 3
12630 2.51
12630 3.43
12630 2.91
12630 0
12630 0
12630 0
12640 1.23
12640 0
12640 3
12640 2.51
12640 3.43
12640 2.91
12640 0
12640 0
12640 0
12747 1.23
12747 0
12747 3
12747 2.51
12747 3.43
12747 2.91
12747 0
12747 0
12747 0
12749 1.23
12749 0
12749 3
12749 2.51
12749 3.43
12749 2.91
12749 0
12749 0
12749 0
12755 1.23
12755 0
12755 3
12755 2.51
12755 3.43
12755 2.91
12755 0
12755 0
12755 0
12758 1.23
12758 0
12758 3
12758 2.51
12758 3.43
12758 2.91
12758 0
12758 0
12758 0
12862 1.23
12862 0
12862 3
12862 2.51
12862 3.43
12862 2.91
12862 0
12862 0
12862 0
12863 1.23
12863 0
12863 3
12863 2.51
12863 3.43
12863 2.91
12863 0
12863 0
12863 0
12864 1.23
12864 0
12864 3
12864 2.51
12864 3.43
12864 2.91
12864 0
12864 0
12864 0
12874 1.23
12874 0
12874 3
12874 2.51
12874 3.43
12874 2.91
12874 0
12874 0
12874 0
12984 1.23
12984 0
12984 3
12984 2.51
12984 3.43
12984 2.91
12984 0
12984 0
12984 0
12985 1.23
12985 0
12985 3
12985 2.51
12985 3.43
12985 2.91
12985 0
12985 0
12985 0
12986 1.23
12986 0
12986 3
12986 2.51
12986 3.43
12986 2.91
12986 0
12986 0
12986 0
13095 1.23
13095 0
13095 3
13095 2.51
13095 3.43
13095 2.91
13095 0
13095 0
13095 0
13098 1.23
13098 0
13098 3
13098 2.51
13098 3.43
13098 2.91
13098 0
13098 0
13098 0
13099 1.23
13099 0
13099 3
13099 2.51
13099 3.43
13099 2.91
13099 0
13099 0
13099 0
13102 1.23
13102 0
13102 3
13102 2.51
13102 3.43
13102 2.91
13102 0
13102 0
13102 0
13103 1.23
13103 0
13103 3
13103 2.51
13103 3.43
13103 2.91
13103 0
13103 0
13103 0
13115 1.23
13115 0
13115 3
13115 2.51
13115 3.43
13115 2.91
13115 0
13115 0
13115 0
13117 1.23
13117 0
13117 3
13117 2.51
13117 3.43
13117 2.91
13117 0
13117 0
13117 0
13199 1.23
13199 0
13199 3
13199 2.51
13199 3.43
13199 2.91
13199 0
13199 0
13199 0
13200 1.23
13200 0
13200 3
13200 2.51
13200 3.43
13200 2.91
13200 0
13200 0
13200 0
13206 1.23
13206 0
13206 3
13206 2.51
13206 3.43
13206 2.91
13206 0
13206 0
13206 0
13207 1.23
13207 0
13207 3
13207 2.51
13207 3.43
13207 2.91
13207 0
13207 0
13207 0
13208 1.23
13208 0
13208 3
13208 2.51
13208 3.43
13208 2.91
13208 0
13208 0
13208 0
13209 1.23
13209 0
13209 3
13209 2.51
13209 3.43
13209 2.91
13209 0
13209 0
13209 0
13221 1.23
13221 0
13221 3
13221 2.51
13221 3.43
13221 2.91
13221 0
13221 0
13221 0
13297 1.23
13297 0
13297 3
13297 2.51
13297 3.43
13297 2.91
13297 0
13297 0
13297 0
13298 1.23
13298 0
13298 3
13298 2.51
13298 3.43
13298 2.91
13298 0
13298 0
13298 0
13299 1.23
13299 0
13299 3
13299 2.51
13299 3.43
13299 2.91
13299 0
13299 0
13299 0
13304 1.23
13304 0
13304 3
13304 2.51
13304 3.43
13304 2.91
13304 0
13304 0
13304 0
13305 1.23
13305 0
13305 3
13305 2.51
13305 3.43
13305 2.91
13305 0
13305 0
13305 0
13314 1.23
13314 0
13314 3
13314 2.51
13314 3.43
13314 2.91
13314 0
13314 0
13314 0
13316 1.23
13316 0
13316 3
13316 2.51
13316 3.43
13316 2.91
13316 0
13316 0
13316 0
13383 1.23
13383 0
13383 3
13383 2.51
13383 3.43
13383 2.91
13383 0
13383 0
13383 0
13384 1.23
13384 0
13384 3
13384 2.51
13384 3.43
13384 2.91
13384 0
13384 0
13384 0
13387 1.23
13387 0
13387 3
13387 2.51
13387 3.43
13387 2.91
13387 0
13387 0
13387 0
13399 1.23
13399 0
13399 3
13399 2.51
13399 3.43
13399 2.91
13399 0
13399 0
13399 0
13400 1.23
13400 0
13400 3
13400 2.51
13400 3.43
13400 2.91
13400 0
13400 0
13400 0
13478 1.23
13478 0
13478 3
13478 2.51
13478 3.43
13478 2.91
13478 0
13478 0
13478 0
13534 1.23
13534 0
13534 3
13534 2.51
13534 3.43
13534 2.91
13534 0
13534 0
13534 0
13536 1.23
13536 0
13536 3
13536 2.51
13536 3.43
13536 2.91
13536 0
13536 0
13536 0
13548 1.23
13548 0
13548 3
13548 2.51
13548 3.43
13548 2.91
13548 0
13548 0
13548 0
13552 1.23
13552 0
13552 3
13552 2.51
13552 3.43
13552 2.91
13552 0
13552 0
13552 0
13553 1.23
13553 0
13553 3
13553 2.51
13553 3.43
13553 2.91
13553 0
13553 0
13553 0
13602 1.23
13602 0
13602 3
13602 2.51
13602 3.43
13602 2.91
13602 0
13602 0
13602 0
13609 1.23
13609 0
13609 3
13609 2.51
13609 3.43
13609 2.91
13609 0
13609 0
13609 0
13610 1.23
13610 0
13610 3
13610 2.51
13610 3.43
13610 2.91
13610 0
13610 0
13610 0
13613 1.23
13613 0
13613 3
13613 2.51
13613 3.43
13613 2.91
13613 0
13613 0
13613 0
13651 1.23
13651 0
13651 3
13651 2.51
13651 3.43
13651 2.91
13651 0
13651 0
13651 0
13709 1.23
13709 0
13709 3
13709 2.51
13709 3.43
13709 2.91
13709 0
13709 0
13709 0
13725 1.23
13725 0
13725 3
13725 2.51
13725 3.43
13725 2.91
13725 0
13725 0
13725 0
13762 1.23
13762 0
13762 3
13762 2.51
13762 3.43
13762 2.91
13762 0
13762 0
13762 0
13764 1.23
13764 0
13764 3
13764 2.51
13764 3.43
13764 2.91
13764 0
13764 0
13764 0
13772 1.23
13772 0
13772 3
13772 2.51
13772 3.43
13772 2.91
13772 0
13772 0
13772 0
13779 1.23
13779 0
13779 3
13779 2.51
13779 3.43
13779 2.91
13779 0
13779 0
13779 0
13780 1.23
13780 0
13780 3
13780 2.51
13780 3.43
13780 2.91
13780 0
13780 0
13780 0
13811 1.23
13811 0
13811 3
13811 2.51
13811 3.43
13811 2.91
13811 0
13811 0
13811 0
13817 1.23
13817 0
13817 3
13817 2.51
13817 3.43
13817 2.91
13817 0
13817 0
13817 0
13819 1.23
13819 0
13819 3
13819 2.51
13819 3.43
13819 2.91
13819 0
13819 0
13819 0
13823 1.23
13823 0
13823 3
13823 2.51
13823 3.43
13823 2.91
13823 0
13823 0
13823 0
13831 1.23
13831 0
13831 3
13831 2.51
13831 3.43
13831 2.91
13831 0
13831 0
13831 0
13832 1.23
13832 0
13832 3
13832 2.51
13832 3.43
13832 2.91
13832 0
13832 0
13832 0
13833 1.23
13833 0
13833 3
13833 2.51
13833 3.43
13833 2.91
13833 0
13833 0
13833 0
13866 1.23
13866 0
13866 3
13866 2.51
13866 3.43
13866 2.91
13866 0
13866 0
13866 0
13874 1.23
13874 0
13874 3
13874 2.51
13874 3.43
13874 2.91
13874 0
13874 0
13874 0
13880 1.23
13880 0
13880 3
13880 2.51
13880 3.43
13880 2.91
13880 0
13880 0
13880 0
13881 1.23
13881 0
13881 3
13881 2.51
13881 3.43
13881 2.91
13881 0
13881 0
13881 0
13888 1.23
13888 0
13888 3
13888 2.51
13888 3.43
13888 2.91
13888 0
13888 0
13888 0
13889 1.23
13889 0
13889 3
13889 2.51
13889 3.43
13889 2.91
13889 0
13889 0
13889 0
13890 1.23
13890 0
13890 3
13890 2.51
13890 3.43
13890 2.91
13890 0
13890 0
13890 0
13928 1.23
13928 0
13928 3
13928 2.51
13928 3.43
13928 2.91
13928 0
13928 0
13928 0
13937 1.23
13937 0
13937 3
13937 2.51
13937 3.43
13937 2.91
13937 0
13937 0
13937 0
13940 1.23
13940 0
13940 3
13940 2.51
13940 3.43
13940 2.91
13940 0
13940 0
13940 0
13943 1.23
13943 0
13943 3
13943 2.51
13943 3.43
13943 2.91
13943 0
13943 0
13943 0
13945 1.23
13945 0
13945 3
13945 2.51
13945 3.43
13945 2.91
13945 0
13945 0
13945 0
13946 1.23
13946 0
13946 3
13946 2.51
13946 3.43
13946 2.91
13946 0
13946 0
13946 0
13947 1.23
13947 0
13947 3
13947 2.51
13947 3.43
13947 2.91
13947 0
13947 0
13947 0
13985 1.23
13985 0
13985 3
13985 2.51
13985 3.43
13985 2.91
13985 0
13985 0
13985 0
13986 1.23
13986 0
13986 3
13986 2.51
13986 3.43
13986 2.91
13986 0
13986 0
13986 0
13987 1.23
13987 0
13987 3
13987 2.51
13987 3.43
13987 2.91
13987 0
13987 0
13987 0
13998 1.23
13998 0
13998 3
13998 2.51
13998 3.43
13998 2.91
13998 0
13998 0
13998 0
14001 1.23
14001 0
14001 3
14001 2.51
14001 3.43
14001 2.91
14001 0
14001 0
14001 0
14002 1.23
14002 0
14002 3
14002 2.51
14002 3.43
14002 2.91
14002 0
14002 0
14002 0
14003 1.23
14003 0
14003 3
14003 2.51
14003 3.43
14003 2.91
14003 0
14003 0
14003 0
14004 1.23
14004 0
14004 3
14004 2.51
14004 3.43
14004 2.91
14004 0
14004 0
14004 0
14033 1.23
14033 0
14033 3
14033 2.51
14033 3.43
14033 2.91
14033 0
14033 0
14033 0
14045 1.23
14045 0
14045 3
14045 2.51
14045 3.43
14045 2.91
14045 0
14045 0
14045 0
14059 1.23
14059 0
14059 3
14059 2.51
14059 3.43
14059 2.91
14059 0
14059 0
14059 0
14090 1.23
14090 0
14090 3
14090 2.51
14090 3.43
14090 2.91
14090 0
14090 0
14090 0
14096 1.23
14096 0
14096 3
14096 2.51
14096 3.43
14096 2.91
14096 0
14096 0
14096 0
14097 1.23
14097 0
14097 3
14097 2.51
14097 3.43
14097 2.91
14097 0
14097 0
14097 0
14107 1.23
14107 0
14107 3
14107 2.51
14107 3.43
14107 2.91
14107 0
14107 0
14107 0
14109 1.23
14109 0
14109 3
14109 2.51
14109 3.43
14109 2.91
14109 0
14109 0
14109 0
14113 1.23
14113 0
14113 3
14113 2.51
14113 3.43
14113 2.91
14113 0
14113 0
14113 0
14145 1.23
14145 0
14145 3
14145 2.51
14145 3.43
14145 2.91
14145 0
14145 0
14145 0
14149 1.23
14149 0
14149 3
14149 2.51
14149 3.43
14149 2.91
14149 0
14149 0
14149 0
14150 1.23
14150 0
14150 3
14150 2.51
14150 3.43
14150 2.91
14150 0
14150 0
14150 0
14152 1.23
14152 0
14152 3
14152 2.51
14152 3.43
14152 2.91
14152 0
14152 0
14152 0
14159 1.23
14159 0
14159 3
14159 2.51
14159 3.43
14159 2.91
14159 0
14159 0
14159 0
14162 1.23
14162 0
14162 3
14162 2.51
14162 3.43
14162 2.91
14162 0
14162 0
14162 0
14163 1.23
14163 0
14163 3
14163 2.51
14163 3.43
14163 2.91
14163 0
14163 0
14163 0
14164 1.23
14164 0
14164 3
14164 2.51
14164 3.43
14164 2.91
14164 0
14164 0
14164 0
14194 1.23
14194 0
14194 3
14194 2.51
14194 3.43
14194 2.91
14194 0
14194 0
14194 0
14209 1.23
14209 0
14209 3
14209 2.51
14209 3.43
14209 2.91
14209 0
14209 0
14209 0
14210 1.23
14210 0
14210 3
14210 2.51
14210 3.43
14210 2.91
14210 0
14210 0
14210 0
14211 1.23
14211 0
14211 3
14211 2.51
14211 3.43
14211 2.91
14211 0
14211 0
14211 0
14212 1.23
14212 0
14212 3
14212 2.51
14212 3.43
14212 2.91
14212 0
14212 0
14212 0
14214 1.23
14214 0
14214 3
14214 2.51
14214 3.43
14214 2.91
14214 0
14214 0
14214 0
14240 1.23
14240 0
14240 3
14240 2.51
14240 3.43
14240 2.91
14240 0
14240 0
14240 0
14241 1.23
14241 0
14241 3
14241 2.51
14241 3.43
14241 2.91
14241 0
14241 0
14241 0
14242 1.23
14242 0
14242 3
14242 2.51
14242 3.43
14242 2.91
14242 0
14242 0
14242 0
14255 1.23
14255 0
14255 3
14255 2.51
14255 3.43
14255 2.91
14255 0
14255 0
14255 0
14256 1.23
14256 0
14256 3
14256 2.51
14256 3.43
14256 2.91
14256 0
14256 0
14256 0
14257 1.23
14257 0
14257 3
14257 2.51
14257 3.43
14257 2.91
14257 0
14257 0
14257 0
14258 1.23
14258 0
14258 3
14258 2.51
14258 3.43
14258 2.91
14258 0
14258 0
14258 0
14261 1.23
14261 0
14261 3
14261 2.51
14261 3.43
14261 2.91
14261 0
14261 0
14261 0
14285 1.23
14285 0
14285 3
14285 2.51
14285 3.43
14285 2.91
14285 0
14285 0
14285 0
14287 1.23
14287 0
14287 3
14287 2.51
14287 3.43
14287 2.91
14287 0
14287 0
14287 0
14288 1.23
14288 0
14288 3
14288 2.51
14288 3.43
14288 2.91
14288 0
14288 0
14288 0
14290 1.23
14290 0
14290 3
14290 2.51
14290 3.43
14290 2.91
14290 0
14290 0
14290 0
14291 1.23
14291 0
14291 3
14291 2.51
14291 3.43
14291 2.91
14291 0
14291 0
14291 0
14292 1.23
14292 0
14292 3
14292 2.51
14292 3.43
14292 2.91
14292 0
14292 0
14292 0
14293 1.23
14293 0
14293 3
14293 2.51
14293 3.43
14293 2.91
14293 0
14293 0
14293 0
14300 1.23
14300 0
14300 3
14300 2.51
14300 3.43
14300 2.91
14300 0
14300 0
14300 0
14301 1.23
14301 0
14301 3
14301 2.51
14301 3.43
14301 2.91
14301 0
14301 0
14301 0
14302 1.23
14302 0
14302 3
14302 2.51
14302 3.43
14302 2.91
14302 0
14302 0
14302 0
14304 1.23
14304 0
14304 3
14304 2.51
14304 3.43
14304 2.91
14304 0
14304 0
14304 0
14305 1.23
14305 0
14305 3
14305 2.51
14305 3.43
14305 2.91
14305 0
14305 0
14305 0
14306 1.23
14306 0
14306 3
14306 2.51
14306 3.43
14306 2.91
14306 0
14306 0
14306 0
14308 1.23
14308 0
14308 3
14308 2.51
14308 3.43
14308 2.91
14308 0
14308 0
14308 0
14331 1.23
14331 0
14331 3
14331 2.51
14331 3.43
14331 2.91
14331 0
14331 0
14331 0
14337 1.23
14337 0
14337 3
14337 2.51
14337 3.43
14337 2.91
14337 0
14337 0
14337 0
14338 1.23
14338 0
14338 3
14338 2.51
14338 3.43
14338 2.91
14338 0
14338 0
14338 0
14343 1.23
14343 0
14343 3
14343 2.51
14343 3.43
14343 2.91
14343 0
14343 0
14343 0
14344 1.23
14344 0
14344 3
14344 2.51
14344 3.43
14344 2.91
14344 0
14344 0
14344 0
14345 1.23
14345 0
14345 3
14345 2.51
14345 3.43
14345 2.91
14345 0
14345 0
14345 0
14349 1.23
14349 0
14349 3
14349 2.51
14349 3.43
14349 2.91
14349 0
14349 0
14349 0
14351 1.23
14351 0
14351 3
14351 2.51
14351 3.43
14351 2.91
14351 0
14351 0
14351 0
14375 1.23
14375 0
14375 3
14375 2.51
14375 3.43
14375 2.91
14375 0
14375 0
14375 0
14380 1.23
14380 0
14380 3
14380 2.51
14380 3.43
14380 2.91
14380 0
14380 0
14380 0
14381 1.23
14381 0
14381 3
14381 2.51
14381 3.43
14381 2.91
14381 0
14381 0
14381 0
14382 1.23
14382 0
14382 3
14382 2.51
14382 3.43
14382 2.91
14382 0
14382 0
14382 0
14384 1.23
14384 0
14384 3
14384 2.51
14384 3.43
14384 2.91
14384 0
14384 0
14384 0
14385 1.23
14385 0
14385 3
14385 2.51
14385 3.43
14385 2.91
14385 0
14385 0
14385 0
14386 1.23
14386 0
14386 3
14386 2.51
14386 3.43
14386 2.91
14386 0
14386 0
14386 0
14388 1.23
14388 0
14388 3
14388 2.51
14388 3.43
14388 2.91
14388 0
14388 0
14388 0
14390 1.23
14390 0
14390 3
14390 2.51
14390 3.43
14390 2.91
14390 0
14390 0
14390 0
14391 1.23
14391 0
14391 3
14391 2.51
14391 3.43
14391 2.91
14391 0
14391 0
14391 0
14392 1.23
14392 0
14392 3
14392 2.51
14392 3.43
14392 2.91
14392 0
14392 0
14392 0
14394 1.23
14394 0
14394 3
14394 2.51
14394 3.43
14394 2.91
14394 0
14394 0
14394 0
14422 1.23
14422 0
14422 3
14422 2.51
14422 3.43
14422 2.91
14422 0
14422 0
14422 0
14423 1.23
14423 0
14423 3
14423 2.51
14423 3.43
14423 2.91
14423 0
14423 0
14423 0
14424 1.23
14424 0
14424 3
14424 2.51
14424 3.43
14424 2.91
14424 0
14424 0
14424 0
14425 1.23
14425 0
14425 3
14425 2.51
14425 3.43
14425 2.91
14425 0
14425 0
14425 0
14426 1.23
14426 0
14426 3
14426 2.51
14426 3.43
14426 2.91
14426 0
14426 0
14426 0
14427 1.23
14427 0
14427 3
14427 2.51
14427 3.43
14427 2.91
14427 0
14427 0
14427 0
14428 1.23
14428 0
14428 3
14428 2.51
14428 3.43
14428 2.91
14428 0
14428 0
14428 0
14430 1.23
14430 0
14430 3
14430 2.51
14430 3.43
14430 2.91
14430 0
14430 0
14430 0
14432 1.23
14432 0
14432 3
14432 2.51
14432 3.43
14432 2.91
14432 0
14432 0
14432 0
14433 1.23
14433 0
14433 3
14433 2.51
14433 3.43
14433 2.91
14433 0
14433 0
14433 0
14435 1.23
14435 0
14435 3
14435 2.51
14435 3.43
14435 2.91
14435 0
14435 0
14435 0
14462 1.23
14462 0
14462 3
14462 2.51
14462 3.43
14462 2.91
14462 0
14462 0
14462 0
14463 1.23
14463 0
14463 3
14463 2.51
14463 3.43
14463 2.91
14463 0
14463 0
14463 0
14464 1.23
14464 0
14464 3
14464 2.51
14464 3.43
14464 2.91
14464 0
14464 0
14464 0
14465 1.23
14465 0
14465 3
14465 2.51
14465 3.43
14465 2.91
14465 0
14465 0
14465 0
14466 1.23
14466 0
14466 3
14466 2.51
14466 3.43
14466 2.91
14466 0
14466 0
14466 0
14468 1.23
14468 0
14468 3
14468 2.51
14468 3.43
14468 2.91
14468 0
14468 0
14468 0
14469 1.23
14469 0
14469 3
14469 2.51
14469 3.43
14469 2.91
14469 0
14469 0
14469 0
14470 1.23
14470 0
14470 3
14470 2.51
14470 3.43
14470 2.91
14470 0
14470 0
14470 0
14494 1.23
14494 0
14494 3
14494 2.51
14494 3.43
14494 2.91
14494 0
14494 0
14494 0
14499 1.23
14499 0
14499 3
14499 2.51
14499 3.43
14499 2.91
14499 0
14499 0
14499 0
14500 1.23
14500 0
14500 3
14500 2.51
14500 3.43
14500 2.91
14500 0
14500 0
14500 0
14501 1.23
14501 0
14501 3
14501 2.51
14501 3.43
14501 2.91
14501 0
14501 0
14501 0
14502 1.23
14502 0
14502 3
14502 2.51
14502 3.43
14502 2.91
14502 0
14502 0
14502 0
14504 1.23
14504 0
14504 3
14504 2.51
14504 3.43
14504 2.91
14504 0
14504 0
14504 0
14506 1.23
14506 0
14506 3
14506 2.51
14506 3.43
14506 2.91
14506 0
14506 0
14506 0
14531 1.23
14531 0
14531 3
14531 2.51
14531 3.43
14531 2.91
14531 0
14531 0
14531 0
14533 1.23
14533 0
14533 3
14533 2.51
14533 3.43
14533 2.91
14533 0
14533 0
14533 0
14534 1.23
14534 0
14534 3
14534 2.51
14534 3.43
14534 2.91
14534 0
14534 0
14534 0
14538 1.23
14538 0
14538 3
14538 2.51
14538 3.43
14538 2.91
14538 0
14538 0
14538 0
14561 1.23
14561 0
14561 3
14561 2.51
14561 3.43
14561 2.91
14561 0
14561 0
14561 0
14564 1.23
14564 0
14564 3
14564 2.51
14564 3.43
14564 2.91
14564 0
14564 0
14564 0
14569 1.23
14569 0
14569 3
14569 2.51
14569 3.43
14569 2.91
14569 0
14569 0
14569 0
14596 1.23
14596 0
14596 3
14596 2.51
14596 3.43
14596 2.91
14596 0
14596 0
14596 0
14598 1.23
14598 0
14598 3
14598 2.51
14598 3.43
14598 2.91
14598 0
14598 0
14598 0
14601 1.23
14601 0
14601 3
14601 2.51
14601 3.43
14601 2.91
14601 0
14601 0
14601 0
14603 1.23
14603 0
14603 3
14603 2.51
14603 3.43
14603 2.91
14603 0
14603 0
14603 0
14629 1.23
14629 0
14629 3
14629 2.51
14629 3.43
14629 2.91
14629 0
14629 0
14629 0
14631 1.23
14631 0
14631 3
14631 2.51
14631 3.43
14631 2.91
14631 0
14631 0
14631 0
14633 1.23
14633 0
14633 3
14633 2.51
14633 3.43
14633 2.91
14633 0
14633 0
14633 0
14634 1.23
14634 0
14634 3
14634 2.51
14634 3.43
14634 2.91
14634 0
14634 0
14634 0
14636 1.23
14636 0
14636 3
14636 2.51
14636 3.43
14636 2.91
14636 0
14636 0
14636 0
14637 1.23
14637 0
14637 3
14637 2.51
14637 3.43
14637 2.91
14637 0
14637 0
14637 0
14660 1.23
14660 0
14660 3
14660 2.51
14660 3.43
14660 2.91
14660 0
14660 0
14660 0
14662 1.23
14662 0
14662 3
14662 2.51
14662 3.43
14662 2.91
14662 0
14662 0
14662 0
14664 1.23
14664 0
14664 3
14664 2.51
14664 3.43
14664 2.91
14664 0
14664 0
14664 0
14665 1.23
14665 0
14665 3
14665 2.51
14665 3.43
14665 2.91
14665 0
14665 0
14665 0
14666 1.23
14666 0
14666 3
14666 2.51
14666 3.43
14666 2.91
14666 0
14666 0
14666 0
14667 1.23
14667 0
14667 3
14667 2.51
14667 3.43
14667 2.91
14667 0
14667 0
14667 0
14669 1.23
14669 0
14669 3
14669 2.51
14669 3.43
14669 2.91
14669 0
14669 0
14669 0
14670 1.23
14670 0
14670 3
14670 2.51
14670 3.43
14670 2.91
14670 0
14670 0
14670 0
14672 1.23
14672 0
14672 3
14672 2.51
14672 3.43
14672 2.91
14672 0
14672 0
14672 0
14695 1.23
14695 0
14695 3
14695 2.51
14695 3.43
14695 2.91
14695 0
14695 0
14695 0
14698 1.23
14698 0
14698 3
14698 2.51
14698 3.43
14698 2.91
14698 0
14698 0
14698 0
14699 1.23
14699 0
14699 3
14699 2.51
14699 3.43
14699 2.91
14699 0
14699 0
14699 0
14704 1.23
14704 0
14704 3
14704 2.51
14704 3.43
14704 2.91
14704 0
14704 0
14704 0
14705 1.23
14705 0
14705 3
14705 2.51
14705 3.43
14705 2.91
14705 0
14705 0
14705 0
14729 1.23
14729 0
14729 3
14729 2.51
14729 3.43
14729 2.91
14729 0
14729 0
14729 0
14730 1.23
14730 0
14730 3
14730 2.51
14730 3.43
14730 2.91
14730 0
14730 0
14730 0
14731 1.23
14731 0
14731 3
14731 2.51
14731 3.43
14731 2.91
14731 0
14731 0
14731 0
14732 1.23
14732 0
14732 3
14732 2.51
14732 3.43
14732 2.91
14732 0
14732 0
14732 0
14733 1.23
14733 0
14733 3
14733 2.51
14733 3.43
14733 2.91
14733 0
14733 0
14733 0
14735 1.23
14735 0
14735 3
14735 2.51
14735 3.43
14735 2.91
14735 0
14735 0
14735 0
14736 1.23
14736 0
14736 3
14736 2.51
14736 3.43
14736 2.91
14736 0
14736 0
14736 0
14759 1.23
14759 0
14759 3
14759 2.51
14759 3.43
14759 2.91
14759 0
14759 0
14759 0
14762 1.23
14762 0
14762 3
14762 2.51
14762 3.43
14762 2.91
14762 0
14762 0
14762 0
14763 1.23
14763 0
14763 3
14763 2.51
14763 3.43
14763 2.91
14763 0
14763 0
14763 0
14764 1.23
14764 0
14764 3
14764 2.51
14764 3.43
14764 2.91
14764 0
14764 0
14764 0
14765 1.23
14765 0
14765 3
14765 2.51
14765 3.43
14765 2.91
14765 0
14765 0
14765 0
14766 1.23
14766 0
14766 3
14766 2.51
14766 3.43
14766 2.91
14766 0
14766 0
14766 0
14794 1.23
14794 0
14794 3
14794 2.51
14794 3.43
14794 2.91
14794 0
14794 0
14794 0
14795 1.23
14795 0
14795 3
14795 2.51
14795 3.43
14795 2.91
14795 0
14795 0
14795 0
14796 1.23
14796 0
14796 3
14796 2.51
14796 3.43
14796 2.91
14796 0
14796 0
14796 0
14797 1.23
14797 0
14797 3
14797 2.51
14797 3.43
14797 2.91
14797 0
14797 0
14797 0
14825 1.23
14825 0
14825 3
14825 2.51
14825 3.43
14825 2.91
14825 0
14825 0
14825 0
14826 1.23
14826 0
14826 3
14826 2.51
14826 3.43
14826 2.91
14826 0
14826 0
14826 0
14827 1.23
14827 0
14827 3
14827 2.51
14827 3.43
14827 2.91
14827 0
14827 0
14827 0
14857 1.23
14857 0
14857 3
14857 2.51
14857 3.43
14857 2.91
14857 0
14857 0
14857 0
14883 1.23
14883 0
14883 3
14883 2.51
14883 3.43
14883 2.91
14883 0
14883 0
14883 0
14884 1.23
14884 0
14884 3
14884 2.51
14884 3.43
14884 2.91
14884 0
14884 0
14884 0
14909 1.23
14909 0
14909 3
14909 2.51
14909 3.43
14909 2.91
14909 0
14909 0
14909 0
14912 1.23
14912 0
14912 3
14912 2.51
14912 3.43
14912 2.91
14912 0
14912 0
14912 0
14940 1.23
14940 0
14940 3
14940 2.51
14940 3.43
14940 2.91
14940 0
14940 0
14940 0
