pt_graph cpue_kghour
8508 1.09
8508 3.9
8508 5.65
8508 2.56
8508 2.62
8508 2.8
8508 0
8508 1.51
8508 0
8509 1.09
8509 3.9
8509 5.65
8509 2.56
8509 2.62
8509 2.8
8509 0
8509 1.51
8509 0
8559 1.09
8559 3.9
8559 5.65
8559 2.56
8559 2.62
8559 2.8
8559 0
8559 1.51
8559 0
8560 1.09
8560 3.9
8560 5.65
8560 2.56
8560 2.62
8560 2.8
8560 0
8560 1.51
8560 0
8561 1.09
8561 3.9
8561 5.65
8561 2.56
8561 2.62
8561 2.8
8561 0
8561 1.51
8561 0
8610 1.09
8610 3.9
8610 5.65
8610 2.56
8610 2.62
8610 2.8
8610 0
8610 1.51
8610 0
8612 1.09
8612 3.9
8612 5.65
8612 2.56
8612 2.62
8612 2.8
8612 0
8612 1.51
8612 0
8656 1.09
8656 3.9
8656 5.65
8656 2.56
8656 2.62
8656 2.8
8656 0
8656 1.51
8656 0
8657 1.09
8657 3.9
8657 5.65
8657 2.56
8657 2.62
8657 2.8
8657 0
8657 1.51
8657 0
8699 1.09
8699 3.9
8699 5.65
8699 2.56
8699 2.62
8699 2.8
8699 0
8699 1.51
8699 0
8700 1.09
8700 3.9
8700 5.65
8700 2.56
8700 2.62
8700 2.8
8700 0
8700 1.51
8700 0
8701 1.09
8701 3.9
8701 5.65
8701 2.56
8701 2.62
8701 2.8
8701 0
8701 1.51
8701 0
8710 1.09
8710 3.9
8710 5.65
8710 2.56
8710 2.62
8710 2.8
8710 0
8710 1.51
8710 0
8711 1.09
8711 3.9
8711 5.65
8711 2.56
8711 2.62
8711 2.8
8711 0
8711 1.51
8711 0
8743 1.09
8743 3.9
8743 5.65
8743 2.56
8743 2.62
8743 2.8
8743 0
8743 1.51
8743 0
8744 1.09
8744 3.9
8744 5.65
8744 2.56
8744 2.62
8744 2.8
8744 0
8744 1.51
8744 0
8745 1.09
8745 3.9
8745 5.65
8745 2.56
8745 2.62
8745 2.8
8745 0
8745 1.51
8745 0
8746 1.09
8746 3.9
8746 5.65
8746 2.56
8746 2.62
8746 2.8
8746 0
8746 1.51
8746 0
8755 1.09
8755 3.9
8755 5.65
8755 2.56
8755 2.62
8755 2.8
8755 0
8755 1.51
8755 0
8756 1.09
8756 3.9
8756 5.65
8756 2.56
8756 2.62
8756 2.8
8756 0
8756 1.51
8756 0
8789 1.09
8789 3.9
8789 5.65
8789 2.56
8789 2.62
8789 2.8
8789 0
8789 1.51
8789 0
8790 1.09
8790 3.9
8790 5.65
8790 2.56
8790 2.62
8790 2.8
8790 0
8790 1.51
8790 0
8791 1.09
8791 3.9
8791 5.65
8791 2.56
8791 2.62
8791 2.8
8791 0
8791 1.51
8791 0
8835 1.09
8835 3.9
8835 5.65
8835 2.56
8835 2.62
8835 2.8
8835 0
8835 1.51
8835 0
8836 1.09
8836 3.9
8836 5.65
8836 2.56
8836 2.62
8836 2.8
8836 0
8836 1.51
8836 0
8842 1.09
8842 3.9
8842 5.65
8842 2.56
8842 2.62
8842 2.8
8842 0
8842 1.51
8842 0
8843 1.09
8843 3.9
8843 5.65
8843 2.56
8843 2.62
8843 2.8
8843 0
8843 1.51
8843 0
8881 1.09
8881 3.9
8881 5.65
8881 2.56
8881 2.62
8881 2.8
8881 0
8881 1.51
8881 0
8882 1.09
8882 3.9
8882 5.65
8882 2.56
8882 2.62
8882 2.8
8882 0
8882 1.51
8882 0
8886 1.09
8886 3.9
8886 5.65
8886 2.56
8886 2.62
8886 2.8
8886 0
8886 1.51
8886 0
8925 1.09
8925 3.9
8925 5.65
8925 2.56
8925 2.62
8925 2.8
8925 0
8925 1.51
8925 0
8926 1.09
8926 3.9
8926 5.65
8926 2.56
8926 2.62
8926 2.8
8926 0
8926 1.51
8926 0
8928 1.09
8928 3.9
8928 5.65
8928 2.56
8928 2.62
8928 2.8
8928 0
8928 1.51
8928 0
8964 1.09
8964 3.9
8964 5.65
8964 2.56
8964 2.62
8964 2.8
8964 0
8964 1.51
8964 0
8965 1.09
8965 3.9
8965 5.65
8965 2.56
8965 2.62
8965 2.8
8965 0
8965 1.51
8965 0
8968 1.09
8968 3.9
8968 5.65
8968 2.56
8968 2.62
8968 2.8
8968 0
8968 1.51
8968 0
9007 1.09
9007 3.9
9007 5.65
9007 2.56
9007 2.62
9007 2.8
9007 0
9007 1.51
9007 0
9069 1.09
9069 3.9
9069 5.65
9069 2.56
9069 2.62
9069 2.8
9069 0
9069 1.51
9069 0
9129 1.09
9129 3.9
9129 5.65
9129 2.56
9129 2.62
9129 2.8
9129 0
9129 1.51
9129 0
9130 1.09
9130 3.9
9130 5.65
9130 2.56
9130 2.62
9130 2.8
9130 0
9130 1.51
9130 0
9150 1.09
9150 3.9
9150 5.65
9150 2.56
9150 2.62
9150 2.8
9150 0
9150 1.51
9150 0
9162 1.09
9162 3.9
9162 5.65
9162 2.56
9162 2.62
9162 2.8
9162 0
9162 1.51
9162 0
9163 1.09
9163 3.9
9163 5.65
9163 2.56
9163 2.62
9163 2.8
9163 0
9163 1.51
9163 0
9168 1.09
9168 3.9
9168 5.65
9168 2.56
9168 2.62
9168 2.8
9168 0
9168 1.51
9168 0
9171 1.09
9171 3.9
9171 5.65
9171 2.56
9171 2.62
9171 2.8
9171 0
9171 1.51
9171 0
9172 1.09
9172 3.9
9172 5.65
9172 2.56
9172 2.62
9172 2.8
9172 0
9172 1.51
9172 0
9173 1.09
9173 3.9
9173 5.65
9173 2.56
9173 2.62
9173 2.8
9173 0
9173 1.51
9173 0
9174 1.09
9174 3.9
9174 5.65
9174 2.56
9174 2.62
9174 2.8
9174 0
9174 1.51
9174 0
9192 1.09
9192 3.9
9192 5.65
9192 2.56
9192 2.62
9192 2.8
9192 0
9192 1.51
9192 0
9210 1.09
9210 3.9
9210 5.65
9210 2.56
9210 2.62
9210 2.8
9210 0
9210 1.51
9210 0
9214 1.09
9214 3.9
9214 5.65
9214 2.56
9214 2.62
9214 2.8
9214 0
9214 1.51
9214 0
9216 1.09
9216 3.9
9216 5.65
9216 2.56
9216 2.62
9216 2.8
9216 0
9216 1.51
9216 0
9217 1.09
9217 3.9
9217 5.65
9217 2.56
9217 2.62
9217 2.8
9217 0
9217 1.51
9217 0
9236 1.09
9236 3.9
9236 5.65
9236 2.56
9236 2.62
9236 2.8
9236 0
9236 1.51
9236 0
9259 1.09
9259 3.9
9259 5.65
9259 2.56
9259 2.62
9259 2.8
9259 0
9259 1.51
9259 0
9260 1.09
9260 3.9
9260 5.65
9260 2.56
9260 2.62
9260 2.8
9260 0
9260 1.51
9260 0
9261 1.09
9261 3.9
9261 5.65
9261 2.56
9261 2.62
9261 2.8
9261 0
9261 1.51
9261 0
9308 1.09
9308 3.9
9308 5.65
9308 2.56
9308 2.62
9308 2.8
9308 0
9308 1.51
9308 0
9309 1.09
9309 3.9
9309 5.65
9309 2.56
9309 2.62
9309 2.8
9309 0
9309 1.51
9309 0
9310 1.09
9310 3.9
9310 5.65
9310 2.56
9310 2.62
9310 2.8
9310 0
9310 1.51
9310 0
9331 1.09
9331 3.9
9331 5.65
9331 2.56
9331 2.62
9331 2.8
9331 0
9331 1.51
9331 0
9332 1.09
9332 3.9
9332 5.65
9332 2.56
9332 2.62
9332 2.8
9332 0
9332 1.51
9332 0
9357 1.09
9357 3.9
9357 5.65
9357 2.56
9357 2.62
9357 2.8
9357 0
9357 1.51
9357 0
9359 1.09
9359 3.9
9359 5.65
9359 2.56
9359 2.62
9359 2.8
9359 0
9359 1.51
9359 0
9360 1.09
9360 3.9
9360 5.65
9360 2.56
9360 2.62
9360 2.8
9360 0
9360 1.51
9360 0
9361 1.09
9361 3.9
9361 5.65
9361 2.56
9361 2.62
9361 2.8
9361 0
9361 1.51
9361 0
9362 1.09
9362 3.9
9362 5.65
9362 2.56
9362 2.62
9362 2.8
9362 0
9362 1.51
9362 0
9385 1.09
9385 3.9
9385 5.65
9385 2.56
9385 2.62
9385 2.8
9385 0
9385 1.51
9385 0
9411 1.09
9411 3.9
9411 5.65
9411 2.56
9411 2.62
9411 2.8
9411 0
9411 1.51
9411 0
9412 1.09
9412 3.9
9412 5.65
9412 2.56
9412 2.62
9412 2.8
9412 0
9412 1.51
9412 0
9413 1.09
9413 3.9
9413 5.65
9413 2.56
9413 2.62
9413 2.8
9413 0
9413 1.51
9413 0
9414 1.09
9414 3.9
9414 5.65
9414 2.56
9414 2.62
9414 2.8
9414 0
9414 1.51
9414 0
9415 1.09
9415 3.9
9415 5.65
9415 2.56
9415 2.62
9415 2.8
9415 0
9415 1.51
9415 0
9416 1.09
9416 3.9
9416 5.65
9416 2.56
9416 2.62
9416 2.8
9416 0
9416 1.51
9416 0
9419 1.09
9419 3.9
9419 5.65
9419 2.56
9419 2.62
9419 2.8
9419 0
9419 1.51
9419 0
19523 1.09
19523 3.9
19523 5.65
19523 2.56
19523 2.62
19523 2.8
19523 0
19523 1.51
19523 0
9439 1.09
9439 3.9
9439 5.65
9439 2.56
9439 2.62
9439 2.8
9439 0
9439 1.51
9439 0
9440 1.09
9440 3.9
9440 5.65
9440 2.56
9440 2.62
9440 2.8
9440 0
9440 1.51
9440 0
9455 1.09
9455 3.9
9455 5.65
9455 2.56
9455 2.62
9455 2.8
9455 0
9455 1.51
9455 0
9456 1.09
9456 3.9
9456 5.65
9456 2.56
9456 2.62
9456 2.8
9456 0
9456 1.51
9456 0
9468 1.09
9468 3.9
9468 5.65
9468 2.56
9468 2.62
9468 2.8
9468 0
9468 1.51
9468 0
9469 1.09
9469 3.9
9469 5.65
9469 2.56
9469 2.62
9469 2.8
9469 0
9469 1.51
9469 0
9470 1.09
9470 3.9
9470 5.65
9470 2.56
9470 2.62
9470 2.8
9470 0
9470 1.51
9470 0
9472 1.09
9472 3.9
9472 5.65
9472 2.56
9472 2.62
9472 2.8
9472 0
9472 1.51
9472 0
9473 1.09
9473 3.9
9473 5.65
9473 2.56
9473 2.62
9473 2.8
9473 0
9473 1.51
9473 0
9477 1.09
9477 3.9
9477 5.65
9477 2.56
9477 2.62
9477 2.8
9477 0
9477 1.51
9477 0
9501 1.09
9501 3.9
9501 5.65
9501 2.56
9501 2.62
9501 2.8
9501 0
9501 1.51
9501 0
9516 1.09
9516 3.9
9516 5.65
9516 2.56
9516 2.62
9516 2.8
9516 0
9516 1.51
9516 0
9530 1.09
9530 3.9
9530 5.65
9530 2.56
9530 2.62
9530 2.8
9530 0
9530 1.51
9530 0
9532 1.09
9532 3.9
9532 5.65
9532 2.56
9532 2.62
9532 2.8
9532 0
9532 1.51
9532 0
9534 1.09
9534 3.9
9534 5.65
9534 2.56
9534 2.62
9534 2.8
9534 0
9534 1.51
9534 0
9535 1.09
9535 3.9
9535 5.65
9535 2.56
9535 2.62
9535 2.8
9535 0
9535 1.51
9535 0
9536 1.09
9536 3.9
9536 5.65
9536 2.56
9536 2.62
9536 2.8
9536 0
9536 1.51
9536 0
9585 1.09
9585 3.9
9585 5.65
9585 2.56
9585 2.62
9585 2.8
9585 0
9585 1.51
9585 0
9600 1.09
9600 3.9
9600 5.65
9600 2.56
9600 2.62
9600 2.8
9600 0
9600 1.51
9600 0
9601 1.09
9601 3.9
9601 5.65
9601 2.56
9601 2.62
9601 2.8
9601 0
9601 1.51
9601 0
9602 1.09
9602 3.9
9602 5.65
9602 2.56
9602 2.62
9602 2.8
9602 0
9602 1.51
9602 0
9603 1.09
9603 3.9
9603 5.65
9603 2.56
9603 2.62
9603 2.8
9603 0
9603 1.51
9603 0
9605 1.09
9605 3.9
9605 5.65
9605 2.56
9605 2.62
9605 2.8
9605 0
9605 1.51
9605 0
9606 1.09
9606 3.9
9606 5.65
9606 2.56
9606 2.62
9606 2.8
9606 0
9606 1.51
9606 0
9607 1.09
9607 3.9
9607 5.65
9607 2.56
9607 2.62
9607 2.8
9607 0
9607 1.51
9607 0
9643 1.09
9643 3.9
9643 5.65
9643 2.56
9643 2.62
9643 2.8
9643 0
9643 1.51
9643 0
9674 1.09
9674 3.9
9674 5.65
9674 2.56
9674 2.62
9674 2.8
9674 0
9674 1.51
9674 0
9676 1.09
9676 3.9
9676 5.65
9676 2.56
9676 2.62
9676 2.8
9676 0
9676 1.51
9676 0
9677 1.09
9677 3.9
9677 5.65
9677 2.56
9677 2.62
9677 2.8
9677 0
9677 1.51
9677 0
9678 1.09
9678 3.9
9678 5.65
9678 2.56
9678 2.62
9678 2.8
9678 0
9678 1.51
9678 0
9680 1.09
9680 3.9
9680 5.65
9680 2.56
9680 2.62
9680 2.8
9680 0
9680 1.51
9680 0
9681 1.09
9681 3.9
9681 5.65
9681 2.56
9681 2.62
9681 2.8
9681 0
9681 1.51
9681 0
9682 1.09
9682 3.9
9682 5.65
9682 2.56
9682 2.62
9682 2.8
9682 0
9682 1.51
9682 0
9683 1.09
9683 3.9
9683 5.65
9683 2.56
9683 2.62
9683 2.8
9683 0
9683 1.51
9683 0
9684 1.09
9684 3.9
9684 5.65
9684 2.56
9684 2.62
9684 2.8
9684 0
9684 1.51
9684 0
9685 1.09
9685 3.9
9685 5.65
9685 2.56
9685 2.62
9685 2.8
9685 0
9685 1.51
9685 0
9686 1.09
9686 3.9
9686 5.65
9686 2.56
9686 2.62
9686 2.8
9686 0
9686 1.51
9686 0
9720 1.09
9720 3.9
9720 5.65
9720 2.56
9720 2.62
9720 2.8
9720 0
9720 1.51
9720 0
9721 1.09
9721 3.9
9721 5.65
9721 2.56
9721 2.62
9721 2.8
9721 0
9721 1.51
9721 0
9730 1.09
9730 3.9
9730 5.65
9730 2.56
9730 2.62
9730 2.8
9730 0
9730 1.51
9730 0
9746 1.09
9746 3.9
9746 5.65
9746 2.56
9746 2.62
9746 2.8
9746 0
9746 1.51
9746 0
9747 1.09
9747 3.9
9747 5.65
9747 2.56
9747 2.62
9747 2.8
9747 0
9747 1.51
9747 0
9751 1.09
9751 3.9
9751 5.65
9751 2.56
9751 2.62
9751 2.8
9751 0
9751 1.51
9751 0
9753 1.09
9753 3.9
9753 5.65
9753 2.56
9753 2.62
9753 2.8
9753 0
9753 1.51
9753 0
9754 1.09
9754 3.9
9754 5.65
9754 2.56
9754 2.62
9754 2.8
9754 0
9754 1.51
9754 0
9757 1.09
9757 3.9
9757 5.65
9757 2.56
9757 2.62
9757 2.8
9757 0
9757 1.51
9757 0
9758 1.09
9758 3.9
9758 5.65
9758 2.56
9758 2.62
9758 2.8
9758 0
9758 1.51
9758 0
9759 1.09
9759 3.9
9759 5.65
9759 2.56
9759 2.62
9759 2.8
9759 0
9759 1.51
9759 0
9760 1.09
9760 3.9
9760 5.65
9760 2.56
9760 2.62
9760 2.8
9760 0
9760 1.51
9760 0
9761 1.09
9761 3.9
9761 5.65
9761 2.56
9761 2.62
9761 2.8
9761 0
9761 1.51
9761 0
9762 1.09
9762 3.9
9762 5.65
9762 2.56
9762 2.62
9762 2.8
9762 0
9762 1.51
9762 0
9763 1.09
9763 3.9
9763 5.65
9763 2.56
9763 2.62
9763 2.8
9763 0
9763 1.51
9763 0
9831 1.09
9831 3.9
9831 5.65
9831 2.56
9831 2.62
9831 2.8
9831 0
9831 1.51
9831 0
9833 1.09
9833 3.9
9833 5.65
9833 2.56
9833 2.62
9833 2.8
9833 0
9833 1.51
9833 0
9834 1.09
9834 3.9
9834 5.65
9834 2.56
9834 2.62
9834 2.8
9834 0
9834 1.51
9834 0
9835 1.09
9835 3.9
9835 5.65
9835 2.56
9835 2.62
9835 2.8
9835 0
9835 1.51
9835 0
9836 1.09
9836 3.9
9836 5.65
9836 2.56
9836 2.62
9836 2.8
9836 0
9836 1.51
9836 0
9838 1.09
9838 3.9
9838 5.65
9838 2.56
9838 2.62
9838 2.8
9838 0
9838 1.51
9838 0
9839 1.09
9839 3.9
9839 5.65
9839 2.56
9839 2.62
9839 2.8
9839 0
9839 1.51
9839 0
9841 1.09
9841 3.9
9841 5.65
9841 2.56
9841 2.62
9841 2.8
9841 0
9841 1.51
9841 0
9842 1.09
9842 3.9
9842 5.65
9842 2.56
9842 2.62
9842 2.8
9842 0
9842 1.51
9842 0
9843 1.09
9843 3.9
9843 5.65
9843 2.56
9843 2.62
9843 2.8
9843 0
9843 1.51
9843 0
9844 1.09
9844 3.9
9844 5.65
9844 2.56
9844 2.62
9844 2.8
9844 0
9844 1.51
9844 0
9846 1.09
9846 3.9
9846 5.65
9846 2.56
9846 2.62
9846 2.8
9846 0
9846 1.51
9846 0
9890 1.09
9890 3.9
9890 5.65
9890 2.56
9890 2.62
9890 2.8
9890 0
9890 1.51
9890 0
9901 1.09
9901 3.9
9901 5.65
9901 2.56
9901 2.62
9901 2.8
9901 0
9901 1.51
9901 0
9909 1.09
9909 3.9
9909 5.65
9909 2.56
9909 2.62
9909 2.8
9909 0
9909 1.51
9909 0
9911 1.09
9911 3.9
9911 5.65
9911 2.56
9911 2.62
9911 2.8
9911 0
9911 1.51
9911 0
9913 1.09
9913 3.9
9913 5.65
9913 2.56
9913 2.62
9913 2.8
9913 0
9913 1.51
9913 0
9917 1.09
9917 3.9
9917 5.65
9917 2.56
9917 2.62
9917 2.8
9917 0
9917 1.51
9917 0
9919 1.09
9919 3.9
9919 5.65
9919 2.56
9919 2.62
9919 2.8
9919 0
9919 1.51
9919 0
9920 1.09
9920 3.9
9920 5.65
9920 2.56
9920 2.62
9920 2.8
9920 0
9920 1.51
9920 0
9922 1.09
9922 3.9
9922 5.65
9922 2.56
9922 2.62
9922 2.8
9922 0
9922 1.51
9922 0
9923 1.09
9923 3.9
9923 5.65
9923 2.56
9923 2.62
9923 2.8
9923 0
9923 1.51
9923 0
9924 1.09
9924 3.9
9924 5.65
9924 2.56
9924 2.62
9924 2.8
9924 0
9924 1.51
9924 0
9925 1.09
9925 3.9
9925 5.65
9925 2.56
9925 2.62
9925 2.8
9925 0
9925 1.51
9925 0
9926 1.09
9926 3.9
9926 5.65
9926 2.56
9926 2.62
9926 2.8
9926 0
9926 1.51
9926 0
9927 1.09
9927 3.9
9927 5.65
9927 2.56
9927 2.62
9927 2.8
9927 0
9927 1.51
9927 0
9928 1.09
9928 3.9
9928 5.65
9928 2.56
9928 2.62
9928 2.8
9928 0
9928 1.51
9928 0
9997 1.09
9997 3.9
9997 5.65
9997 2.56
9997 2.62
9997 2.8
9997 0
9997 1.51
9997 0
9998 1.09
9998 3.9
9998 5.65
9998 2.56
9998 2.62
9998 2.8
9998 0
9998 1.51
9998 0
9999 1.09
9999 3.9
9999 5.65
9999 2.56
9999 2.62
9999 2.8
9999 0
9999 1.51
9999 0
10001 1.09
10001 3.9
10001 5.65
10001 2.56
10001 2.62
10001 2.8
10001 0
10001 1.51
10001 0
10002 1.09
10002 3.9
10002 5.65
10002 2.56
10002 2.62
10002 2.8
10002 0
10002 1.51
10002 0
10003 1.09
10003 3.9
10003 5.65
10003 2.56
10003 2.62
10003 2.8
10003 0
10003 1.51
10003 0
10004 1.09
10004 3.9
10004 5.65
10004 2.56
10004 2.62
10004 2.8
10004 0
10004 1.51
10004 0
10006 1.09
10006 3.9
10006 5.65
10006 2.56
10006 2.62
10006 2.8
10006 0
10006 1.51
10006 0
10007 1.09
10007 3.9
10007 5.65
10007 2.56
10007 2.62
10007 2.8
10007 0
10007 1.51
10007 0
10008 1.09
10008 3.9
10008 5.65
10008 2.56
10008 2.62
10008 2.8
10008 0
10008 1.51
10008 0
10009 1.09
10009 3.9
10009 5.65
10009 2.56
10009 2.62
10009 2.8
10009 0
10009 1.51
10009 0
10051 1.09
10051 3.9
10051 5.65
10051 2.56
10051 2.62
10051 2.8
10051 0
10051 1.51
10051 0
10070 1.09
10070 3.9
10070 5.65
10070 2.56
10070 2.62
10070 2.8
10070 0
10070 1.51
10070 0
10072 1.09
10072 3.9
10072 5.65
10072 2.56
10072 2.62
10072 2.8
10072 0
10072 1.51
10072 0
10075 1.09
10075 3.9
10075 5.65
10075 2.56
10075 2.62
10075 2.8
10075 0
10075 1.51
10075 0
10076 1.09
10076 3.9
10076 5.65
10076 2.56
10076 2.62
10076 2.8
10076 0
10076 1.51
10076 0
10081 1.09
10081 3.9
10081 5.65
10081 2.56
10081 2.62
10081 2.8
10081 0
10081 1.51
10081 0
10082 1.09
10082 3.9
10082 5.65
10082 2.56
10082 2.62
10082 2.8
10082 0
10082 1.51
10082 0
10084 1.09
10084 3.9
10084 5.65
10084 2.56
10084 2.62
10084 2.8
10084 0
10084 1.51
10084 0
10085 1.09
10085 3.9
10085 5.65
10085 2.56
10085 2.62
10085 2.8
10085 0
10085 1.51
10085 0
10086 1.09
10086 3.9
10086 5.65
10086 2.56
10086 2.62
10086 2.8
10086 0
10086 1.51
10086 0
10087 1.09
10087 3.9
10087 5.65
10087 2.56
10087 2.62
10087 2.8
10087 0
10087 1.51
10087 0
10089 1.09
10089 3.9
10089 5.65
10089 2.56
10089 2.62
10089 2.8
10089 0
10089 1.51
10089 0
10090 1.09
10090 3.9
10090 5.65
10090 2.56
10090 2.62
10090 2.8
10090 0
10090 1.51
10090 0
10091 1.09
10091 3.9
10091 5.65
10091 2.56
10091 2.62
10091 2.8
10091 0
10091 1.51
10091 0
10092 1.09
10092 3.9
10092 5.65
10092 2.56
10092 2.62
10092 2.8
10092 0
10092 1.51
10092 0
10154 1.09
10154 3.9
10154 5.65
10154 2.56
10154 2.62
10154 2.8
10154 0
10154 1.51
10154 0
10155 1.09
10155 3.9
10155 5.65
10155 2.56
10155 2.62
10155 2.8
10155 0
10155 1.51
10155 0
10156 1.09
10156 3.9
10156 5.65
10156 2.56
10156 2.62
10156 2.8
10156 0
10156 1.51
10156 0
10157 1.09
10157 3.9
10157 5.65
10157 2.56
10157 2.62
10157 2.8
10157 0
10157 1.51
10157 0
10159 1.09
10159 3.9
10159 5.65
10159 2.56
10159 2.62
10159 2.8
10159 0
10159 1.51
10159 0
10163 1.09
10163 3.9
10163 5.65
10163 2.56
10163 2.62
10163 2.8
10163 0
10163 1.51
10163 0
10164 1.09
10164 3.9
10164 5.65
10164 2.56
10164 2.62
10164 2.8
10164 0
10164 1.51
10164 0
10165 1.09
10165 3.9
10165 5.65
10165 2.56
10165 2.62
10165 2.8
10165 0
10165 1.51
10165 0
10166 1.09
10166 3.9
10166 5.65
10166 2.56
10166 2.62
10166 2.8
10166 0
10166 1.51
10166 0
10167 1.09
10167 3.9
10167 5.65
10167 2.56
10167 2.62
10167 2.8
10167 0
10167 1.51
10167 0
10169 1.09
10169 3.9
10169 5.65
10169 2.56
10169 2.62
10169 2.8
10169 0
10169 1.51
10169 0
10170 1.09
10170 3.9
10170 5.65
10170 2.56
10170 2.62
10170 2.8
10170 0
10170 1.51
10170 0
10171 1.09
10171 3.9
10171 5.65
10171 2.56
10171 2.62
10171 2.8
10171 0
10171 1.51
10171 0
10172 1.09
10172 3.9
10172 5.65
10172 2.56
10172 2.62
10172 2.8
10172 0
10172 1.51
10172 0
10173 1.09
10173 3.9
10173 5.65
10173 2.56
10173 2.62
10173 2.8
10173 0
10173 1.51
10173 0
10175 1.09
10175 3.9
10175 5.65
10175 2.56
10175 2.62
10175 2.8
10175 0
10175 1.51
10175 0
10237 1.09
10237 3.9
10237 5.65
10237 2.56
10237 2.62
10237 2.8
10237 0
10237 1.51
10237 0
10238 1.09
10238 3.9
10238 5.65
10238 2.56
10238 2.62
10238 2.8
10238 0
10238 1.51
10238 0
10239 1.09
10239 3.9
10239 5.65
10239 2.56
10239 2.62
10239 2.8
10239 0
10239 1.51
10239 0
10245 1.09
10245 3.9
10245 5.65
10245 2.56
10245 2.62
10245 2.8
10245 0
10245 1.51
10245 0
10248 1.09
10248 3.9
10248 5.65
10248 2.56
10248 2.62
10248 2.8
10248 0
10248 1.51
10248 0
10250 1.09
10250 3.9
10250 5.65
10250 2.56
10250 2.62
10250 2.8
10250 0
10250 1.51
10250 0
10252 1.09
10252 3.9
10252 5.65
10252 2.56
10252 2.62
10252 2.8
10252 0
10252 1.51
10252 0
10253 1.09
10253 3.9
10253 5.65
10253 2.56
10253 2.62
10253 2.8
10253 0
10253 1.51
10253 0
10254 1.09
10254 3.9
10254 5.65
10254 2.56
10254 2.62
10254 2.8
10254 0
10254 1.51
10254 0
10255 1.09
10255 3.9
10255 5.65
10255 2.56
10255 2.62
10255 2.8
10255 0
10255 1.51
10255 0
10256 1.09
10256 3.9
10256 5.65
10256 2.56
10256 2.62
10256 2.8
10256 0
10256 1.51
10256 0
10257 1.09
10257 3.9
10257 5.65
10257 2.56
10257 2.62
10257 2.8
10257 0
10257 1.51
10257 0
10258 1.09
10258 3.9
10258 5.65
10258 2.56
10258 2.62
10258 2.8
10258 0
10258 1.51
10258 0
10319 1.09
10319 3.9
10319 5.65
10319 2.56
10319 2.62
10319 2.8
10319 0
10319 1.51
10319 0
10320 1.09
10320 3.9
10320 5.65
10320 2.56
10320 2.62
10320 2.8
10320 0
10320 1.51
10320 0
10323 1.09
10323 3.9
10323 5.65
10323 2.56
10323 2.62
10323 2.8
10323 0
10323 1.51
10323 0
10324 1.09
10324 3.9
10324 5.65
10324 2.56
10324 2.62
10324 2.8
10324 0
10324 1.51
10324 0
10326 1.09
10326 3.9
10326 5.65
10326 2.56
10326 2.62
10326 2.8
10326 0
10326 1.51
10326 0
10327 1.09
10327 3.9
10327 5.65
10327 2.56
10327 2.62
10327 2.8
10327 0
10327 1.51
10327 0
10329 1.09
10329 3.9
10329 5.65
10329 2.56
10329 2.62
10329 2.8
10329 0
10329 1.51
10329 0
10332 1.09
10332 3.9
10332 5.65
10332 2.56
10332 2.62
10332 2.8
10332 0
10332 1.51
10332 0
10333 1.09
10333 3.9
10333 5.65
10333 2.56
10333 2.62
10333 2.8
10333 0
10333 1.51
10333 0
10334 1.09
10334 3.9
10334 5.65
10334 2.56
10334 2.62
10334 2.8
10334 0
10334 1.51
10334 0
10336 1.09
10336 3.9
10336 5.65
10336 2.56
10336 2.62
10336 2.8
10336 0
10336 1.51
10336 0
10337 1.09
10337 3.9
10337 5.65
10337 2.56
10337 2.62
10337 2.8
10337 0
10337 1.51
10337 0
10338 1.09
10338 3.9
10338 5.65
10338 2.56
10338 2.62
10338 2.8
10338 0
10338 1.51
10338 0
10339 1.09
10339 3.9
10339 5.65
10339 2.56
10339 2.62
10339 2.8
10339 0
10339 1.51
10339 0
10340 1.09
10340 3.9
10340 5.65
10340 2.56
10340 2.62
10340 2.8
10340 0
10340 1.51
10340 0
10404 1.09
10404 3.9
10404 5.65
10404 2.56
10404 2.62
10404 2.8
10404 0
10404 1.51
10404 0
10405 1.09
10405 3.9
10405 5.65
10405 2.56
10405 2.62
10405 2.8
10405 0
10405 1.51
10405 0
10406 1.09
10406 3.9
10406 5.65
10406 2.56
10406 2.62
10406 2.8
10406 0
10406 1.51
10406 0
10414 1.09
10414 3.9
10414 5.65
10414 2.56
10414 2.62
10414 2.8
10414 0
10414 1.51
10414 0
10415 1.09
10415 3.9
10415 5.65
10415 2.56
10415 2.62
10415 2.8
10415 0
10415 1.51
10415 0
10419 1.09
10419 3.9
10419 5.65
10419 2.56
10419 2.62
10419 2.8
10419 0
10419 1.51
10419 0
10420 1.09
10420 3.9
10420 5.65
10420 2.56
10420 2.62
10420 2.8
10420 0
10420 1.51
10420 0
10423 1.09
10423 3.9
10423 5.65
10423 2.56
10423 2.62
10423 2.8
10423 0
10423 1.51
10423 0
10424 1.09
10424 3.9
10424 5.65
10424 2.56
10424 2.62
10424 2.8
10424 0
10424 1.51
10424 0
10425 1.09
10425 3.9
10425 5.65
10425 2.56
10425 2.62
10425 2.8
10425 0
10425 1.51
10425 0
10427 1.09
10427 3.9
10427 5.65
10427 2.56
10427 2.62
10427 2.8
10427 0
10427 1.51
10427 0
10501 1.09
10501 3.9
10501 5.65
10501 2.56
10501 2.62
10501 2.8
10501 0
10501 1.51
10501 0
10502 1.09
10502 3.9
10502 5.65
10502 2.56
10502 2.62
10502 2.8
10502 0
10502 1.51
10502 0
10506 1.09
10506 3.9
10506 5.65
10506 2.56
10506 2.62
10506 2.8
10506 0
10506 1.51
10506 0
10507 1.09
10507 3.9
10507 5.65
10507 2.56
10507 2.62
10507 2.8
10507 0
10507 1.51
10507 0
10509 1.09
10509 3.9
10509 5.65
10509 2.56
10509 2.62
10509 2.8
10509 0
10509 1.51
10509 0
10510 1.09
10510 3.9
10510 5.65
10510 2.56
10510 2.62
10510 2.8
10510 0
10510 1.51
10510 0
10515 1.09
10515 3.9
10515 5.65
10515 2.56
10515 2.62
10515 2.8
10515 0
10515 1.51
10515 0
10516 1.09
10516 3.9
10516 5.65
10516 2.56
10516 2.62
10516 2.8
10516 0
10516 1.51
10516 0
10518 1.09
10518 3.9
10518 5.65
10518 2.56
10518 2.62
10518 2.8
10518 0
10518 1.51
10518 0
10520 1.09
10520 3.9
10520 5.65
10520 2.56
10520 2.62
10520 2.8
10520 0
10520 1.51
10520 0
10521 1.09
10521 3.9
10521 5.65
10521 2.56
10521 2.62
10521 2.8
10521 0
10521 1.51
10521 0
10522 1.09
10522 3.9
10522 5.65
10522 2.56
10522 2.62
10522 2.8
10522 0
10522 1.51
10522 0
10523 1.09
10523 3.9
10523 5.65
10523 2.56
10523 2.62
10523 2.8
10523 0
10523 1.51
10523 0
10524 1.09
10524 3.9
10524 5.65
10524 2.56
10524 2.62
10524 2.8
10524 0
10524 1.51
10524 0
10599 1.09
10599 3.9
10599 5.65
10599 2.56
10599 2.62
10599 2.8
10599 0
10599 1.51
10599 0
10601 1.09
10601 3.9
10601 5.65
10601 2.56
10601 2.62
10601 2.8
10601 0
10601 1.51
10601 0
10602 1.09
10602 3.9
10602 5.65
10602 2.56
10602 2.62
10602 2.8
10602 0
10602 1.51
10602 0
10603 1.09
10603 3.9
10603 5.65
10603 2.56
10603 2.62
10603 2.8
10603 0
10603 1.51
10603 0
10607 1.09
10607 3.9
10607 5.65
10607 2.56
10607 2.62
10607 2.8
10607 0
10607 1.51
10607 0
10608 1.09
10608 3.9
10608 5.65
10608 2.56
10608 2.62
10608 2.8
10608 0
10608 1.51
10608 0
10610 1.09
10610 3.9
10610 5.65
10610 2.56
10610 2.62
10610 2.8
10610 0
10610 1.51
10610 0
10613 1.09
10613 3.9
10613 5.65
10613 2.56
10613 2.62
10613 2.8
10613 0
10613 1.51
10613 0
10614 1.09
10614 3.9
10614 5.65
10614 2.56
10614 2.62
10614 2.8
10614 0
10614 1.51
10614 0
10615 1.09
10615 3.9
10615 5.65
10615 2.56
10615 2.62
10615 2.8
10615 0
10615 1.51
10615 0
10619 1.09
10619 3.9
10619 5.65
10619 2.56
10619 2.62
10619 2.8
10619 0
10619 1.51
10619 0
10620 1.09
10620 3.9
10620 5.65
10620 2.56
10620 2.62
10620 2.8
10620 0
10620 1.51
10620 0
10621 1.09
10621 3.9
10621 5.65
10621 2.56
10621 2.62
10621 2.8
10621 0
10621 1.51
10621 0
10622 1.09
10622 3.9
10622 5.65
10622 2.56
10622 2.62
10622 2.8
10622 0
10622 1.51
10622 0
10698 1.09
10698 3.9
10698 5.65
10698 2.56
10698 2.62
10698 2.8
10698 0
10698 1.51
10698 0
10699 1.09
10699 3.9
10699 5.65
10699 2.56
10699 2.62
10699 2.8
10699 0
10699 1.51
10699 0
10701 1.09
10701 3.9
10701 5.65
10701 2.56
10701 2.62
10701 2.8
10701 0
10701 1.51
10701 0
10704 1.09
10704 3.9
10704 5.65
10704 2.56
10704 2.62
10704 2.8
10704 0
10704 1.51
10704 0
10705 1.09
10705 3.9
10705 5.65
10705 2.56
10705 2.62
10705 2.8
10705 0
10705 1.51
10705 0
10708 1.09
10708 3.9
10708 5.65
10708 2.56
10708 2.62
10708 2.8
10708 0
10708 1.51
10708 0
10709 1.09
10709 3.9
10709 5.65
10709 2.56
10709 2.62
10709 2.8
10709 0
10709 1.51
10709 0
10710 1.09
10710 3.9
10710 5.65
10710 2.56
10710 2.62
10710 2.8
10710 0
10710 1.51
10710 0
10711 1.09
10711 3.9
10711 5.65
10711 2.56
10711 2.62
10711 2.8
10711 0
10711 1.51
10711 0
10712 1.09
10712 3.9
10712 5.65
10712 2.56
10712 2.62
10712 2.8
10712 0
10712 1.51
10712 0
10715 1.09
10715 3.9
10715 5.65
10715 2.56
10715 2.62
10715 2.8
10715 0
10715 1.51
10715 0
10718 1.09
10718 3.9
10718 5.65
10718 2.56
10718 2.62
10718 2.8
10718 0
10718 1.51
10718 0
10719 1.09
10719 3.9
10719 5.65
10719 2.56
10719 2.62
10719 2.8
10719 0
10719 1.51
10719 0
10721 1.09
10721 3.9
10721 5.65
10721 2.56
10721 2.62
10721 2.8
10721 0
10721 1.51
10721 0
10799 1.09
10799 3.9
10799 5.65
10799 2.56
10799 2.62
10799 2.8
10799 0
10799 1.51
10799 0
10801 1.09
10801 3.9
10801 5.65
10801 2.56
10801 2.62
10801 2.8
10801 0
10801 1.51
10801 0
10806 1.09
10806 3.9
10806 5.65
10806 2.56
10806 2.62
10806 2.8
10806 0
10806 1.51
10806 0
10807 1.09
10807 3.9
10807 5.65
10807 2.56
10807 2.62
10807 2.8
10807 0
10807 1.51
10807 0
10809 1.09
10809 3.9
10809 5.65
10809 2.56
10809 2.62
10809 2.8
10809 0
10809 1.51
10809 0
10812 1.09
10812 3.9
10812 5.65
10812 2.56
10812 2.62
10812 2.8
10812 0
10812 1.51
10812 0
10813 1.09
10813 3.9
10813 5.65
10813 2.56
10813 2.62
10813 2.8
10813 0
10813 1.51
10813 0
10814 1.09
10814 3.9
10814 5.65
10814 2.56
10814 2.62
10814 2.8
10814 0
10814 1.51
10814 0
10815 1.09
10815 3.9
10815 5.65
10815 2.56
10815 2.62
10815 2.8
10815 0
10815 1.51
10815 0
10816 1.09
10816 3.9
10816 5.65
10816 2.56
10816 2.62
10816 2.8
10816 0
10816 1.51
10816 0
10817 1.09
10817 3.9
10817 5.65
10817 2.56
10817 2.62
10817 2.8
10817 0
10817 1.51
10817 0
10818 1.09
10818 3.9
10818 5.65
10818 2.56
10818 2.62
10818 2.8
10818 0
10818 1.51
10818 0
10819 1.09
10819 3.9
10819 5.65
10819 2.56
10819 2.62
10819 2.8
10819 0
10819 1.51
10819 0
10820 1.09
10820 3.9
10820 5.65
10820 2.56
10820 2.62
10820 2.8
10820 0
10820 1.51
10820 0
10821 1.09
10821 3.9
10821 5.65
10821 2.56
10821 2.62
10821 2.8
10821 0
10821 1.51
10821 0
10822 1.09
10822 3.9
10822 5.65
10822 2.56
10822 2.62
10822 2.8
10822 0
10822 1.51
10822 0
10823 1.09
10823 3.9
10823 5.65
10823 2.56
10823 2.62
10823 2.8
10823 0
10823 1.51
10823 0
10902 1.09
10902 3.9
10902 5.65
10902 2.56
10902 2.62
10902 2.8
10902 0
10902 1.51
10902 0
10903 1.09
10903 3.9
10903 5.65
10903 2.56
10903 2.62
10903 2.8
10903 0
10903 1.51
10903 0
10914 1.09
10914 3.9
10914 5.65
10914 2.56
10914 2.62
10914 2.8
10914 0
10914 1.51
10914 0
10915 1.09
10915 3.9
10915 5.65
10915 2.56
10915 2.62
10915 2.8
10915 0
10915 1.51
10915 0
10916 1.09
10916 3.9
10916 5.65
10916 2.56
10916 2.62
10916 2.8
10916 0
10916 1.51
10916 0
10917 1.09
10917 3.9
10917 5.65
10917 2.56
10917 2.62
10917 2.8
10917 0
10917 1.51
10917 0
10918 1.09
10918 3.9
10918 5.65
10918 2.56
10918 2.62
10918 2.8
10918 0
10918 1.51
10918 0
10919 1.09
10919 3.9
10919 5.65
10919 2.56
10919 2.62
10919 2.8
10919 0
10919 1.51
10919 0
10920 1.09
10920 3.9
10920 5.65
10920 2.56
10920 2.62
10920 2.8
10920 0
10920 1.51
10920 0
10921 1.09
10921 3.9
10921 5.65
10921 2.56
10921 2.62
10921 2.8
10921 0
10921 1.51
10921 0
10922 1.09
10922 3.9
10922 5.65
10922 2.56
10922 2.62
10922 2.8
10922 0
10922 1.51
10922 0
10923 1.09
10923 3.9
10923 5.65
10923 2.56
10923 2.62
10923 2.8
10923 0
10923 1.51
10923 0
10924 1.09
10924 3.9
10924 5.65
10924 2.56
10924 2.62
10924 2.8
10924 0
10924 1.51
10924 0
10925 1.09
10925 3.9
10925 5.65
10925 2.56
10925 2.62
10925 2.8
10925 0
10925 1.51
10925 0
11010 1.09
11010 3.9
11010 5.65
11010 2.56
11010 2.62
11010 2.8
11010 0
11010 1.51
11010 0
11011 1.09
11011 3.9
11011 5.65
11011 2.56
11011 2.62
11011 2.8
11011 0
11011 1.51
11011 0
11019 1.09
11019 3.9
11019 5.65
11019 2.56
11019 2.62
11019 2.8
11019 0
11019 1.51
11019 0
11021 1.09
11021 3.9
11021 5.65
11021 2.56
11021 2.62
11021 2.8
11021 0
11021 1.51
11021 0
11022 1.09
11022 3.9
11022 5.65
11022 2.56
11022 2.62
11022 2.8
11022 0
11022 1.51
11022 0
11023 1.09
11023 3.9
11023 5.65
11023 2.56
11023 2.62
11023 2.8
11023 0
11023 1.51
11023 0
11024 1.09
11024 3.9
11024 5.65
11024 2.56
11024 2.62
11024 2.8
11024 0
11024 1.51
11024 0
11025 1.09
11025 3.9
11025 5.65
11025 2.56
11025 2.62
11025 2.8
11025 0
11025 1.51
11025 0
11027 1.09
11027 3.9
11027 5.65
11027 2.56
11027 2.62
11027 2.8
11027 0
11027 1.51
11027 0
11028 1.09
11028 3.9
11028 5.65
11028 2.56
11028 2.62
11028 2.8
11028 0
11028 1.51
11028 0
11029 1.09
11029 3.9
11029 5.65
11029 2.56
11029 2.62
11029 2.8
11029 0
11029 1.51
11029 0
11030 1.09
11030 3.9
11030 5.65
11030 2.56
11030 2.62
11030 2.8
11030 0
11030 1.51
11030 0
11031 1.09
11031 3.9
11031 5.65
11031 2.56
11031 2.62
11031 2.8
11031 0
11031 1.51
11031 0
11033 1.09
11033 3.9
11033 5.65
11033 2.56
11033 2.62
11033 2.8
11033 0
11033 1.51
11033 0
11118 1.09
11118 3.9
11118 5.65
11118 2.56
11118 2.62
11118 2.8
11118 0
11118 1.51
11118 0
11121 1.09
11121 3.9
11121 5.65
11121 2.56
11121 2.62
11121 2.8
11121 0
11121 1.51
11121 0
11123 1.09
11123 3.9
11123 5.65
11123 2.56
11123 2.62
11123 2.8
11123 0
11123 1.51
11123 0
11124 1.09
11124 3.9
11124 5.65
11124 2.56
11124 2.62
11124 2.8
11124 0
11124 1.51
11124 0
11129 1.09
11129 3.9
11129 5.65
11129 2.56
11129 2.62
11129 2.8
11129 0
11129 1.51
11129 0
11131 1.09
11131 3.9
11131 5.65
11131 2.56
11131 2.62
11131 2.8
11131 0
11131 1.51
11131 0
11133 1.09
11133 3.9
11133 5.65
11133 2.56
11133 2.62
11133 2.8
11133 0
11133 1.51
11133 0
11135 1.09
11135 3.9
11135 5.65
11135 2.56
11135 2.62
11135 2.8
11135 0
11135 1.51
11135 0
11136 1.09
11136 3.9
11136 5.65
11136 2.56
11136 2.62
11136 2.8
11136 0
11136 1.51
11136 0
11137 1.09
11137 3.9
11137 5.65
11137 2.56
11137 2.62
11137 2.8
11137 0
11137 1.51
11137 0
11138 1.09
11138 3.9
11138 5.65
11138 2.56
11138 2.62
11138 2.8
11138 0
11138 1.51
11138 0
11139 1.09
11139 3.9
11139 5.65
11139 2.56
11139 2.62
11139 2.8
11139 0
11139 1.51
11139 0
11140 1.09
11140 3.9
11140 5.65
11140 2.56
11140 2.62
11140 2.8
11140 0
11140 1.51
11140 0
11141 1.09
11141 3.9
11141 5.65
11141 2.56
11141 2.62
11141 2.8
11141 0
11141 1.51
11141 0
11142 1.09
11142 3.9
11142 5.65
11142 2.56
11142 2.62
11142 2.8
11142 0
11142 1.51
11142 0
11144 1.09
11144 3.9
11144 5.65
11144 2.56
11144 2.62
11144 2.8
11144 0
11144 1.51
11144 0
11241 1.09
11241 3.9
11241 5.65
11241 2.56
11241 2.62
11241 2.8
11241 0
11241 1.51
11241 0
11242 1.09
11242 3.9
11242 5.65
11242 2.56
11242 2.62
11242 2.8
11242 0
11242 1.51
11242 0
11244 1.09
11244 3.9
11244 5.65
11244 2.56
11244 2.62
11244 2.8
11244 0
11244 1.51
11244 0
11245 1.09
11245 3.9
11245 5.65
11245 2.56
11245 2.62
11245 2.8
11245 0
11245 1.51
11245 0
11246 1.09
11246 3.9
11246 5.65
11246 2.56
11246 2.62
11246 2.8
11246 0
11246 1.51
11246 0
11248 1.09
11248 3.9
11248 5.65
11248 2.56
11248 2.62
11248 2.8
11248 0
11248 1.51
11248 0
11249 1.09
11249 3.9
11249 5.65
11249 2.56
11249 2.62
11249 2.8
11249 0
11249 1.51
11249 0
11253 1.09
11253 3.9
11253 5.65
11253 2.56
11253 2.62
11253 2.8
11253 0
11253 1.51
11253 0
11254 1.09
11254 3.9
11254 5.65
11254 2.56
11254 2.62
11254 2.8
11254 0
11254 1.51
11254 0
11255 1.09
11255 3.9
11255 5.65
11255 2.56
11255 2.62
11255 2.8
11255 0
11255 1.51
11255 0
11256 1.09
11256 3.9
11256 5.65
11256 2.56
11256 2.62
11256 2.8
11256 0
11256 1.51
11256 0
11257 1.09
11257 3.9
11257 5.65
11257 2.56
11257 2.62
11257 2.8
11257 0
11257 1.51
11257 0
11258 1.09
11258 3.9
11258 5.65
11258 2.56
11258 2.62
11258 2.8
11258 0
11258 1.51
11258 0
11260 1.09
11260 3.9
11260 5.65
11260 2.56
11260 2.62
11260 2.8
11260 0
11260 1.51
11260 0
11261 1.09
11261 3.9
11261 5.65
11261 2.56
11261 2.62
11261 2.8
11261 0
11261 1.51
11261 0
11262 1.09
11262 3.9
11262 5.65
11262 2.56
11262 2.62
11262 2.8
11262 0
11262 1.51
11262 0
11264 1.09
11264 3.9
11264 5.65
11264 2.56
11264 2.62
11264 2.8
11264 0
11264 1.51
11264 0
11361 1.09
11361 3.9
11361 5.65
11361 2.56
11361 2.62
11361 2.8
11361 0
11361 1.51
11361 0
11362 1.09
11362 3.9
11362 5.65
11362 2.56
11362 2.62
11362 2.8
11362 0
11362 1.51
11362 0
11363 1.09
11363 3.9
11363 5.65
11363 2.56
11363 2.62
11363 2.8
11363 0
11363 1.51
11363 0
11365 1.09
11365 3.9
11365 5.65
11365 2.56
11365 2.62
11365 2.8
11365 0
11365 1.51
11365 0
11399 1.09
11399 3.9
11399 5.65
11399 2.56
11399 2.62
11399 2.8
11399 0
11399 1.51
11399 0
11400 1.09
11400 3.9
11400 5.65
11400 2.56
11400 2.62
11400 2.8
11400 0
11400 1.51
11400 0
11397 1.09
11397 3.9
11397 5.65
11397 2.56
11397 2.62
11397 2.8
11397 0
11397 1.51
11397 0
11398 1.09
11398 3.9
11398 5.65
11398 2.56
11398 2.62
11398 2.8
11398 0
11398 1.51
11398 0
11370 1.09
11370 3.9
11370 5.65
11370 2.56
11370 2.62
11370 2.8
11370 0
11370 1.51
11370 0
11371 1.09
11371 3.9
11371 5.65
11371 2.56
11371 2.62
11371 2.8
11371 0
11371 1.51
11371 0
11394 1.09
11394 3.9
11394 5.65
11394 2.56
11394 2.62
11394 2.8
11394 0
11394 1.51
11394 0
11396 1.09
11396 3.9
11396 5.65
11396 2.56
11396 2.62
11396 2.8
11396 0
11396 1.51
11396 0
11374 1.09
11374 3.9
11374 5.65
11374 2.56
11374 2.62
11374 2.8
11374 0
11374 1.51
11374 0
11375 1.09
11375 3.9
11375 5.65
11375 2.56
11375 2.62
11375 2.8
11375 0
11375 1.51
11375 0
11376 1.09
11376 3.9
11376 5.65
11376 2.56
11376 2.62
11376 2.8
11376 0
11376 1.51
11376 0
11377 1.09
11377 3.9
11377 5.65
11377 2.56
11377 2.62
11377 2.8
11377 0
11377 1.51
11377 0
11378 1.09
11378 3.9
11378 5.65
11378 2.56
11378 2.62
11378 2.8
11378 0
11378 1.51
11378 0
11379 1.09
11379 3.9
11379 5.65
11379 2.56
11379 2.62
11379 2.8
11379 0
11379 1.51
11379 0
11380 1.09
11380 3.9
11380 5.65
11380 2.56
11380 2.62
11380 2.8
11380 0
11380 1.51
11380 0
11381 1.09
11381 3.9
11381 5.65
11381 2.56
11381 2.62
11381 2.8
11381 0
11381 1.51
11381 0
11382 1.09
11382 3.9
11382 5.65
11382 2.56
11382 2.62
11382 2.8
11382 0
11382 1.51
11382 0
11383 1.09
11383 3.9
11383 5.65
11383 2.56
11383 2.62
11383 2.8
11383 0
11383 1.51
11383 0
11384 1.09
11384 3.9
11384 5.65
11384 2.56
11384 2.62
11384 2.8
11384 0
11384 1.51
11384 0
11385 1.09
11385 3.9
11385 5.65
11385 2.56
11385 2.62
11385 2.8
11385 0
11385 1.51
11385 0
11490 1.09
11490 3.9
11490 5.65
11490 2.56
11490 2.62
11490 2.8
11490 0
11490 1.51
11490 0
11491 1.09
11491 3.9
11491 5.65
11491 2.56
11491 2.62
11491 2.8
11491 0
11491 1.51
11491 0
11493 1.09
11493 3.9
11493 5.65
11493 2.56
11493 2.62
11493 2.8
11493 0
11493 1.51
11493 0
11530 1.09
11530 3.9
11530 5.65
11530 2.56
11530 2.62
11530 2.8
11530 0
11530 1.51
11530 0
11531 1.09
11531 3.9
11531 5.65
11531 2.56
11531 2.62
11531 2.8
11531 0
11531 1.51
11531 0
11495 1.09
11495 3.9
11495 5.65
11495 2.56
11495 2.62
11495 2.8
11495 0
11495 1.51
11495 0
11528 1.09
11528 3.9
11528 5.65
11528 2.56
11528 2.62
11528 2.8
11528 0
11528 1.51
11528 0
11529 1.09
11529 3.9
11529 5.65
11529 2.56
11529 2.62
11529 2.8
11529 0
11529 1.51
11529 0
11496 1.09
11496 3.9
11496 5.65
11496 2.56
11496 2.62
11496 2.8
11496 0
11496 1.51
11496 0
11497 1.09
11497 3.9
11497 5.65
11497 2.56
11497 2.62
11497 2.8
11497 0
11497 1.51
11497 0
11498 1.09
11498 3.9
11498 5.65
11498 2.56
11498 2.62
11498 2.8
11498 0
11498 1.51
11498 0
11527 1.09
11527 3.9
11527 5.65
11527 2.56
11527 2.62
11527 2.8
11527 0
11527 1.51
11527 0
11523 1.09
11523 3.9
11523 5.65
11523 2.56
11523 2.62
11523 2.8
11523 0
11523 1.51
11523 0
11524 1.09
11524 3.9
11524 5.65
11524 2.56
11524 2.62
11524 2.8
11524 0
11524 1.51
11524 0
11502 1.09
11502 3.9
11502 5.65
11502 2.56
11502 2.62
11502 2.8
11502 0
11502 1.51
11502 0
11503 1.09
11503 3.9
11503 5.65
11503 2.56
11503 2.62
11503 2.8
11503 0
11503 1.51
11503 0
11504 1.09
11504 3.9
11504 5.65
11504 2.56
11504 2.62
11504 2.8
11504 0
11504 1.51
11504 0
11505 1.09
11505 3.9
11505 5.65
11505 2.56
11505 2.62
11505 2.8
11505 0
11505 1.51
11505 0
11506 1.09
11506 3.9
11506 5.65
11506 2.56
11506 2.62
11506 2.8
11506 0
11506 1.51
11506 0
11507 1.09
11507 3.9
11507 5.65
11507 2.56
11507 2.62
11507 2.8
11507 0
11507 1.51
11507 0
11508 1.09
11508 3.9
11508 5.65
11508 2.56
11508 2.62
11508 2.8
11508 0
11508 1.51
11508 0
11509 1.09
11509 3.9
11509 5.65
11509 2.56
11509 2.62
11509 2.8
11509 0
11509 1.51
11509 0
11510 1.09
11510 3.9
11510 5.65
11510 2.56
11510 2.62
11510 2.8
11510 0
11510 1.51
11510 0
11511 1.09
11511 3.9
11511 5.65
11511 2.56
11511 2.62
11511 2.8
11511 0
11511 1.51
11511 0
11512 1.09
11512 3.9
11512 5.65
11512 2.56
11512 2.62
11512 2.8
11512 0
11512 1.51
11512 0
11617 1.09
11617 3.9
11617 5.65
11617 2.56
11617 2.62
11617 2.8
11617 0
11617 1.51
11617 0
11618 1.09
11618 3.9
11618 5.65
11618 2.56
11618 2.62
11618 2.8
11618 0
11618 1.51
11618 0
11619 1.09
11619 3.9
11619 5.65
11619 2.56
11619 2.62
11619 2.8
11619 0
11619 1.51
11619 0
11659 1.09
11659 3.9
11659 5.65
11659 2.56
11659 2.62
11659 2.8
11659 0
11659 1.51
11659 0
11660 1.09
11660 3.9
11660 5.65
11660 2.56
11660 2.62
11660 2.8
11660 0
11660 1.51
11660 0
11657 1.09
11657 3.9
11657 5.65
11657 2.56
11657 2.62
11657 2.8
11657 0
11657 1.51
11657 0
11658 1.09
11658 3.9
11658 5.65
11658 2.56
11658 2.62
11658 2.8
11658 0
11658 1.51
11658 0
11623 1.09
11623 3.9
11623 5.65
11623 2.56
11623 2.62
11623 2.8
11623 0
11623 1.51
11623 0
11655 1.09
11655 3.9
11655 5.65
11655 2.56
11655 2.62
11655 2.8
11655 0
11655 1.51
11655 0
11656 1.09
11656 3.9
11656 5.65
11656 2.56
11656 2.62
11656 2.8
11656 0
11656 1.51
11656 0
11625 1.09
11625 3.9
11625 5.65
11625 2.56
11625 2.62
11625 2.8
11625 0
11625 1.51
11625 0
11652 1.09
11652 3.9
11652 5.65
11652 2.56
11652 2.62
11652 2.8
11652 0
11652 1.51
11652 0
11653 1.09
11653 3.9
11653 5.65
11653 2.56
11653 2.62
11653 2.8
11653 0
11653 1.51
11653 0
11654 1.09
11654 3.9
11654 5.65
11654 2.56
11654 2.62
11654 2.8
11654 0
11654 1.51
11654 0
11629 1.09
11629 3.9
11629 5.65
11629 2.56
11629 2.62
11629 2.8
11629 0
11629 1.51
11629 0
11630 1.09
11630 3.9
11630 5.65
11630 2.56
11630 2.62
11630 2.8
11630 0
11630 1.51
11630 0
11649 1.09
11649 3.9
11649 5.65
11649 2.56
11649 2.62
11649 2.8
11649 0
11649 1.51
11649 0
11650 1.09
11650 3.9
11650 5.65
11650 2.56
11650 2.62
11650 2.8
11650 0
11650 1.51
11650 0
11631 1.09
11631 3.9
11631 5.65
11631 2.56
11631 2.62
11631 2.8
11631 0
11631 1.51
11631 0
11632 1.09
11632 3.9
11632 5.65
11632 2.56
11632 2.62
11632 2.8
11632 0
11632 1.51
11632 0
11633 1.09
11633 3.9
11633 5.65
11633 2.56
11633 2.62
11633 2.8
11633 0
11633 1.51
11633 0
11634 1.09
11634 3.9
11634 5.65
11634 2.56
11634 2.62
11634 2.8
11634 0
11634 1.51
11634 0
11635 1.09
11635 3.9
11635 5.65
11635 2.56
11635 2.62
11635 2.8
11635 0
11635 1.51
11635 0
11636 1.09
11636 3.9
11636 5.65
11636 2.56
11636 2.62
11636 2.8
11636 0
11636 1.51
11636 0
11637 1.09
11637 3.9
11637 5.65
11637 2.56
11637 2.62
11637 2.8
11637 0
11637 1.51
11637 0
11638 1.09
11638 3.9
11638 5.65
11638 2.56
11638 2.62
11638 2.8
11638 0
11638 1.51
11638 0
11639 1.09
11639 3.9
11639 5.65
11639 2.56
11639 2.62
11639 2.8
11639 0
11639 1.51
11639 0
11743 1.09
11743 3.9
11743 5.65
11743 2.56
11743 2.62
11743 2.8
11743 0
11743 1.51
11743 0
11747 1.09
11747 3.9
11747 5.65
11747 2.56
11747 2.62
11747 2.8
11747 0
11747 1.51
11747 0
11789 1.09
11789 3.9
11789 5.65
11789 2.56
11789 2.62
11789 2.8
11789 0
11789 1.51
11789 0
11790 1.09
11790 3.9
11790 5.65
11790 2.56
11790 2.62
11790 2.8
11790 0
11790 1.51
11790 0
11751 1.09
11751 3.9
11751 5.65
11751 2.56
11751 2.62
11751 2.8
11751 0
11751 1.51
11751 0
11787 1.09
11787 3.9
11787 5.65
11787 2.56
11787 2.62
11787 2.8
11787 0
11787 1.51
11787 0
11788 1.09
11788 3.9
11788 5.65
11788 2.56
11788 2.62
11788 2.8
11788 0
11788 1.51
11788 0
11753 1.09
11753 3.9
11753 5.65
11753 2.56
11753 2.62
11753 2.8
11753 0
11753 1.51
11753 0
11785 1.09
11785 3.9
11785 5.65
11785 2.56
11785 2.62
11785 2.8
11785 0
11785 1.51
11785 0
11786 1.09
11786 3.9
11786 5.65
11786 2.56
11786 2.62
11786 2.8
11786 0
11786 1.51
11786 0
11755 1.09
11755 3.9
11755 5.65
11755 2.56
11755 2.62
11755 2.8
11755 0
11755 1.51
11755 0
11782 1.09
11782 3.9
11782 5.65
11782 2.56
11782 2.62
11782 2.8
11782 0
11782 1.51
11782 0
11783 1.09
11783 3.9
11783 5.65
11783 2.56
11783 2.62
11783 2.8
11783 0
11783 1.51
11783 0
11784 1.09
11784 3.9
11784 5.65
11784 2.56
11784 2.62
11784 2.8
11784 0
11784 1.51
11784 0
11759 1.09
11759 3.9
11759 5.65
11759 2.56
11759 2.62
11759 2.8
11759 0
11759 1.51
11759 0
11760 1.09
11760 3.9
11760 5.65
11760 2.56
11760 2.62
11760 2.8
11760 0
11760 1.51
11760 0
11780 1.09
11780 3.9
11780 5.65
11780 2.56
11780 2.62
11780 2.8
11780 0
11780 1.51
11780 0
11781 1.09
11781 3.9
11781 5.65
11781 2.56
11781 2.62
11781 2.8
11781 0
11781 1.51
11781 0
11761 1.09
11761 3.9
11761 5.65
11761 2.56
11761 2.62
11761 2.8
11761 0
11761 1.51
11761 0
11762 1.09
11762 3.9
11762 5.65
11762 2.56
11762 2.62
11762 2.8
11762 0
11762 1.51
11762 0
11763 1.09
11763 3.9
11763 5.65
11763 2.56
11763 2.62
11763 2.8
11763 0
11763 1.51
11763 0
11764 1.09
11764 3.9
11764 5.65
11764 2.56
11764 2.62
11764 2.8
11764 0
11764 1.51
11764 0
11765 1.09
11765 3.9
11765 5.65
11765 2.56
11765 2.62
11765 2.8
11765 0
11765 1.51
11765 0
11767 1.09
11767 3.9
11767 5.65
11767 2.56
11767 2.62
11767 2.8
11767 0
11767 1.51
11767 0
11768 1.09
11768 3.9
11768 5.65
11768 2.56
11768 2.62
11768 2.8
11768 0
11768 1.51
11768 0
11769 1.09
11769 3.9
11769 5.65
11769 2.56
11769 2.62
11769 2.8
11769 0
11769 1.51
11769 0
11875 1.09
11875 3.9
11875 5.65
11875 2.56
11875 2.62
11875 2.8
11875 0
11875 1.51
11875 0
11877 1.09
11877 3.9
11877 5.65
11877 2.56
11877 2.62
11877 2.8
11877 0
11877 1.51
11877 0
11878 1.09
11878 3.9
11878 5.65
11878 2.56
11878 2.62
11878 2.8
11878 0
11878 1.51
11878 0
11921 1.09
11921 3.9
11921 5.65
11921 2.56
11921 2.62
11921 2.8
11921 0
11921 1.51
11921 0
11919 1.09
11919 3.9
11919 5.65
11919 2.56
11919 2.62
11919 2.8
11919 0
11919 1.51
11919 0
11920 1.09
11920 3.9
11920 5.65
11920 2.56
11920 2.62
11920 2.8
11920 0
11920 1.51
11920 0
11882 1.09
11882 3.9
11882 5.65
11882 2.56
11882 2.62
11882 2.8
11882 0
11882 1.51
11882 0
11917 1.09
11917 3.9
11917 5.65
11917 2.56
11917 2.62
11917 2.8
11917 0
11917 1.51
11917 0
11918 1.09
11918 3.9
11918 5.65
11918 2.56
11918 2.62
11918 2.8
11918 0
11918 1.51
11918 0
11915 1.09
11915 3.9
11915 5.65
11915 2.56
11915 2.62
11915 2.8
11915 0
11915 1.51
11915 0
11916 1.09
11916 3.9
11916 5.65
11916 2.56
11916 2.62
11916 2.8
11916 0
11916 1.51
11916 0
11886 1.09
11886 3.9
11886 5.65
11886 2.56
11886 2.62
11886 2.8
11886 0
11886 1.51
11886 0
11911 1.09
11911 3.9
11911 5.65
11911 2.56
11911 2.62
11911 2.8
11911 0
11911 1.51
11911 0
11912 1.09
11912 3.9
11912 5.65
11912 2.56
11912 2.62
11912 2.8
11912 0
11912 1.51
11912 0
11913 1.09
11913 3.9
11913 5.65
11913 2.56
11913 2.62
11913 2.8
11913 0
11913 1.51
11913 0
11914 1.09
11914 3.9
11914 5.65
11914 2.56
11914 2.62
11914 2.8
11914 0
11914 1.51
11914 0
11889 1.09
11889 3.9
11889 5.65
11889 2.56
11889 2.62
11889 2.8
11889 0
11889 1.51
11889 0
11890 1.09
11890 3.9
11890 5.65
11890 2.56
11890 2.62
11890 2.8
11890 0
11890 1.51
11890 0
11891 1.09
11891 3.9
11891 5.65
11891 2.56
11891 2.62
11891 2.8
11891 0
11891 1.51
11891 0
11892 1.09
11892 3.9
11892 5.65
11892 2.56
11892 2.62
11892 2.8
11892 0
11892 1.51
11892 0
11909 1.09
11909 3.9
11909 5.65
11909 2.56
11909 2.62
11909 2.8
11909 0
11909 1.51
11909 0
11910 1.09
11910 3.9
11910 5.65
11910 2.56
11910 2.62
11910 2.8
11910 0
11910 1.51
11910 0
11893 1.09
11893 3.9
11893 5.65
11893 2.56
11893 2.62
11893 2.8
11893 0
11893 1.51
11893 0
11894 1.09
11894 3.9
11894 5.65
11894 2.56
11894 2.62
11894 2.8
11894 0
11894 1.51
11894 0
11895 1.09
11895 3.9
11895 5.65
11895 2.56
11895 2.62
11895 2.8
11895 0
11895 1.51
11895 0
11896 1.09
11896 3.9
11896 5.65
11896 2.56
11896 2.62
11896 2.8
11896 0
11896 1.51
11896 0
11897 1.09
11897 3.9
11897 5.65
11897 2.56
11897 2.62
11897 2.8
11897 0
11897 1.51
11897 0
11898 1.09
11898 3.9
11898 5.65
11898 2.56
11898 2.62
11898 2.8
11898 0
11898 1.51
11898 0
11899 1.09
11899 3.9
11899 5.65
11899 2.56
11899 2.62
11899 2.8
11899 0
11899 1.51
11899 0
11900 1.09
11900 3.9
11900 5.65
11900 2.56
11900 2.62
11900 2.8
11900 0
11900 1.51
11900 0
11901 1.09
11901 3.9
11901 5.65
11901 2.56
11901 2.62
11901 2.8
11901 0
11901 1.51
11901 0
12001 1.09
12001 3.9
12001 5.65
12001 2.56
12001 2.62
12001 2.8
12001 0
12001 1.51
12001 0
12002 1.09
12002 3.9
12002 5.65
12002 2.56
12002 2.62
12002 2.8
12002 0
12002 1.51
12002 0
12003 1.09
12003 3.9
12003 5.65
12003 2.56
12003 2.62
12003 2.8
12003 0
12003 1.51
12003 0
12045 1.09
12045 3.9
12045 5.65
12045 2.56
12045 2.62
12045 2.8
12045 0
12045 1.51
12045 0
12046 1.09
12046 3.9
12046 5.65
12046 2.56
12046 2.62
12046 2.8
12046 0
12046 1.51
12046 0
12005 1.09
12005 3.9
12005 5.65
12005 2.56
12005 2.62
12005 2.8
12005 0
12005 1.51
12005 0
12043 1.09
12043 3.9
12043 5.65
12043 2.56
12043 2.62
12043 2.8
12043 0
12043 1.51
12043 0
12044 1.09
12044 3.9
12044 5.65
12044 2.56
12044 2.62
12044 2.8
12044 0
12044 1.51
12044 0
12006 1.09
12006 3.9
12006 5.65
12006 2.56
12006 2.62
12006 2.8
12006 0
12006 1.51
12006 0
12007 1.09
12007 3.9
12007 5.65
12007 2.56
12007 2.62
12007 2.8
12007 0
12007 1.51
12007 0
12010 1.09
12010 3.9
12010 5.65
12010 2.56
12010 2.62
12010 2.8
12010 0
12010 1.51
12010 0
12038 1.09
12038 3.9
12038 5.65
12038 2.56
12038 2.62
12038 2.8
12038 0
12038 1.51
12038 0
12039 1.09
12039 3.9
12039 5.65
12039 2.56
12039 2.62
12039 2.8
12039 0
12039 1.51
12039 0
12040 1.09
12040 3.9
12040 5.65
12040 2.56
12040 2.62
12040 2.8
12040 0
12040 1.51
12040 0
12011 1.09
12011 3.9
12011 5.65
12011 2.56
12011 2.62
12011 2.8
12011 0
12011 1.51
12011 0
12012 1.09
12012 3.9
12012 5.65
12012 2.56
12012 2.62
12012 2.8
12012 0
12012 1.51
12012 0
12013 1.09
12013 3.9
12013 5.65
12013 2.56
12013 2.62
12013 2.8
12013 0
12013 1.51
12013 0
12035 1.09
12035 3.9
12035 5.65
12035 2.56
12035 2.62
12035 2.8
12035 0
12035 1.51
12035 0
12036 1.09
12036 3.9
12036 5.65
12036 2.56
12036 2.62
12036 2.8
12036 0
12036 1.51
12036 0
12014 1.09
12014 3.9
12014 5.65
12014 2.56
12014 2.62
12014 2.8
12014 0
12014 1.51
12014 0
12015 1.09
12015 3.9
12015 5.65
12015 2.56
12015 2.62
12015 2.8
12015 0
12015 1.51
12015 0
12016 1.09
12016 3.9
12016 5.65
12016 2.56
12016 2.62
12016 2.8
12016 0
12016 1.51
12016 0
12017 1.09
12017 3.9
12017 5.65
12017 2.56
12017 2.62
12017 2.8
12017 0
12017 1.51
12017 0
12018 1.09
12018 3.9
12018 5.65
12018 2.56
12018 2.62
12018 2.8
12018 0
12018 1.51
12018 0
12032 1.09
12032 3.9
12032 5.65
12032 2.56
12032 2.62
12032 2.8
12032 0
12032 1.51
12032 0
12033 1.09
12033 3.9
12033 5.65
12033 2.56
12033 2.62
12033 2.8
12033 0
12033 1.51
12033 0
12034 1.09
12034 3.9
12034 5.65
12034 2.56
12034 2.62
12034 2.8
12034 0
12034 1.51
12034 0
12020 1.09
12020 3.9
12020 5.65
12020 2.56
12020 2.62
12020 2.8
12020 0
12020 1.51
12020 0
12021 1.09
12021 3.9
12021 5.65
12021 2.56
12021 2.62
12021 2.8
12021 0
12021 1.51
12021 0
12022 1.09
12022 3.9
12022 5.65
12022 2.56
12022 2.62
12022 2.8
12022 0
12022 1.51
12022 0
12024 1.09
12024 3.9
12024 5.65
12024 2.56
12024 2.62
12024 2.8
12024 0
12024 1.51
12024 0
12025 1.09
12025 3.9
12025 5.65
12025 2.56
12025 2.62
12025 2.8
12025 0
12025 1.51
12025 0
12026 1.09
12026 3.9
12026 5.65
12026 2.56
12026 2.62
12026 2.8
12026 0
12026 1.51
12026 0
12027 1.09
12027 3.9
12027 5.65
12027 2.56
12027 2.62
12027 2.8
12027 0
12027 1.51
12027 0
12121 1.09
12121 3.9
12121 5.65
12121 2.56
12121 2.62
12121 2.8
12121 0
12121 1.51
12121 0
12123 1.09
12123 3.9
12123 5.65
12123 2.56
12123 2.62
12123 2.8
12123 0
12123 1.51
12123 0
12124 1.09
12124 3.9
12124 5.65
12124 2.56
12124 2.62
12124 2.8
12124 0
12124 1.51
12124 0
12167 1.09
12167 3.9
12167 5.65
12167 2.56
12167 2.62
12167 2.8
12167 0
12167 1.51
12167 0
12168 1.09
12168 3.9
12168 5.65
12168 2.56
12168 2.62
12168 2.8
12168 0
12168 1.51
12168 0
12126 1.09
12126 3.9
12126 5.65
12126 2.56
12126 2.62
12126 2.8
12126 0
12126 1.51
12126 0
12127 1.09
12127 3.9
12127 5.65
12127 2.56
12127 2.62
12127 2.8
12127 0
12127 1.51
12127 0
12165 1.09
12165 3.9
12165 5.65
12165 2.56
12165 2.62
12165 2.8
12165 0
12165 1.51
12165 0
12166 1.09
12166 3.9
12166 5.65
12166 2.56
12166 2.62
12166 2.8
12166 0
12166 1.51
12166 0
12163 1.09
12163 3.9
12163 5.65
12163 2.56
12163 2.62
12163 2.8
12163 0
12163 1.51
12163 0
12131 1.09
12131 3.9
12131 5.65
12131 2.56
12131 2.62
12131 2.8
12131 0
12131 1.51
12131 0
12133 1.09
12133 3.9
12133 5.65
12133 2.56
12133 2.62
12133 2.8
12133 0
12133 1.51
12133 0
12161 1.09
12161 3.9
12161 5.65
12161 2.56
12161 2.62
12161 2.8
12161 0
12161 1.51
12161 0
12162 1.09
12162 3.9
12162 5.65
12162 2.56
12162 2.62
12162 2.8
12162 0
12162 1.51
12162 0
12134 1.09
12134 3.9
12134 5.65
12134 2.56
12134 2.62
12134 2.8
12134 0
12134 1.51
12134 0
12157 1.09
12157 3.9
12157 5.65
12157 2.56
12157 2.62
12157 2.8
12157 0
12157 1.51
12157 0
12154 1.09
12154 3.9
12154 5.65
12154 2.56
12154 2.62
12154 2.8
12154 0
12154 1.51
12154 0
12155 1.09
12155 3.9
12155 5.65
12155 2.56
12155 2.62
12155 2.8
12155 0
12155 1.51
12155 0
12146 1.09
12146 3.9
12146 5.65
12146 2.56
12146 2.62
12146 2.8
12146 0
12146 1.51
12146 0
12147 1.09
12147 3.9
12147 5.65
12147 2.56
12147 2.62
12147 2.8
12147 0
12147 1.51
12147 0
12148 1.09
12148 3.9
12148 5.65
12148 2.56
12148 2.62
12148 2.8
12148 0
12148 1.51
12148 0
12149 1.09
12149 3.9
12149 5.65
12149 2.56
12149 2.62
12149 2.8
12149 0
12149 1.51
12149 0
12150 1.09
12150 3.9
12150 5.65
12150 2.56
12150 2.62
12150 2.8
12150 0
12150 1.51
12150 0
12244 1.09
12244 3.9
12244 5.65
12244 2.56
12244 2.62
12244 2.8
12244 0
12244 1.51
12244 0
12245 1.09
12245 3.9
12245 5.65
12245 2.56
12245 2.62
12245 2.8
12245 0
12245 1.51
12245 0
12246 1.09
12246 3.9
12246 5.65
12246 2.56
12246 2.62
12246 2.8
12246 0
12246 1.51
12246 0
12248 1.09
12248 3.9
12248 5.65
12248 2.56
12248 2.62
12248 2.8
12248 0
12248 1.51
12248 0
12293 1.09
12293 3.9
12293 5.65
12293 2.56
12293 2.62
12293 2.8
12293 0
12293 1.51
12293 0
12291 1.09
12291 3.9
12291 5.65
12291 2.56
12291 2.62
12291 2.8
12291 0
12291 1.51
12291 0
12292 1.09
12292 3.9
12292 5.65
12292 2.56
12292 2.62
12292 2.8
12292 0
12292 1.51
12292 0
12251 1.09
12251 3.9
12251 5.65
12251 2.56
12251 2.62
12251 2.8
12251 0
12251 1.51
12251 0
12289 1.09
12289 3.9
12289 5.65
12289 2.56
12289 2.62
12289 2.8
12289 0
12289 1.51
12289 0
12290 1.09
12290 3.9
12290 5.65
12290 2.56
12290 2.62
12290 2.8
12290 0
12290 1.51
12290 0
12253 1.09
12253 3.9
12253 5.65
12253 2.56
12253 2.62
12253 2.8
12253 0
12253 1.51
12253 0
12254 1.09
12254 3.9
12254 5.65
12254 2.56
12254 2.62
12254 2.8
12254 0
12254 1.51
12254 0
12255 1.09
12255 3.9
12255 5.65
12255 2.56
12255 2.62
12255 2.8
12255 0
12255 1.51
12255 0
12287 1.09
12287 3.9
12287 5.65
12287 2.56
12287 2.62
12287 2.8
12287 0
12287 1.51
12287 0
12288 1.09
12288 3.9
12288 5.65
12288 2.56
12288 2.62
12288 2.8
12288 0
12288 1.51
12288 0
12257 1.09
12257 3.9
12257 5.65
12257 2.56
12257 2.62
12257 2.8
12257 0
12257 1.51
12257 0
12258 1.09
12258 3.9
12258 5.65
12258 2.56
12258 2.62
12258 2.8
12258 0
12258 1.51
12258 0
12276 1.09
12276 3.9
12276 5.65
12276 2.56
12276 2.62
12276 2.8
12276 0
12276 1.51
12276 0
12277 1.09
12277 3.9
12277 5.65
12277 2.56
12277 2.62
12277 2.8
12277 0
12277 1.51
12277 0
12278 1.09
12278 3.9
12278 5.65
12278 2.56
12278 2.62
12278 2.8
12278 0
12278 1.51
12278 0
12378 1.09
12378 3.9
12378 5.65
12378 2.56
12378 2.62
12378 2.8
12378 0
12378 1.51
12378 0
12379 1.09
12379 3.9
12379 5.65
12379 2.56
12379 2.62
12379 2.8
12379 0
12379 1.51
12379 0
12423 1.09
12423 3.9
12423 5.65
12423 2.56
12423 2.62
12423 2.8
12423 0
12423 1.51
12423 0
12424 1.09
12424 3.9
12424 5.65
12424 2.56
12424 2.62
12424 2.8
12424 0
12424 1.51
12424 0
12381 1.09
12381 3.9
12381 5.65
12381 2.56
12381 2.62
12381 2.8
12381 0
12381 1.51
12381 0
12421 1.09
12421 3.9
12421 5.65
12421 2.56
12421 2.62
12421 2.8
12421 0
12421 1.51
12421 0
12422 1.09
12422 3.9
12422 5.65
12422 2.56
12422 2.62
12422 2.8
12422 0
12422 1.51
12422 0
12419 1.09
12419 3.9
12419 5.65
12419 2.56
12419 2.62
12419 2.8
12419 0
12419 1.51
12419 0
12420 1.09
12420 3.9
12420 5.65
12420 2.56
12420 2.62
12420 2.8
12420 0
12420 1.51
12420 0
12384 1.09
12384 3.9
12384 5.65
12384 2.56
12384 2.62
12384 2.8
12384 0
12384 1.51
12384 0
12385 1.09
12385 3.9
12385 5.65
12385 2.56
12385 2.62
12385 2.8
12385 0
12385 1.51
12385 0
12417 1.09
12417 3.9
12417 5.65
12417 2.56
12417 2.62
12417 2.8
12417 0
12417 1.51
12417 0
12418 1.09
12418 3.9
12418 5.65
12418 2.56
12418 2.62
12418 2.8
12418 0
12418 1.51
12418 0
12387 1.09
12387 3.9
12387 5.65
12387 2.56
12387 2.62
12387 2.8
12387 0
12387 1.51
12387 0
12509 1.09
12509 3.9
12509 5.65
12509 2.56
12509 2.62
12509 2.8
12509 0
12509 1.51
12509 0
12510 1.09
12510 3.9
12510 5.65
12510 2.56
12510 2.62
12510 2.8
12510 0
12510 1.51
12510 0
12511 1.09
12511 3.9
12511 5.65
12511 2.56
12511 2.62
12511 2.8
12511 0
12511 1.51
12511 0
12554 1.09
12554 3.9
12554 5.65
12554 2.56
12554 2.62
12554 2.8
12554 0
12554 1.51
12554 0
12552 1.09
12552 3.9
12552 5.65
12552 2.56
12552 2.62
12552 2.8
12552 0
12552 1.51
12552 0
12553 1.09
12553 3.9
12553 5.65
12553 2.56
12553 2.62
12553 2.8
12553 0
12553 1.51
12553 0
12517 1.09
12517 3.9
12517 5.65
12517 2.56
12517 2.62
12517 2.8
12517 0
12517 1.51
12517 0
12550 1.09
12550 3.9
12550 5.65
12550 2.56
12550 2.62
12550 2.8
12550 0
12550 1.51
12550 0
12551 1.09
12551 3.9
12551 5.65
12551 2.56
12551 2.62
12551 2.8
12551 0
12551 1.51
12551 0
12518 1.09
12518 3.9
12518 5.65
12518 2.56
12518 2.62
12518 2.8
12518 0
12518 1.51
12518 0
12519 1.09
12519 3.9
12519 5.65
12519 2.56
12519 2.62
12519 2.8
12519 0
12519 1.51
12519 0
12549 1.09
12549 3.9
12549 5.65
12549 2.56
12549 2.62
12549 2.8
12549 0
12549 1.51
12549 0
12636 1.09
12636 3.9
12636 5.65
12636 2.56
12636 2.62
12636 2.8
12636 0
12636 1.51
12636 0
12639 1.09
12639 3.9
12639 5.65
12639 2.56
12639 2.62
12639 2.8
12639 0
12639 1.51
12639 0
12676 1.09
12676 3.9
12676 5.65
12676 2.56
12676 2.62
12676 2.8
12676 0
12676 1.51
12676 0
12677 1.09
12677 3.9
12677 5.65
12677 2.56
12677 2.62
12677 2.8
12677 0
12677 1.51
12677 0
12642 1.09
12642 3.9
12642 5.65
12642 2.56
12642 2.62
12642 2.8
12642 0
12642 1.51
12642 0
12643 1.09
12643 3.9
12643 5.65
12643 2.56
12643 2.62
12643 2.8
12643 0
12643 1.51
12643 0
12674 1.09
12674 3.9
12674 5.65
12674 2.56
12674 2.62
12674 2.8
12674 0
12674 1.51
12674 0
12675 1.09
12675 3.9
12675 5.65
12675 2.56
12675 2.62
12675 2.8
12675 0
12675 1.51
12675 0
12645 1.09
12645 3.9
12645 5.65
12645 2.56
12645 2.62
12645 2.8
12645 0
12645 1.51
12645 0
12646 1.09
12646 3.9
12646 5.65
12646 2.56
12646 2.62
12646 2.8
12646 0
12646 1.51
12646 0
12672 1.09
12672 3.9
12672 5.65
12672 2.56
12672 2.62
12672 2.8
12672 0
12672 1.51
12672 0
12673 1.09
12673 3.9
12673 5.65
12673 2.56
12673 2.62
12673 2.8
12673 0
12673 1.51
12673 0
12647 1.09
12647 3.9
12647 5.65
12647 2.56
12647 2.62
12647 2.8
12647 0
12647 1.51
12647 0
12648 1.09
12648 3.9
12648 5.65
12648 2.56
12648 2.62
12648 2.8
12648 0
12648 1.51
12648 0
12756 1.09
12756 3.9
12756 5.65
12756 2.56
12756 2.62
12756 2.8
12756 0
12756 1.51
12756 0
12757 1.09
12757 3.9
12757 5.65
12757 2.56
12757 2.62
12757 2.8
12757 0
12757 1.51
12757 0
12794 1.09
12794 3.9
12794 5.65
12794 2.56
12794 2.62
12794 2.8
12794 0
12794 1.51
12794 0
12795 1.09
12795 3.9
12795 5.65
12795 2.56
12795 2.62
12795 2.8
12795 0
12795 1.51
12795 0
12792 1.09
12792 3.9
12792 5.65
12792 2.56
12792 2.62
12792 2.8
12792 0
12792 1.51
12792 0
12793 1.09
12793 3.9
12793 5.65
12793 2.56
12793 2.62
12793 2.8
12793 0
12793 1.51
12793 0
12761 1.09
12761 3.9
12761 5.65
12761 2.56
12761 2.62
12761 2.8
12761 0
12761 1.51
12761 0
12790 1.09
12790 3.9
12790 5.65
12790 2.56
12790 2.62
12790 2.8
12790 0
12790 1.51
12790 0
12791 1.09
12791 3.9
12791 5.65
12791 2.56
12791 2.62
12791 2.8
12791 0
12791 1.51
12791 0
12764 1.09
12764 3.9
12764 5.65
12764 2.56
12764 2.62
12764 2.8
12764 0
12764 1.51
12764 0
12789 1.09
12789 3.9
12789 5.65
12789 2.56
12789 2.62
12789 2.8
12789 0
12789 1.51
12789 0
12765 1.09
12765 3.9
12765 5.65
12765 2.56
12765 2.62
12765 2.8
12765 0
12765 1.51
12765 0
12871 1.09
12871 3.9
12871 5.65
12871 2.56
12871 2.62
12871 2.8
12871 0
12871 1.51
12871 0
12873 1.09
12873 3.9
12873 5.65
12873 2.56
12873 2.62
12873 2.8
12873 0
12873 1.51
12873 0
12874 1.09
12874 3.9
12874 5.65
12874 2.56
12874 2.62
12874 2.8
12874 0
12874 1.51
12874 0
12876 1.09
12876 3.9
12876 5.65
12876 2.56
12876 2.62
12876 2.8
12876 0
12876 1.51
12876 0
12879 1.09
12879 3.9
12879 5.65
12879 2.56
12879 2.62
12879 2.8
12879 0
12879 1.51
12879 0
12909 1.09
12909 3.9
12909 5.65
12909 2.56
12909 2.62
12909 2.8
12909 0
12909 1.51
12909 0
12881 1.09
12881 3.9
12881 5.65
12881 2.56
12881 2.62
12881 2.8
12881 0
12881 1.51
12881 0
12882 1.09
12882 3.9
12882 5.65
12882 2.56
12882 2.62
12882 2.8
12882 0
12882 1.51
12882 0
12883 1.09
12883 3.9
12883 5.65
12883 2.56
12883 2.62
12883 2.8
12883 0
12883 1.51
12883 0
12884 1.09
12884 3.9
12884 5.65
12884 2.56
12884 2.62
12884 2.8
12884 0
12884 1.51
12884 0
12999 1.09
12999 3.9
12999 5.65
12999 2.56
12999 2.62
12999 2.8
12999 0
12999 1.51
12999 0
13002 1.09
13002 3.9
13002 5.65
13002 2.56
13002 2.62
13002 2.8
13002 0
13002 1.51
13002 0
13003 1.09
13003 3.9
13003 5.65
13003 2.56
13003 2.62
13003 2.8
13003 0
13003 1.51
13003 0
13004 1.09
13004 3.9
13004 5.65
13004 2.56
13004 2.62
13004 2.8
13004 0
13004 1.51
13004 0
13005 1.09
13005 3.9
13005 5.65
13005 2.56
13005 2.62
13005 2.8
13005 0
13005 1.51
13005 0
13113 1.09
13113 3.9
13113 5.65
13113 2.56
13113 2.62
13113 2.8
13113 0
13113 1.51
13113 0
13114 1.09
13114 3.9
13114 5.65
13114 2.56
13114 2.62
13114 2.8
13114 0
13114 1.51
13114 0
13116 1.09
13116 3.9
13116 5.65
13116 2.56
13116 2.62
13116 2.8
13116 0
13116 1.51
13116 0
13214 1.09
13214 3.9
13214 5.65
13214 2.56
13214 2.62
13214 2.8
13214 0
13214 1.51
13214 0
13215 1.09
13215 3.9
13215 5.65
13215 2.56
13215 2.62
13215 2.8
13215 0
13215 1.51
13215 0
13216 1.09
13216 3.9
13216 5.65
13216 2.56
13216 2.62
13216 2.8
13216 0
13216 1.51
13216 0
13219 1.09
13219 3.9
13219 5.65
13219 2.56
13219 2.62
13219 2.8
13219 0
13219 1.51
13219 0
13220 1.09
13220 3.9
13220 5.65
13220 2.56
13220 2.62
13220 2.8
13220 0
13220 1.51
13220 0
13314 1.09
13314 3.9
13314 5.65
13314 2.56
13314 2.62
13314 2.8
13314 0
13314 1.51
13314 0
13315 1.09
13315 3.9
13315 5.65
13315 2.56
13315 2.62
13315 2.8
13315 0
13315 1.51
13315 0
13316 1.09
13316 3.9
13316 5.65
13316 2.56
13316 2.62
13316 2.8
13316 0
13316 1.51
13316 0
13321 1.09
13321 3.9
13321 5.65
13321 2.56
13321 2.62
13321 2.8
13321 0
13321 1.51
13321 0
13398 1.09
13398 3.9
13398 5.65
13398 2.56
13398 2.62
13398 2.8
13398 0
13398 1.51
13398 0
13399 1.09
13399 3.9
13399 5.65
13399 2.56
13399 2.62
13399 2.8
13399 0
13399 1.51
13399 0
13479 1.09
13479 3.9
13479 5.65
13479 2.56
13479 2.62
13479 2.8
13479 0
13479 1.51
13479 0
13480 1.09
13480 3.9
13480 5.65
13480 2.56
13480 2.62
13480 2.8
13480 0
13480 1.51
13480 0
13481 1.09
13481 3.9
13481 5.65
13481 2.56
13481 2.62
13481 2.8
13481 0
13481 1.51
13481 0
13482 1.09
13482 3.9
13482 5.65
13482 2.56
13482 2.62
13482 2.8
13482 0
13482 1.51
13482 0
13550 1.09
13550 3.9
13550 5.65
13550 2.56
13550 2.62
13550 2.8
13550 0
13550 1.51
13550 0
13551 1.09
13551 3.9
13551 5.65
13551 2.56
13551 2.62
13551 2.8
13551 0
13551 1.51
13551 0
13552 1.09
13552 3.9
13552 5.65
13552 2.56
13552 2.62
13552 2.8
13552 0
13552 1.51
13552 0
13553 1.09
13553 3.9
13553 5.65
13553 2.56
13553 2.62
13553 2.8
13553 0
13553 1.51
13553 0
13608 1.09
13608 3.9
13608 5.65
13608 2.56
13608 2.62
13608 2.8
13608 0
13608 1.51
13608 0
13609 1.09
13609 3.9
13609 5.65
13609 2.56
13609 2.62
13609 2.8
13609 0
13609 1.51
13609 0
13610 1.09
13610 3.9
13610 5.65
13610 2.56
13610 2.62
13610 2.8
13610 0
13610 1.51
13610 0
13611 1.09
13611 3.9
13611 5.65
13611 2.56
13611 2.62
13611 2.8
13611 0
13611 1.51
13611 0
13612 1.09
13612 3.9
13612 5.65
13612 2.56
13612 2.62
13612 2.8
13612 0
13612 1.51
13612 0
13667 1.09
13667 3.9
13667 5.65
13667 2.56
13667 2.62
13667 2.8
13667 0
13667 1.51
13667 0
13668 1.09
13668 3.9
13668 5.65
13668 2.56
13668 2.62
13668 2.8
13668 0
13668 1.51
13668 0
13669 1.09
13669 3.9
13669 5.65
13669 2.56
13669 2.62
13669 2.8
13669 0
13669 1.51
13669 0
13670 1.09
13670 3.9
13670 5.65
13670 2.56
13670 2.62
13670 2.8
13670 0
13670 1.51
13670 0
13676 1.09
13676 3.9
13676 5.65
13676 2.56
13676 2.62
13676 2.8
13676 0
13676 1.51
13676 0
13718 1.09
13718 3.9
13718 5.65
13718 2.56
13718 2.62
13718 2.8
13718 0
13718 1.51
13718 0
13722 1.09
13722 3.9
13722 5.65
13722 2.56
13722 2.62
13722 2.8
13722 0
13722 1.51
13722 0
13723 1.09
13723 3.9
13723 5.65
13723 2.56
13723 2.62
13723 2.8
13723 0
13723 1.51
13723 0
13725 1.09
13725 3.9
13725 5.65
13725 2.56
13725 2.62
13725 2.8
13725 0
13725 1.51
13725 0
13773 1.09
13773 3.9
13773 5.65
13773 2.56
13773 2.62
13773 2.8
13773 0
13773 1.51
13773 0
13774 1.09
13774 3.9
13774 5.65
13774 2.56
13774 2.62
13774 2.8
13774 0
13774 1.51
13774 0
13777 1.09
13777 3.9
13777 5.65
13777 2.56
13777 2.62
13777 2.8
13777 0
13777 1.51
13777 0
13778 1.09
13778 3.9
13778 5.65
13778 2.56
13778 2.62
13778 2.8
13778 0
13778 1.51
13778 0
13779 1.09
13779 3.9
13779 5.65
13779 2.56
13779 2.62
13779 2.8
13779 0
13779 1.51
13779 0
13829 1.09
13829 3.9
13829 5.65
13829 2.56
13829 2.62
13829 2.8
13829 0
13829 1.51
13829 0
13830 1.09
13830 3.9
13830 5.65
13830 2.56
13830 2.62
13830 2.8
13830 0
13830 1.51
13830 0
13884 1.09
13884 3.9
13884 5.65
13884 2.56
13884 2.62
13884 2.8
13884 0
13884 1.51
13884 0
13887 1.09
13887 3.9
13887 5.65
13887 2.56
13887 2.62
13887 2.8
13887 0
13887 1.51
13887 0
13941 1.09
13941 3.9
13941 5.65
13941 2.56
13941 2.62
13941 2.8
13941 0
13941 1.51
13941 0
13943 1.09
13943 3.9
13943 5.65
13943 2.56
13943 2.62
13943 2.8
13943 0
13943 1.51
13943 0
13998 1.09
13998 3.9
13998 5.65
13998 2.56
13998 2.62
13998 2.8
13998 0
13998 1.51
13998 0
14000 1.09
14000 3.9
14000 5.65
14000 2.56
14000 2.62
14000 2.8
14000 0
14000 1.51
14000 0
14001 1.09
14001 3.9
14001 5.65
14001 2.56
14001 2.62
14001 2.8
14001 0
14001 1.51
14001 0
14057 1.09
14057 3.9
14057 5.65
14057 2.56
14057 2.62
14057 2.8
14057 0
14057 1.51
14057 0
14089 1.09
14089 3.9
14089 5.65
14089 2.56
14089 2.62
14089 2.8
14089 0
14089 1.51
14089 0
14100 1.09
14100 3.9
14100 5.65
14100 2.56
14100 2.62
14100 2.8
14100 0
14100 1.51
14100 0
14103 1.09
14103 3.9
14103 5.65
14103 2.56
14103 2.62
14103 2.8
14103 0
14103 1.51
14103 0
14109 1.09
14109 3.9
14109 5.65
14109 2.56
14109 2.62
14109 2.8
14109 0
14109 1.51
14109 0
14110 1.09
14110 3.9
14110 5.65
14110 2.56
14110 2.62
14110 2.8
14110 0
14110 1.51
14110 0
14111 1.09
14111 3.9
14111 5.65
14111 2.56
14111 2.62
14111 2.8
14111 0
14111 1.51
14111 0
14154 1.09
14154 3.9
14154 5.65
14154 2.56
14154 2.62
14154 2.8
14154 0
14154 1.51
14154 0
14157 1.09
14157 3.9
14157 5.65
14157 2.56
14157 2.62
14157 2.8
14157 0
14157 1.51
14157 0
14159 1.09
14159 3.9
14159 5.65
14159 2.56
14159 2.62
14159 2.8
14159 0
14159 1.51
14159 0
14165 1.09
14165 3.9
14165 5.65
14165 2.56
14165 2.62
14165 2.8
14165 0
14165 1.51
14165 0
14166 1.09
14166 3.9
14166 5.65
14166 2.56
14166 2.62
14166 2.8
14166 0
14166 1.51
14166 0
14167 1.09
14167 3.9
14167 5.65
14167 2.56
14167 2.62
14167 2.8
14167 0
14167 1.51
14167 0
14207 1.09
14207 3.9
14207 5.65
14207 2.56
14207 2.62
14207 2.8
14207 0
14207 1.51
14207 0
14213 1.09
14213 3.9
14213 5.65
14213 2.56
14213 2.62
14213 2.8
14213 0
14213 1.51
14213 0
14214 1.09
14214 3.9
14214 5.65
14214 2.56
14214 2.62
14214 2.8
14214 0
14214 1.51
14214 0
14215 1.09
14215 3.9
14215 5.65
14215 2.56
14215 2.62
14215 2.8
14215 0
14215 1.51
14215 0
14216 1.09
14216 3.9
14216 5.65
14216 2.56
14216 2.62
14216 2.8
14216 0
14216 1.51
14216 0
14251 1.09
14251 3.9
14251 5.65
14251 2.56
14251 2.62
14251 2.8
14251 0
14251 1.51
14251 0
14261 1.09
14261 3.9
14261 5.65
14261 2.56
14261 2.62
14261 2.8
14261 0
14261 1.51
14261 0
14262 1.09
14262 3.9
14262 5.65
14262 2.56
14262 2.62
14262 2.8
14262 0
14262 1.51
14262 0
14309 1.09
14309 3.9
14309 5.65
14309 2.56
14309 2.62
14309 2.8
14309 0
14309 1.51
14309 0
14310 1.09
14310 3.9
14310 5.65
14310 2.56
14310 2.62
14310 2.8
14310 0
14310 1.51
14310 0
14352 1.09
14352 3.9
14352 5.65
14352 2.56
14352 2.62
14352 2.8
14352 0
14352 1.51
14352 0
14353 1.09
14353 3.9
14353 5.65
14353 2.56
14353 2.62
14353 2.8
14353 0
14353 1.51
14353 0
14395 1.09
14395 3.9
14395 5.65
14395 2.56
14395 2.62
14395 2.8
14395 0
14395 1.51
14395 0
14396 1.09
14396 3.9
14396 5.65
14396 2.56
14396 2.62
14396 2.8
14396 0
14396 1.51
14396 0
14467 1.09
14467 3.9
14467 5.65
14467 2.56
14467 2.62
14467 2.8
14467 0
14467 1.51
14467 0
14468 1.09
14468 3.9
14468 5.65
14468 2.56
14468 2.62
14468 2.8
14468 0
14468 1.51
14468 0
14471 1.09
14471 3.9
14471 5.65
14471 2.56
14471 2.62
14471 2.8
14471 0
14471 1.51
14471 0
14504 1.09
14504 3.9
14504 5.65
14504 2.56
14504 2.62
14504 2.8
14504 0
14504 1.51
14504 0
14505 1.09
14505 3.9
14505 5.65
14505 2.56
14505 2.62
14505 2.8
14505 0
14505 1.51
14505 0
14535 1.09
14535 3.9
14535 5.65
14535 2.56
14535 2.62
14535 2.8
14535 0
14535 1.51
14535 0
14536 1.09
14536 3.9
14536 5.65
14536 2.56
14536 2.62
14536 2.8
14536 0
14536 1.51
14536 0
14565 1.09
14565 3.9
14565 5.65
14565 2.56
14565 2.62
14565 2.8
14565 0
14565 1.51
14565 0
14566 1.09
14566 3.9
14566 5.65
14566 2.56
14566 2.62
14566 2.8
14566 0
14566 1.51
14566 0
14567 1.09
14567 3.9
14567 5.65
14567 2.56
14567 2.62
14567 2.8
14567 0
14567 1.51
14567 0
14600 1.09
14600 3.9
14600 5.65
14600 2.56
14600 2.62
14600 2.8
14600 0
14600 1.51
14600 0
14601 1.09
14601 3.9
14601 5.65
14601 2.56
14601 2.62
14601 2.8
14601 0
14601 1.51
14601 0
14602 1.09
14602 3.9
14602 5.65
14602 2.56
14602 2.62
14602 2.8
14602 0
14602 1.51
14602 0
14603 1.09
14603 3.9
14603 5.65
14603 2.56
14603 2.62
14603 2.8
14603 0
14603 1.51
14603 0
14906 1.09
14906 3.9
14906 5.65
14906 2.56
14906 2.62
14906 2.8
14906 0
14906 1.51
14906 0
14934 1.09
14934 3.9
14934 5.65
14934 2.56
14934 2.62
14934 2.8
14934 0
14934 1.51
14934 0
14986 1.09
14986 3.9
14986 5.65
14986 2.56
14986 2.62
14986 2.8
14986 0
14986 1.51
14986 0
15013 1.09
15013 3.9
15013 5.65
15013 2.56
15013 2.62
15013 2.8
15013 0
15013 1.51
15013 0
15060 1.09
15060 3.9
15060 5.65
15060 2.56
15060 2.62
15060 2.8
15060 0
15060 1.51
15060 0
15064 1.09
15064 3.9
15064 5.65
15064 2.56
15064 2.62
15064 2.8
15064 0
15064 1.51
15064 0
15094 1.09
15094 3.9
15094 5.65
15094 2.56
15094 2.62
15094 2.8
15094 0
15094 1.51
15094 0
15095 1.09
15095 3.9
15095 5.65
15095 2.56
15095 2.62
15095 2.8
15095 0
15095 1.51
15095 0
15124 1.09
15124 3.9
15124 5.65
15124 2.56
15124 2.62
15124 2.8
15124 0
15124 1.51
15124 0
15125 1.09
15125 3.9
15125 5.65
15125 2.56
15125 2.62
15125 2.8
15125 0
15125 1.51
15125 0
15130 1.09
15130 3.9
15130 5.65
15130 2.56
15130 2.62
15130 2.8
15130 0
15130 1.51
15130 0
15132 1.09
15132 3.9
15132 5.65
15132 2.56
15132 2.62
15132 2.8
15132 0
15132 1.51
15132 0
15266 1.09
15266 3.9
15266 5.65
15266 2.56
15266 2.62
15266 2.8
15266 0
15266 1.51
15266 0
15310 1.09
15310 3.9
15310 5.65
15310 2.56
15310 2.62
15310 2.8
15310 0
15310 1.51
15310 0
15312 1.09
15312 3.9
15312 5.65
15312 2.56
15312 2.62
15312 2.8
15312 0
15312 1.51
15312 0
15364 1.09
15364 3.9
15364 5.65
15364 2.56
15364 2.62
15364 2.8
15364 0
15364 1.51
15364 0
15367 1.09
15367 3.9
15367 5.65
15367 2.56
15367 2.62
15367 2.8
15367 0
15367 1.51
15367 0
15423 1.09
15423 3.9
15423 5.65
15423 2.56
15423 2.62
15423 2.8
15423 0
15423 1.51
15423 0
15424 1.09
15424 3.9
15424 5.65
15424 2.56
15424 2.62
15424 2.8
15424 0
15424 1.51
15424 0
15426 1.09
15426 3.9
15426 5.65
15426 2.56
15426 2.62
15426 2.8
15426 0
15426 1.51
15426 0
15427 1.09
15427 3.9
15427 5.65
15427 2.56
15427 2.62
15427 2.8
15427 0
15427 1.51
15427 0
15491 1.09
15491 3.9
15491 5.65
15491 2.56
15491 2.62
15491 2.8
15491 0
15491 1.51
15491 0
15554 1.09
15554 3.9
15554 5.65
15554 2.56
15554 2.62
15554 2.8
15554 0
15554 1.51
15554 0
15608 1.09
15608 3.9
15608 5.65
15608 2.56
15608 2.62
15608 2.8
15608 0
15608 1.51
15608 0
15618 1.09
15618 3.9
15618 5.65
15618 2.56
15618 2.62
15618 2.8
15618 0
15618 1.51
15618 0
15619 1.09
15619 3.9
15619 5.65
15619 2.56
15619 2.62
15619 2.8
15619 0
15619 1.51
15619 0
15620 1.09
15620 3.9
15620 5.65
15620 2.56
15620 2.62
15620 2.8
15620 0
15620 1.51
15620 0
15682 1.09
15682 3.9
15682 5.65
15682 2.56
15682 2.62
15682 2.8
15682 0
15682 1.51
15682 0
15683 1.09
15683 3.9
15683 5.65
15683 2.56
15683 2.62
15683 2.8
15683 0
15683 1.51
15683 0
15748 1.09
15748 3.9
15748 5.65
15748 2.56
15748 2.62
15748 2.8
15748 0
15748 1.51
15748 0
15750 1.09
15750 3.9
15750 5.65
15750 2.56
15750 2.62
15750 2.8
15750 0
15750 1.51
15750 0
15751 1.09
15751 3.9
15751 5.65
15751 2.56
15751 2.62
15751 2.8
15751 0
15751 1.51
15751 0
15817 1.09
15817 3.9
15817 5.65
15817 2.56
15817 2.62
15817 2.8
15817 0
15817 1.51
15817 0
15818 1.09
15818 3.9
15818 5.65
15818 2.56
15818 2.62
15818 2.8
15818 0
15818 1.51
15818 0
15881 1.09
15881 3.9
15881 5.65
15881 2.56
15881 2.62
15881 2.8
15881 0
15881 1.51
15881 0
15883 1.09
15883 3.9
15883 5.65
15883 2.56
15883 2.62
15883 2.8
15883 0
15883 1.51
15883 0
15884 1.09
15884 3.9
15884 5.65
15884 2.56
15884 2.62
15884 2.8
15884 0
15884 1.51
15884 0
15944 1.09
15944 3.9
15944 5.65
15944 2.56
15944 2.62
15944 2.8
15944 0
15944 1.51
15944 0
15947 1.09
15947 3.9
15947 5.65
15947 2.56
15947 2.62
15947 2.8
15947 0
15947 1.51
15947 0
15949 1.09
15949 3.9
15949 5.65
15949 2.56
15949 2.62
15949 2.8
15949 0
15949 1.51
15949 0
16001 1.09
16001 3.9
16001 5.65
16001 2.56
16001 2.62
16001 2.8
16001 0
16001 1.51
16001 0
16004 1.09
16004 3.9
16004 5.65
16004 2.56
16004 2.62
16004 2.8
16004 0
16004 1.51
16004 0
16050 1.09
16050 3.9
16050 5.65
16050 2.56
16050 2.62
16050 2.8
16050 0
16050 1.51
16050 0
16053 1.09
16053 3.9
16053 5.65
16053 2.56
16053 2.62
16053 2.8
16053 0
16053 1.51
16053 0
16056 1.09
16056 3.9
16056 5.65
16056 2.56
16056 2.62
16056 2.8
16056 0
16056 1.51
16056 0
16103 1.09
16103 3.9
16103 5.65
16103 2.56
16103 2.62
16103 2.8
16103 0
16103 1.51
16103 0
16104 1.09
16104 3.9
16104 5.65
16104 2.56
16104 2.62
16104 2.8
16104 0
16104 1.51
16104 0
16150 1.09
16150 3.9
16150 5.65
16150 2.56
16150 2.62
16150 2.8
16150 0
16150 1.51
16150 0
16152 1.09
16152 3.9
16152 5.65
16152 2.56
16152 2.62
16152 2.8
16152 0
16152 1.51
16152 0
16195 1.09
16195 3.9
16195 5.65
16195 2.56
16195 2.62
16195 2.8
16195 0
16195 1.51
16195 0
16197 1.09
16197 3.9
16197 5.65
16197 2.56
16197 2.62
16197 2.8
16197 0
16197 1.51
16197 0
16198 1.09
16198 3.9
16198 5.65
16198 2.56
16198 2.62
16198 2.8
16198 0
16198 1.51
16198 0
16245 1.09
16245 3.9
16245 5.65
16245 2.56
16245 2.62
16245 2.8
16245 0
16245 1.51
16245 0
16289 1.09
16289 3.9
16289 5.65
16289 2.56
16289 2.62
16289 2.8
16289 0
16289 1.51
16289 0
16291 1.09
16291 3.9
16291 5.65
16291 2.56
16291 2.62
16291 2.8
16291 0
16291 1.51
16291 0
16292 1.09
16292 3.9
16292 5.65
16292 2.56
16292 2.62
16292 2.8
16292 0
16292 1.51
16292 0
16327 1.09
16327 3.9
16327 5.65
16327 2.56
16327 2.62
16327 2.8
16327 0
16327 1.51
16327 0
16336 1.09
16336 3.9
16336 5.65
16336 2.56
16336 2.62
16336 2.8
16336 0
16336 1.51
16336 0
16382 1.09
16382 3.9
16382 5.65
16382 2.56
16382 2.62
16382 2.8
16382 0
16382 1.51
16382 0
16411 1.09
16411 3.9
16411 5.65
16411 2.56
16411 2.62
16411 2.8
16411 0
16411 1.51
16411 0
16413 1.09
16413 3.9
16413 5.65
16413 2.56
16413 2.62
16413 2.8
16413 0
16413 1.51
16413 0
16424 1.09
16424 3.9
16424 5.65
16424 2.56
16424 2.62
16424 2.8
16424 0
16424 1.51
16424 0
16455 1.09
16455 3.9
16455 5.65
16455 2.56
16455 2.62
16455 2.8
16455 0
16455 1.51
16455 0
16465 1.09
16465 3.9
16465 5.65
16465 2.56
16465 2.62
16465 2.8
16465 0
16465 1.51
16465 0
16467 1.09
16467 3.9
16467 5.65
16467 2.56
16467 2.62
16467 2.8
16467 0
16467 1.51
16467 0
16468 1.09
16468 3.9
16468 5.65
16468 2.56
16468 2.62
16468 2.8
16468 0
16468 1.51
16468 0
16502 1.09
16502 3.9
16502 5.65
16502 2.56
16502 2.62
16502 2.8
16502 0
16502 1.51
16502 0
16503 1.09
16503 3.9
16503 5.65
16503 2.56
16503 2.62
16503 2.8
16503 0
16503 1.51
16503 0
16508 1.09
16508 3.9
16508 5.65
16508 2.56
16508 2.62
16508 2.8
16508 0
16508 1.51
16508 0
16510 1.09
16510 3.9
16510 5.65
16510 2.56
16510 2.62
16510 2.8
16510 0
16510 1.51
16510 0
16511 1.09
16511 3.9
16511 5.65
16511 2.56
16511 2.62
16511 2.8
16511 0
16511 1.51
16511 0
16542 1.09
16542 3.9
16542 5.65
16542 2.56
16542 2.62
16542 2.8
16542 0
16542 1.51
16542 0
16548 1.09
16548 3.9
16548 5.65
16548 2.56
16548 2.62
16548 2.8
16548 0
16548 1.51
16548 0
16550 1.09
16550 3.9
16550 5.65
16550 2.56
16550 2.62
16550 2.8
16550 0
16550 1.51
16550 0
16551 1.09
16551 3.9
16551 5.65
16551 2.56
16551 2.62
16551 2.8
16551 0
16551 1.51
16551 0
16553 1.09
16553 3.9
16553 5.65
16553 2.56
16553 2.62
16553 2.8
16553 0
16553 1.51
16553 0
16595 1.09
16595 3.9
16595 5.65
16595 2.56
16595 2.62
16595 2.8
16595 0
16595 1.51
16595 0
16597 1.09
16597 3.9
16597 5.65
16597 2.56
16597 2.62
16597 2.8
16597 0
16597 1.51
16597 0
16635 1.09
16635 3.9
16635 5.65
16635 2.56
16635 2.62
16635 2.8
16635 0
16635 1.51
16635 0
16640 1.09
16640 3.9
16640 5.65
16640 2.56
16640 2.62
16640 2.8
16640 0
16640 1.51
16640 0
16676 1.09
16676 3.9
16676 5.65
16676 2.56
16676 2.62
16676 2.8
16676 0
16676 1.51
16676 0
16678 1.09
16678 3.9
16678 5.65
16678 2.56
16678 2.62
16678 2.8
16678 0
16678 1.51
16678 0
16679 1.09
16679 3.9
16679 5.65
16679 2.56
16679 2.62
16679 2.8
16679 0
16679 1.51
16679 0
16725 1.09
16725 3.9
16725 5.65
16725 2.56
16725 2.62
16725 2.8
16725 0
16725 1.51
16725 0
16728 1.09
16728 3.9
16728 5.65
16728 2.56
16728 2.62
16728 2.8
16728 0
16728 1.51
16728 0
16730 1.09
16730 3.9
16730 5.65
16730 2.56
16730 2.62
16730 2.8
16730 0
16730 1.51
16730 0
16731 1.09
16731 3.9
16731 5.65
16731 2.56
16731 2.62
16731 2.8
16731 0
16731 1.51
16731 0
16772 1.09
16772 3.9
16772 5.65
16772 2.56
16772 2.62
16772 2.8
16772 0
16772 1.51
16772 0
16776 1.09
16776 3.9
16776 5.65
16776 2.56
16776 2.62
16776 2.8
16776 0
16776 1.51
16776 0
16820 1.09
16820 3.9
16820 5.65
16820 2.56
16820 2.62
16820 2.8
16820 0
16820 1.51
16820 0
16822 1.09
16822 3.9
16822 5.65
16822 2.56
16822 2.62
16822 2.8
16822 0
16822 1.51
16822 0
16823 1.09
16823 3.9
16823 5.65
16823 2.56
16823 2.62
16823 2.8
16823 0
16823 1.51
16823 0
16824 1.09
16824 3.9
16824 5.65
16824 2.56
16824 2.62
16824 2.8
16824 0
16824 1.51
16824 0
16862 1.09
16862 3.9
16862 5.65
16862 2.56
16862 2.62
16862 2.8
16862 0
16862 1.51
16862 0
16865 1.09
16865 3.9
16865 5.65
16865 2.56
16865 2.62
16865 2.8
16865 0
16865 1.51
16865 0
16868 1.09
16868 3.9
16868 5.65
16868 2.56
16868 2.62
16868 2.8
16868 0
16868 1.51
16868 0
16869 1.09
16869 3.9
16869 5.65
16869 2.56
16869 2.62
16869 2.8
16869 0
16869 1.51
16869 0
16870 1.09
16870 3.9
16870 5.65
16870 2.56
16870 2.62
16870 2.8
16870 0
16870 1.51
16870 0
16871 1.09
16871 3.9
16871 5.65
16871 2.56
16871 2.62
16871 2.8
16871 0
16871 1.51
16871 0
16915 1.09
16915 3.9
16915 5.65
16915 2.56
16915 2.62
16915 2.8
16915 0
16915 1.51
16915 0
16916 1.09
16916 3.9
16916 5.65
16916 2.56
16916 2.62
16916 2.8
16916 0
16916 1.51
16916 0
16919 1.09
16919 3.9
16919 5.65
16919 2.56
16919 2.62
16919 2.8
16919 0
16919 1.51
16919 0
16955 1.09
16955 3.9
16955 5.65
16955 2.56
16955 2.62
16955 2.8
16955 0
16955 1.51
16955 0
16956 1.09
16956 3.9
16956 5.65
16956 2.56
16956 2.62
16956 2.8
16956 0
16956 1.51
16956 0
16961 1.09
16961 3.9
16961 5.65
16961 2.56
16961 2.62
16961 2.8
16961 0
16961 1.51
16961 0
16962 1.09
16962 3.9
16962 5.65
16962 2.56
16962 2.62
16962 2.8
16962 0
16962 1.51
16962 0
16963 1.09
16963 3.9
16963 5.65
16963 2.56
16963 2.62
16963 2.8
16963 0
16963 1.51
16963 0
16964 1.09
16964 3.9
16964 5.65
16964 2.56
16964 2.62
16964 2.8
16964 0
16964 1.51
16964 0
17005 1.09
17005 3.9
17005 5.65
17005 2.56
17005 2.62
17005 2.8
17005 0
17005 1.51
17005 0
17006 1.09
17006 3.9
17006 5.65
17006 2.56
17006 2.62
17006 2.8
17006 0
17006 1.51
17006 0
17047 1.09
17047 3.9
17047 5.65
17047 2.56
17047 2.62
17047 2.8
17047 0
17047 1.51
17047 0
17048 1.09
17048 3.9
17048 5.65
17048 2.56
17048 2.62
17048 2.8
17048 0
17048 1.51
17048 0
