pt_graph cpue_kghour
6083 1.02
6083 0
6083 2.16
6083 2.02
6083 2
6083 2.09
6083 0
6083 0.05
6083 0
6142 1.02
6142 0
6142 2.16
6142 2.02
6142 2
6142 2.09
6142 0
6142 0.05
6142 0
6319 1.02
6319 0
6319 2.16
6319 2.02
6319 2
6319 2.09
6319 0
6319 0.05
6319 0
6381 1.02
6381 0
6381 2.16
6381 2.02
6381 2
6381 2.09
6381 0
6381 0.05
6381 0
6506 1.02
6506 0
6506 2.16
6506 2.02
6506 2
6506 2.09
6506 0
6506 0.05
6506 0
6628 1.02
6628 0
6628 2.16
6628 2.02
6628 2
6628 2.09
6628 0
6628 0.05
6628 0
6745 1.02
6745 0
6745 2.16
6745 2.02
6745 2
6745 2.09
6745 0
6745 0.05
6745 0
7102 1.02
7102 0
7102 2.16
7102 2.02
7102 2
7102 2.09
7102 0
7102 0.05
7102 0
7163 1.02
7163 0
7163 2.16
7163 2.02
7163 2
7163 2.09
7163 0
7163 0.05
7163 0
7227 1.02
7227 0
7227 2.16
7227 2.02
7227 2
7227 2.09
7227 0
7227 0.05
7227 0
7228 1.02
7228 0
7228 2.16
7228 2.02
7228 2
7228 2.09
7228 0
7228 0.05
7228 0
7419 1.02
7419 0
7419 2.16
7419 2.02
7419 2
7419 2.09
7419 0
7419 0.05
7419 0
7795 1.02
7795 0
7795 2.16
7795 2.02
7795 2
7795 2.09
7795 0
7795 0.05
7795 0
7931 1.02
7931 0
7931 2.16
7931 2.02
7931 2
7931 2.09
7931 0
7931 0.05
7931 0
7986 1.02
7986 0
7986 2.16
7986 2.02
7986 2
7986 2.09
7986 0
7986 0.05
7986 0
7988 1.02
7988 0
7988 2.16
7988 2.02
7988 2
7988 2.09
7988 0
7988 0.05
7988 0
7992 1.02
7992 0
7992 2.16
7992 2.02
7992 2
7992 2.09
7992 0
7992 0.05
7992 0
8034 1.02
8034 0
8034 2.16
8034 2.02
8034 2
8034 2.09
8034 0
8034 0.05
8034 0
8036 1.02
8036 0
8036 2.16
8036 2.02
8036 2
8036 2.09
8036 0
8036 0.05
8036 0
8118 1.02
8118 0
8118 2.16
8118 2.02
8118 2
8118 2.09
8118 0
8118 0.05
8118 0
8155 1.02
8155 0
8155 2.16
8155 2.02
8155 2
8155 2.09
8155 0
8155 0.05
8155 0
8177 1.02
8177 0
8177 2.16
8177 2.02
8177 2
8177 2.09
8177 0
8177 0.05
8177 0
8179 1.02
8179 0
8179 2.16
8179 2.02
8179 2
8179 2.09
8179 0
8179 0.05
8179 0
8244 1.02
8244 0
8244 2.16
8244 2.02
8244 2
8244 2.09
8244 0
8244 0.05
8244 0
8275 1.02
8275 0
8275 2.16
8275 2.02
8275 2
8275 2.09
8275 0
8275 0.05
8275 0
8302 1.02
8302 0
8302 2.16
8302 2.02
8302 2
8302 2.09
8302 0
8302 0.05
8302 0
8389 1.02
8389 0
8389 2.16
8389 2.02
8389 2
8389 2.09
8389 0
8389 0.05
8389 0
8414 1.02
8414 0
8414 2.16
8414 2.02
8414 2
8414 2.09
8414 0
8414 0.05
8414 0
8446 1.02
8446 0
8446 2.16
8446 2.02
8446 2
8446 2.09
8446 0
8446 0.05
8446 0
8557 1.02
8557 0
8557 2.16
8557 2.02
8557 2
8557 2.09
8557 0
8557 0.05
8557 0
8567 1.02
8567 0
8567 2.16
8567 2.02
8567 2
8567 2.09
8567 0
8567 0.05
8567 0
8570 1.02
8570 0
8570 2.16
8570 2.02
8570 2
8570 2.09
8570 0
8570 0.05
8570 0
8741 1.02
8741 0
8741 2.16
8741 2.02
8741 2
8741 2.09
8741 0
8741 0.05
8741 0
8749 1.02
8749 0
8749 2.16
8749 2.02
8749 2
8749 2.09
8749 0
8749 0.05
8749 0
8795 1.02
8795 0
8795 2.16
8795 2.02
8795 2
8795 2.09
8795 0
8795 0.05
8795 0
8802 1.02
8802 0
8802 2.16
8802 2.02
8802 2
8802 2.09
8802 0
8802 0.05
8802 0
8830 1.02
8830 0
8830 2.16
8830 2.02
8830 2
8830 2.09
8830 0
8830 0.05
8830 0
8840 1.02
8840 0
8840 2.16
8840 2.02
8840 2
8840 2.09
8840 0
8840 0.05
8840 0
9005 1.02
9005 0
9005 2.16
9005 2.02
9005 2
9005 2.09
9005 0
9005 0.05
9005 0
9008 1.02
9008 0
9008 2.16
9008 2.02
9008 2
9008 2.09
9008 0
9008 0.05
9008 0
9012 1.02
9012 0
9012 2.16
9012 2.02
9012 2
9012 2.09
9012 0
9012 0.05
9012 0
9043 1.02
9043 0
9043 2.16
9043 2.02
9043 2
9043 2.09
9043 0
9043 0.05
9043 0
9080 1.02
9080 0
9080 2.16
9080 2.02
9080 2
9080 2.09
9080 0
9080 0.05
9080 0
9133 1.02
9133 0
9133 2.16
9133 2.02
9133 2
9133 2.09
9133 0
9133 0.05
9133 0
9174 1.02
9174 0
9174 2.16
9174 2.02
9174 2
9174 2.09
9174 0
9174 0.05
9174 0
9206 1.02
9206 0
9206 2.16
9206 2.02
9206 2
9206 2.09
9206 0
9206 0.05
9206 0
9207 1.02
9207 0
9207 2.16
9207 2.02
9207 2
9207 2.09
9207 0
9207 0.05
9207 0
9256 1.02
9256 0
9256 2.16
9256 2.02
9256 2
9256 2.09
9256 0
9256 0.05
9256 0
9261 1.02
9261 0
9261 2.16
9261 2.02
9261 2
9261 2.09
9261 0
9261 0.05
9261 0
9350 1.02
9350 0
9350 2.16
9350 2.02
9350 2
9350 2.09
9350 0
9350 0.05
9350 0
9471 1.02
9471 0
9471 2.16
9471 2.02
9471 2
9471 2.09
9471 0
9471 0.05
9471 0
9688 1.02
9688 0
9688 2.16
9688 2.02
9688 2
9688 2.09
9688 0
9688 0.05
9688 0
9690 1.02
9690 0
9690 2.16
9690 2.02
9690 2
9690 2.09
9690 0
9690 0.05
9690 0
9764 1.02
9764 0
9764 2.16
9764 2.02
9764 2
9764 2.09
9764 0
9764 0.05
9764 0
9767 1.02
9767 0
9767 2.16
9767 2.02
9767 2
9767 2.09
9767 0
9767 0.05
9767 0
9847 1.02
9847 0
9847 2.16
9847 2.02
9847 2
9847 2.09
9847 0
9847 0.05
9847 0
10003 1.02
10003 0
10003 2.16
10003 2.02
10003 2
10003 2.09
10003 0
10003 0.05
10003 0
10084 1.02
10084 0
10084 2.16
10084 2.02
10084 2
10084 2.09
10084 0
10084 0.05
10084 0
10093 1.02
10093 0
10093 2.16
10093 2.02
10093 2
10093 2.09
10093 0
10093 0.05
10093 0
10171 1.02
10171 0
10171 2.16
10171 2.02
10171 2
10171 2.09
10171 0
10171 0.05
10171 0
10261 1.02
10261 0
10261 2.16
10261 2.02
10261 2
10261 2.09
10261 0
10261 0.05
10261 0
