pt_graph scale
12520 1.1152380952381
12520 0
12520 3.2597619047619
12520 2.12547619047619
12520 2
12520 2.68047619047619
12520 0.0019047619047619
12520 0.0169047619047619
12520 0.0133333333333333
12522 1.1152380952381
12522 0
12522 3.2597619047619
12522 2.12547619047619
12522 2
12522 2.68047619047619
12522 0.0019047619047619
12522 0.0169047619047619
12522 0.0133333333333333
12523 1.1152380952381
12523 0
12523 3.2597619047619
12523 2.12547619047619
12523 2
12523 2.68047619047619
12523 0.0019047619047619
12523 0.0169047619047619
12523 0.0133333333333333
12524 1.1152380952381
12524 0
12524 3.2597619047619
12524 2.12547619047619
12524 2
12524 2.68047619047619
12524 0.0019047619047619
12524 0.0169047619047619
12524 0.0133333333333333
12525 1.1152380952381
12525 0
12525 3.2597619047619
12525 2.12547619047619
12525 2
12525 2.68047619047619
12525 0.0019047619047619
12525 0.0169047619047619
12525 0.0133333333333333
12526 1.1152380952381
12526 0
12526 3.2597619047619
12526 2.12547619047619
12526 2
12526 2.68047619047619
12526 0.0019047619047619
12526 0.0169047619047619
12526 0.0133333333333333
12527 1.1152380952381
12527 0
12527 3.2597619047619
12527 2.12547619047619
12527 2
12527 2.68047619047619
12527 0.0019047619047619
12527 0.0169047619047619
12527 0.0133333333333333
12528 1.1152380952381
12528 0
12528 3.2597619047619
12528 2.12547619047619
12528 2
12528 2.68047619047619
12528 0.0019047619047619
12528 0.0169047619047619
12528 0.0133333333333333
12529 1.1152380952381
12529 0
12529 3.2597619047619
12529 2.12547619047619
12529 2
12529 2.68047619047619
12529 0.0019047619047619
12529 0.0169047619047619
12529 0.0133333333333333
12530 1.1152380952381
12530 0
12530 3.2597619047619
12530 2.12547619047619
12530 2
12530 2.68047619047619
12530 0.0019047619047619
12530 0.0169047619047619
12530 0.0133333333333333
12532 1.1152380952381
12532 0
12532 3.2597619047619
12532 2.12547619047619
12532 2
12532 2.68047619047619
12532 0.0019047619047619
12532 0.0169047619047619
12532 0.0133333333333333
12646 1.1152380952381
12646 0
12646 3.2597619047619
12646 2.12547619047619
12646 2
12646 2.68047619047619
12646 0.0019047619047619
12646 0.0169047619047619
12646 0.0133333333333333
12648 1.1152380952381
12648 0
12648 3.2597619047619
12648 2.12547619047619
12648 2
12648 2.68047619047619
12648 0.0019047619047619
12648 0.0169047619047619
12648 0.0133333333333333
12649 1.1152380952381
12649 0
12649 3.2597619047619
12649 2.12547619047619
12649 2
12649 2.68047619047619
12649 0.0019047619047619
12649 0.0169047619047619
12649 0.0133333333333333
12650 1.1152380952381
12650 0
12650 3.2597619047619
12650 2.12547619047619
12650 2
12650 2.68047619047619
12650 0.0019047619047619
12650 0.0169047619047619
12650 0.0133333333333333
12651 1.1152380952381
12651 0
12651 3.2597619047619
12651 2.12547619047619
12651 2
12651 2.68047619047619
12651 0.0019047619047619
12651 0.0169047619047619
12651 0.0133333333333333
12652 1.1152380952381
12652 0
12652 3.2597619047619
12652 2.12547619047619
12652 2
12652 2.68047619047619
12652 0.0019047619047619
12652 0.0169047619047619
12652 0.0133333333333333
12654 1.1152380952381
12654 0
12654 3.2597619047619
12654 2.12547619047619
12654 2
12654 2.68047619047619
12654 0.0019047619047619
12654 0.0169047619047619
12654 0.0133333333333333
12655 1.1152380952381
12655 0
12655 3.2597619047619
12655 2.12547619047619
12655 2
12655 2.68047619047619
12655 0.0019047619047619
12655 0.0169047619047619
12655 0.0133333333333333
12656 1.1152380952381
12656 0
12656 3.2597619047619
12656 2.12547619047619
12656 2
12656 2.68047619047619
12656 0.0019047619047619
12656 0.0169047619047619
12656 0.0133333333333333
12657 1.1152380952381
12657 0
12657 3.2597619047619
12657 2.12547619047619
12657 2
12657 2.68047619047619
12657 0.0019047619047619
12657 0.0169047619047619
12657 0.0133333333333333
12658 1.1152380952381
12658 0
12658 3.2597619047619
12658 2.12547619047619
12658 2
12658 2.68047619047619
12658 0.0019047619047619
12658 0.0169047619047619
12658 0.0133333333333333
12659 1.1152380952381
12659 0
12659 3.2597619047619
12659 2.12547619047619
12659 2
12659 2.68047619047619
12659 0.0019047619047619
12659 0.0169047619047619
12659 0.0133333333333333
12660 1.1152380952381
12660 0
12660 3.2597619047619
12660 2.12547619047619
12660 2
12660 2.68047619047619
12660 0.0019047619047619
12660 0.0169047619047619
12660 0.0133333333333333
12661 1.1152380952381
12661 0
12661 3.2597619047619
12661 2.12547619047619
12661 2
12661 2.68047619047619
12661 0.0019047619047619
12661 0.0169047619047619
12661 0.0133333333333333
12763 1.1152380952381
12763 0
12763 3.2597619047619
12763 2.12547619047619
12763 2
12763 2.68047619047619
12763 0.0019047619047619
12763 0.0169047619047619
12763 0.0133333333333333
12766 1.1152380952381
12766 0
12766 3.2597619047619
12766 2.12547619047619
12766 2
12766 2.68047619047619
12766 0.0019047619047619
12766 0.0169047619047619
12766 0.0133333333333333
12769 1.1152380952381
12769 0
12769 3.2597619047619
12769 2.12547619047619
12769 2
12769 2.68047619047619
12769 0.0019047619047619
12769 0.0169047619047619
12769 0.0133333333333333
12885 1.1152380952381
12885 0
12885 3.2597619047619
12885 2.12547619047619
12885 2
12885 2.68047619047619
12885 0.0019047619047619
12885 0.0169047619047619
12885 0.0133333333333333
12887 1.1152380952381
12887 0
12887 3.2597619047619
12887 2.12547619047619
12887 2
12887 2.68047619047619
12887 0.0019047619047619
12887 0.0169047619047619
12887 0.0133333333333333
12888 1.1152380952381
12888 0
12888 3.2597619047619
12888 2.12547619047619
12888 2
12888 2.68047619047619
12888 0.0019047619047619
12888 0.0169047619047619
12888 0.0133333333333333
12889 1.1152380952381
12889 0
12889 3.2597619047619
12889 2.12547619047619
12889 2
12889 2.68047619047619
12889 0.0019047619047619
12889 0.0169047619047619
12889 0.0133333333333333
12999 1.1152380952381
12999 0
12999 3.2597619047619
12999 2.12547619047619
12999 2
12999 2.68047619047619
12999 0.0019047619047619
12999 0.0169047619047619
12999 0.0133333333333333
13004 1.1152380952381
13004 0
13004 3.2597619047619
13004 2.12547619047619
13004 2
13004 2.68047619047619
13004 0.0019047619047619
13004 0.0169047619047619
13004 0.0133333333333333
13005 1.1152380952381
13005 0
13005 3.2597619047619
13005 2.12547619047619
13005 2
13005 2.68047619047619
13005 0.0019047619047619
13005 0.0169047619047619
13005 0.0133333333333333
13009 1.1152380952381
13009 0
13009 3.2597619047619
13009 2.12547619047619
13009 2
13009 2.68047619047619
13009 0.0019047619047619
13009 0.0169047619047619
13009 0.0133333333333333
13010 1.1152380952381
13010 0
13010 3.2597619047619
13010 2.12547619047619
13010 2
13010 2.68047619047619
13010 0.0019047619047619
13010 0.0169047619047619
13010 0.0133333333333333
13110 1.1152380952381
13110 0
13110 3.2597619047619
13110 2.12547619047619
13110 2
13110 2.68047619047619
13110 0.0019047619047619
13110 0.0169047619047619
13110 0.0133333333333333
13112 1.1152380952381
13112 0
13112 3.2597619047619
13112 2.12547619047619
13112 2
13112 2.68047619047619
13112 0.0019047619047619
13112 0.0169047619047619
13112 0.0133333333333333
13120 1.1152380952381
13120 0
13120 3.2597619047619
13120 2.12547619047619
13120 2
13120 2.68047619047619
13120 0.0019047619047619
13120 0.0169047619047619
13120 0.0133333333333333
13121 1.1152380952381
13121 0
13121 3.2597619047619
13121 2.12547619047619
13121 2
13121 2.68047619047619
13121 0.0019047619047619
13121 0.0169047619047619
13121 0.0133333333333333
13123 1.1152380952381
13123 0
13123 3.2597619047619
13123 2.12547619047619
13123 2
13123 2.68047619047619
13123 0.0019047619047619
13123 0.0169047619047619
13123 0.0133333333333333
13221 1.1152380952381
13221 0
13221 3.2597619047619
13221 2.12547619047619
13221 2
13221 2.68047619047619
13221 0.0019047619047619
13221 0.0169047619047619
13221 0.0133333333333333
13225 1.1152380952381
13225 0
13225 3.2597619047619
13225 2.12547619047619
13225 2
13225 2.68047619047619
13225 0.0019047619047619
13225 0.0169047619047619
13225 0.0133333333333333
13316 1.1152380952381
13316 0
13316 3.2597619047619
13316 2.12547619047619
13316 2
13316 2.68047619047619
13316 0.0019047619047619
13316 0.0169047619047619
13316 0.0133333333333333
13318 1.1152380952381
13318 0
13318 3.2597619047619
13318 2.12547619047619
13318 2
13318 2.68047619047619
13318 0.0019047619047619
13318 0.0169047619047619
13318 0.0133333333333333
13319 1.1152380952381
13319 0
13319 3.2597619047619
13319 2.12547619047619
13319 2
13319 2.68047619047619
13319 0.0019047619047619
13319 0.0169047619047619
13319 0.0133333333333333
13320 1.1152380952381
13320 0
13320 3.2597619047619
13320 2.12547619047619
13320 2
13320 2.68047619047619
13320 0.0019047619047619
13320 0.0169047619047619
13320 0.0133333333333333
13323 1.1152380952381
13323 0
13323 3.2597619047619
13323 2.12547619047619
13323 2
13323 2.68047619047619
13323 0.0019047619047619
13323 0.0169047619047619
13323 0.0133333333333333
13324 1.1152380952381
13324 0
13324 3.2597619047619
13324 2.12547619047619
13324 2
13324 2.68047619047619
13324 0.0019047619047619
13324 0.0169047619047619
13324 0.0133333333333333
13388 1.1152380952381
13388 0
13388 3.2597619047619
13388 2.12547619047619
13388 2
13388 2.68047619047619
13388 0.0019047619047619
13388 0.0169047619047619
13388 0.0133333333333333
13393 1.1152380952381
13393 0
13393 3.2597619047619
13393 2.12547619047619
13393 2
13393 2.68047619047619
13393 0.0019047619047619
13393 0.0169047619047619
13393 0.0133333333333333
13404 1.1152380952381
13404 0
13404 3.2597619047619
13404 2.12547619047619
13404 2
13404 2.68047619047619
13404 0.0019047619047619
13404 0.0169047619047619
13404 0.0133333333333333
13409 1.1152380952381
13409 0
13409 3.2597619047619
13409 2.12547619047619
13409 2
13409 2.68047619047619
13409 0.0019047619047619
13409 0.0169047619047619
13409 0.0133333333333333
13469 1.1152380952381
13469 0
13469 3.2597619047619
13469 2.12547619047619
13469 2
13469 2.68047619047619
13469 0.0019047619047619
13469 0.0169047619047619
13469 0.0133333333333333
13476 1.1152380952381
13476 0
13476 3.2597619047619
13476 2.12547619047619
13476 2
13476 2.68047619047619
13476 0.0019047619047619
13476 0.0169047619047619
13476 0.0133333333333333
13485 1.1152380952381
13485 0
13485 3.2597619047619
13485 2.12547619047619
13485 2
13485 2.68047619047619
13485 0.0019047619047619
13485 0.0169047619047619
13485 0.0133333333333333
13487 1.1152380952381
13487 0
13487 3.2597619047619
13487 2.12547619047619
13487 2
13487 2.68047619047619
13487 0.0019047619047619
13487 0.0169047619047619
13487 0.0133333333333333
13488 1.1152380952381
13488 0
13488 3.2597619047619
13488 2.12547619047619
13488 2
13488 2.68047619047619
13488 0.0019047619047619
13488 0.0169047619047619
13488 0.0133333333333333
13490 1.1152380952381
13490 0
13490 3.2597619047619
13490 2.12547619047619
13490 2
13490 2.68047619047619
13490 0.0019047619047619
13490 0.0169047619047619
13490 0.0133333333333333
13545 1.1152380952381
13545 0
13545 3.2597619047619
13545 2.12547619047619
13545 2
13545 2.68047619047619
13545 0.0019047619047619
13545 0.0169047619047619
13545 0.0133333333333333
13554 1.1152380952381
13554 0
13554 3.2597619047619
13554 2.12547619047619
13554 2
13554 2.68047619047619
13554 0.0019047619047619
13554 0.0169047619047619
13554 0.0133333333333333
13555 1.1152380952381
13555 0
13555 3.2597619047619
13555 2.12547619047619
13555 2
13555 2.68047619047619
13555 0.0019047619047619
13555 0.0169047619047619
13555 0.0133333333333333
13556 1.1152380952381
13556 0
13556 3.2597619047619
13556 2.12547619047619
13556 2
13556 2.68047619047619
13556 0.0019047619047619
13556 0.0169047619047619
13556 0.0133333333333333
13557 1.1152380952381
13557 0
13557 3.2597619047619
13557 2.12547619047619
13557 2
13557 2.68047619047619
13557 0.0019047619047619
13557 0.0169047619047619
13557 0.0133333333333333
13558 1.1152380952381
13558 0
13558 3.2597619047619
13558 2.12547619047619
13558 2
13558 2.68047619047619
13558 0.0019047619047619
13558 0.0169047619047619
13558 0.0133333333333333
13559 1.1152380952381
13559 0
13559 3.2597619047619
13559 2.12547619047619
13559 2
13559 2.68047619047619
13559 0.0019047619047619
13559 0.0169047619047619
13559 0.0133333333333333
13614 1.1152380952381
13614 0
13614 3.2597619047619
13614 2.12547619047619
13614 2
13614 2.68047619047619
13614 0.0019047619047619
13614 0.0169047619047619
13614 0.0133333333333333
13615 1.1152380952381
13615 0
13615 3.2597619047619
13615 2.12547619047619
13615 2
13615 2.68047619047619
13615 0.0019047619047619
13615 0.0169047619047619
13615 0.0133333333333333
13616 1.1152380952381
13616 0
13616 3.2597619047619
13616 2.12547619047619
13616 2
13616 2.68047619047619
13616 0.0019047619047619
13616 0.0169047619047619
13616 0.0133333333333333
13617 1.1152380952381
13617 0
13617 3.2597619047619
13617 2.12547619047619
13617 2
13617 2.68047619047619
13617 0.0019047619047619
13617 0.0169047619047619
13617 0.0133333333333333
13618 1.1152380952381
13618 0
13618 3.2597619047619
13618 2.12547619047619
13618 2
13618 2.68047619047619
13618 0.0019047619047619
13618 0.0169047619047619
13618 0.0133333333333333
13619 1.1152380952381
13619 0
13619 3.2597619047619
13619 2.12547619047619
13619 2
13619 2.68047619047619
13619 0.0019047619047619
13619 0.0169047619047619
13619 0.0133333333333333
13670 1.1152380952381
13670 0
13670 3.2597619047619
13670 2.12547619047619
13670 2
13670 2.68047619047619
13670 0.0019047619047619
13670 0.0169047619047619
13670 0.0133333333333333
13672 1.1152380952381
13672 0
13672 3.2597619047619
13672 2.12547619047619
13672 2
13672 2.68047619047619
13672 0.0019047619047619
13672 0.0169047619047619
13672 0.0133333333333333
13675 1.1152380952381
13675 0
13675 3.2597619047619
13675 2.12547619047619
13675 2
13675 2.68047619047619
13675 0.0019047619047619
13675 0.0169047619047619
13675 0.0133333333333333
13676 1.1152380952381
13676 0
13676 3.2597619047619
13676 2.12547619047619
13676 2
13676 2.68047619047619
13676 0.0019047619047619
13676 0.0169047619047619
13676 0.0133333333333333
13709 1.1152380952381
13709 0
13709 3.2597619047619
13709 2.12547619047619
13709 2
13709 2.68047619047619
13709 0.0019047619047619
13709 0.0169047619047619
13709 0.0133333333333333
13713 1.1152380952381
13713 0
13713 3.2597619047619
13713 2.12547619047619
13713 2
13713 2.68047619047619
13713 0.0019047619047619
13713 0.0169047619047619
13713 0.0133333333333333
13725 1.1152380952381
13725 0
13725 3.2597619047619
13725 2.12547619047619
13725 2
13725 2.68047619047619
13725 0.0019047619047619
13725 0.0169047619047619
13725 0.0133333333333333
13726 1.1152380952381
13726 0
13726 3.2597619047619
13726 2.12547619047619
13726 2
13726 2.68047619047619
13726 0.0019047619047619
13726 0.0169047619047619
13726 0.0133333333333333
13727 1.1152380952381
13727 0
13727 3.2597619047619
13727 2.12547619047619
13727 2
13727 2.68047619047619
13727 0.0019047619047619
13727 0.0169047619047619
13727 0.0133333333333333
13728 1.1152380952381
13728 0
13728 3.2597619047619
13728 2.12547619047619
13728 2
13728 2.68047619047619
13728 0.0019047619047619
13728 0.0169047619047619
13728 0.0133333333333333
13729 1.1152380952381
13729 0
13729 3.2597619047619
13729 2.12547619047619
13729 2
13729 2.68047619047619
13729 0.0019047619047619
13729 0.0169047619047619
13729 0.0133333333333333
13730 1.1152380952381
13730 0
13730 3.2597619047619
13730 2.12547619047619
13730 2
13730 2.68047619047619
13730 0.0019047619047619
13730 0.0169047619047619
13730 0.0133333333333333
13731 1.1152380952381
13731 0
13731 3.2597619047619
13731 2.12547619047619
13731 2
13731 2.68047619047619
13731 0.0019047619047619
13731 0.0169047619047619
13731 0.0133333333333333
13766 1.1152380952381
13766 0
13766 3.2597619047619
13766 2.12547619047619
13766 2
13766 2.68047619047619
13766 0.0019047619047619
13766 0.0169047619047619
13766 0.0133333333333333
13767 1.1152380952381
13767 0
13767 3.2597619047619
13767 2.12547619047619
13767 2
13767 2.68047619047619
13767 0.0019047619047619
13767 0.0169047619047619
13767 0.0133333333333333
13781 1.1152380952381
13781 0
13781 3.2597619047619
13781 2.12547619047619
13781 2
13781 2.68047619047619
13781 0.0019047619047619
13781 0.0169047619047619
13781 0.0133333333333333
13783 1.1152380952381
13783 0
13783 3.2597619047619
13783 2.12547619047619
13783 2
13783 2.68047619047619
13783 0.0019047619047619
13783 0.0169047619047619
13783 0.0133333333333333
13784 1.1152380952381
13784 0
13784 3.2597619047619
13784 2.12547619047619
13784 2
13784 2.68047619047619
13784 0.0019047619047619
13784 0.0169047619047619
13784 0.0133333333333333
13816 1.1152380952381
13816 0
13816 3.2597619047619
13816 2.12547619047619
13816 2
13816 2.68047619047619
13816 0.0019047619047619
13816 0.0169047619047619
13816 0.0133333333333333
13832 1.1152380952381
13832 0
13832 3.2597619047619
13832 2.12547619047619
13832 2
13832 2.68047619047619
13832 0.0019047619047619
13832 0.0169047619047619
13832 0.0133333333333333
13834 1.1152380952381
13834 0
13834 3.2597619047619
13834 2.12547619047619
13834 2
13834 2.68047619047619
13834 0.0019047619047619
13834 0.0169047619047619
13834 0.0133333333333333
13835 1.1152380952381
13835 0
13835 3.2597619047619
13835 2.12547619047619
13835 2
13835 2.68047619047619
13835 0.0019047619047619
13835 0.0169047619047619
13835 0.0133333333333333
13836 1.1152380952381
13836 0
13836 3.2597619047619
13836 2.12547619047619
13836 2
13836 2.68047619047619
13836 0.0019047619047619
13836 0.0169047619047619
13836 0.0133333333333333
13838 1.1152380952381
13838 0
13838 3.2597619047619
13838 2.12547619047619
13838 2
13838 2.68047619047619
13838 0.0019047619047619
13838 0.0169047619047619
13838 0.0133333333333333
13880 1.1152380952381
13880 0
13880 3.2597619047619
13880 2.12547619047619
13880 2
13880 2.68047619047619
13880 0.0019047619047619
13880 0.0169047619047619
13880 0.0133333333333333
13882 1.1152380952381
13882 0
13882 3.2597619047619
13882 2.12547619047619
13882 2
13882 2.68047619047619
13882 0.0019047619047619
13882 0.0169047619047619
13882 0.0133333333333333
13888 1.1152380952381
13888 0
13888 3.2597619047619
13888 2.12547619047619
13888 2
13888 2.68047619047619
13888 0.0019047619047619
13888 0.0169047619047619
13888 0.0133333333333333
13890 1.1152380952381
13890 0
13890 3.2597619047619
13890 2.12547619047619
13890 2
13890 2.68047619047619
13890 0.0019047619047619
13890 0.0169047619047619
13890 0.0133333333333333
13892 1.1152380952381
13892 0
13892 3.2597619047619
13892 2.12547619047619
13892 2
13892 2.68047619047619
13892 0.0019047619047619
13892 0.0169047619047619
13892 0.0133333333333333
13893 1.1152380952381
13893 0
13893 3.2597619047619
13893 2.12547619047619
13893 2
13893 2.68047619047619
13893 0.0019047619047619
13893 0.0169047619047619
13893 0.0133333333333333
13937 1.1152380952381
13937 0
13937 3.2597619047619
13937 2.12547619047619
13937 2
13937 2.68047619047619
13937 0.0019047619047619
13937 0.0169047619047619
13937 0.0133333333333333
13941 1.1152380952381
13941 0
13941 3.2597619047619
13941 2.12547619047619
13941 2
13941 2.68047619047619
13941 0.0019047619047619
13941 0.0169047619047619
13941 0.0133333333333333
13944 1.1152380952381
13944 0
13944 3.2597619047619
13944 2.12547619047619
13944 2
13944 2.68047619047619
13944 0.0019047619047619
13944 0.0169047619047619
13944 0.0133333333333333
13947 1.1152380952381
13947 0
13947 3.2597619047619
13947 2.12547619047619
13947 2
13947 2.68047619047619
13947 0.0019047619047619
13947 0.0169047619047619
13947 0.0133333333333333
13948 1.1152380952381
13948 0
13948 3.2597619047619
13948 2.12547619047619
13948 2
13948 2.68047619047619
13948 0.0019047619047619
13948 0.0169047619047619
13948 0.0133333333333333
13949 1.1152380952381
13949 0
13949 3.2597619047619
13949 2.12547619047619
13949 2
13949 2.68047619047619
13949 0.0019047619047619
13949 0.0169047619047619
13949 0.0133333333333333
13951 1.1152380952381
13951 0
13951 3.2597619047619
13951 2.12547619047619
13951 2
13951 2.68047619047619
13951 0.0019047619047619
13951 0.0169047619047619
13951 0.0133333333333333
13985 1.1152380952381
13985 0
13985 3.2597619047619
13985 2.12547619047619
13985 2
13985 2.68047619047619
13985 0.0019047619047619
13985 0.0169047619047619
13985 0.0133333333333333
13993 1.1152380952381
13993 0
13993 3.2597619047619
13993 2.12547619047619
13993 2
13993 2.68047619047619
13993 0.0019047619047619
13993 0.0169047619047619
13993 0.0133333333333333
13997 1.1152380952381
13997 0
13997 3.2597619047619
13997 2.12547619047619
13997 2
13997 2.68047619047619
13997 0.0019047619047619
13997 0.0169047619047619
13997 0.0133333333333333
13999 1.1152380952381
13999 0
13999 3.2597619047619
13999 2.12547619047619
13999 2
13999 2.68047619047619
13999 0.0019047619047619
13999 0.0169047619047619
13999 0.0133333333333333
14004 1.1152380952381
14004 0
14004 3.2597619047619
14004 2.12547619047619
14004 2
14004 2.68047619047619
14004 0.0019047619047619
14004 0.0169047619047619
14004 0.0133333333333333
14006 1.1152380952381
14006 0
14006 3.2597619047619
14006 2.12547619047619
14006 2
14006 2.68047619047619
14006 0.0019047619047619
14006 0.0169047619047619
14006 0.0133333333333333
14007 1.1152380952381
14007 0
14007 3.2597619047619
14007 2.12547619047619
14007 2
14007 2.68047619047619
14007 0.0019047619047619
14007 0.0169047619047619
14007 0.0133333333333333
14042 1.1152380952381
14042 0
14042 3.2597619047619
14042 2.12547619047619
14042 2
14042 2.68047619047619
14042 0.0019047619047619
14042 0.0169047619047619
14042 0.0133333333333333
14055 1.1152380952381
14055 0
14055 3.2597619047619
14055 2.12547619047619
14055 2
14055 2.68047619047619
14055 0.0019047619047619
14055 0.0169047619047619
14055 0.0133333333333333
14056 1.1152380952381
14056 0
14056 3.2597619047619
14056 2.12547619047619
14056 2
14056 2.68047619047619
14056 0.0019047619047619
14056 0.0169047619047619
14056 0.0133333333333333
14057 1.1152380952381
14057 0
14057 3.2597619047619
14057 2.12547619047619
14057 2
14057 2.68047619047619
14057 0.0019047619047619
14057 0.0169047619047619
14057 0.0133333333333333
14058 1.1152380952381
14058 0
14058 3.2597619047619
14058 2.12547619047619
14058 2
14058 2.68047619047619
14058 0.0019047619047619
14058 0.0169047619047619
14058 0.0133333333333333
14061 1.1152380952381
14061 0
14061 3.2597619047619
14061 2.12547619047619
14061 2
14061 2.68047619047619
14061 0.0019047619047619
14061 0.0169047619047619
14061 0.0133333333333333
14062 1.1152380952381
14062 0
14062 3.2597619047619
14062 2.12547619047619
14062 2
14062 2.68047619047619
14062 0.0019047619047619
14062 0.0169047619047619
14062 0.0133333333333333
14064 1.1152380952381
14064 0
14064 3.2597619047619
14064 2.12547619047619
14064 2
14064 2.68047619047619
14064 0.0019047619047619
14064 0.0169047619047619
14064 0.0133333333333333
14097 1.1152380952381
14097 0
14097 3.2597619047619
14097 2.12547619047619
14097 2
14097 2.68047619047619
14097 0.0019047619047619
14097 0.0169047619047619
14097 0.0133333333333333
14112 1.1152380952381
14112 0
14112 3.2597619047619
14112 2.12547619047619
14112 2
14112 2.68047619047619
14112 0.0019047619047619
14112 0.0169047619047619
14112 0.0133333333333333
14113 1.1152380952381
14113 0
14113 3.2597619047619
14113 2.12547619047619
14113 2
14113 2.68047619047619
14113 0.0019047619047619
14113 0.0169047619047619
14113 0.0133333333333333
14114 1.1152380952381
14114 0
14114 3.2597619047619
14114 2.12547619047619
14114 2
14114 2.68047619047619
14114 0.0019047619047619
14114 0.0169047619047619
14114 0.0133333333333333
14115 1.1152380952381
14115 0
14115 3.2597619047619
14115 2.12547619047619
14115 2
14115 2.68047619047619
14115 0.0019047619047619
14115 0.0169047619047619
14115 0.0133333333333333
14148 1.1152380952381
14148 0
14148 3.2597619047619
14148 2.12547619047619
14148 2
14148 2.68047619047619
14148 0.0019047619047619
14148 0.0169047619047619
14148 0.0133333333333333
14150 1.1152380952381
14150 0
14150 3.2597619047619
14150 2.12547619047619
14150 2
14150 2.68047619047619
14150 0.0019047619047619
14150 0.0169047619047619
14150 0.0133333333333333
14151 1.1152380952381
14151 0
14151 3.2597619047619
14151 2.12547619047619
14151 2
14151 2.68047619047619
14151 0.0019047619047619
14151 0.0169047619047619
14151 0.0133333333333333
14152 1.1152380952381
14152 0
14152 3.2597619047619
14152 2.12547619047619
14152 2
14152 2.68047619047619
14152 0.0019047619047619
14152 0.0169047619047619
14152 0.0133333333333333
14162 1.1152380952381
14162 0
14162 3.2597619047619
14162 2.12547619047619
14162 2
14162 2.68047619047619
14162 0.0019047619047619
14162 0.0169047619047619
14162 0.0133333333333333
14164 1.1152380952381
14164 0
14164 3.2597619047619
14164 2.12547619047619
14164 2
14164 2.68047619047619
14164 0.0019047619047619
14164 0.0169047619047619
14164 0.0133333333333333
14167 1.1152380952381
14167 0
14167 3.2597619047619
14167 2.12547619047619
14167 2
14167 2.68047619047619
14167 0.0019047619047619
14167 0.0169047619047619
14167 0.0133333333333333
14168 1.1152380952381
14168 0
14168 3.2597619047619
14168 2.12547619047619
14168 2
14168 2.68047619047619
14168 0.0019047619047619
14168 0.0169047619047619
14168 0.0133333333333333
14169 1.1152380952381
14169 0
14169 3.2597619047619
14169 2.12547619047619
14169 2
14169 2.68047619047619
14169 0.0019047619047619
14169 0.0169047619047619
14169 0.0133333333333333
14208 1.1152380952381
14208 0
14208 3.2597619047619
14208 2.12547619047619
14208 2
14208 2.68047619047619
14208 0.0019047619047619
14208 0.0169047619047619
14208 0.0133333333333333
14214 1.1152380952381
14214 0
14214 3.2597619047619
14214 2.12547619047619
14214 2
14214 2.68047619047619
14214 0.0019047619047619
14214 0.0169047619047619
14214 0.0133333333333333
14216 1.1152380952381
14216 0
14216 3.2597619047619
14216 2.12547619047619
14216 2
14216 2.68047619047619
14216 0.0019047619047619
14216 0.0169047619047619
14216 0.0133333333333333
14257 1.1152380952381
14257 0
14257 3.2597619047619
14257 2.12547619047619
14257 2
14257 2.68047619047619
14257 0.0019047619047619
14257 0.0169047619047619
14257 0.0133333333333333
14259 1.1152380952381
14259 0
14259 3.2597619047619
14259 2.12547619047619
14259 2
14259 2.68047619047619
14259 0.0019047619047619
14259 0.0169047619047619
14259 0.0133333333333333
14260 1.1152380952381
14260 0
14260 3.2597619047619
14260 2.12547619047619
14260 2
14260 2.68047619047619
14260 0.0019047619047619
14260 0.0169047619047619
14260 0.0133333333333333
14261 1.1152380952381
14261 0
14261 3.2597619047619
14261 2.12547619047619
14261 2
14261 2.68047619047619
14261 0.0019047619047619
14261 0.0169047619047619
14261 0.0133333333333333
14263 1.1152380952381
14263 0
14263 3.2597619047619
14263 2.12547619047619
14263 2
14263 2.68047619047619
14263 0.0019047619047619
14263 0.0169047619047619
14263 0.0133333333333333
14264 1.1152380952381
14264 0
14264 3.2597619047619
14264 2.12547619047619
14264 2
14264 2.68047619047619
14264 0.0019047619047619
14264 0.0169047619047619
14264 0.0133333333333333
14285 1.1152380952381
14285 0
14285 3.2597619047619
14285 2.12547619047619
14285 2
14285 2.68047619047619
14285 0.0019047619047619
14285 0.0169047619047619
14285 0.0133333333333333
14290 1.1152380952381
14290 0
14290 3.2597619047619
14290 2.12547619047619
14290 2
14290 2.68047619047619
14290 0.0019047619047619
14290 0.0169047619047619
14290 0.0133333333333333
14298 1.1152380952381
14298 0
14298 3.2597619047619
14298 2.12547619047619
14298 2
14298 2.68047619047619
14298 0.0019047619047619
14298 0.0169047619047619
14298 0.0133333333333333
14302 1.1152380952381
14302 0
14302 3.2597619047619
14302 2.12547619047619
14302 2
14302 2.68047619047619
14302 0.0019047619047619
14302 0.0169047619047619
14302 0.0133333333333333
14305 1.1152380952381
14305 0
14305 3.2597619047619
14305 2.12547619047619
14305 2
14305 2.68047619047619
14305 0.0019047619047619
14305 0.0169047619047619
14305 0.0133333333333333
14306 1.1152380952381
14306 0
14306 3.2597619047619
14306 2.12547619047619
14306 2
14306 2.68047619047619
14306 0.0019047619047619
14306 0.0169047619047619
14306 0.0133333333333333
14307 1.1152380952381
14307 0
14307 3.2597619047619
14307 2.12547619047619
14307 2
14307 2.68047619047619
14307 0.0019047619047619
14307 0.0169047619047619
14307 0.0133333333333333
14309 1.1152380952381
14309 0
14309 3.2597619047619
14309 2.12547619047619
14309 2
14309 2.68047619047619
14309 0.0019047619047619
14309 0.0169047619047619
14309 0.0133333333333333
14310 1.1152380952381
14310 0
14310 3.2597619047619
14310 2.12547619047619
14310 2
14310 2.68047619047619
14310 0.0019047619047619
14310 0.0169047619047619
14310 0.0133333333333333
14342 1.1152380952381
14342 0
14342 3.2597619047619
14342 2.12547619047619
14342 2
14342 2.68047619047619
14342 0.0019047619047619
14342 0.0169047619047619
14342 0.0133333333333333
14344 1.1152380952381
14344 0
14344 3.2597619047619
14344 2.12547619047619
14344 2
14344 2.68047619047619
14344 0.0019047619047619
14344 0.0169047619047619
14344 0.0133333333333333
14345 1.1152380952381
14345 0
14345 3.2597619047619
14345 2.12547619047619
14345 2
14345 2.68047619047619
14345 0.0019047619047619
14345 0.0169047619047619
14345 0.0133333333333333
14349 1.1152380952381
14349 0
14349 3.2597619047619
14349 2.12547619047619
14349 2
14349 2.68047619047619
14349 0.0019047619047619
14349 0.0169047619047619
14349 0.0133333333333333
14351 1.1152380952381
14351 0
14351 3.2597619047619
14351 2.12547619047619
14351 2
14351 2.68047619047619
14351 0.0019047619047619
14351 0.0169047619047619
14351 0.0133333333333333
14352 1.1152380952381
14352 0
14352 3.2597619047619
14352 2.12547619047619
14352 2
14352 2.68047619047619
14352 0.0019047619047619
14352 0.0169047619047619
14352 0.0133333333333333
14353 1.1152380952381
14353 0
14353 3.2597619047619
14353 2.12547619047619
14353 2
14353 2.68047619047619
14353 0.0019047619047619
14353 0.0169047619047619
14353 0.0133333333333333
14354 1.1152380952381
14354 0
14354 3.2597619047619
14354 2.12547619047619
14354 2
14354 2.68047619047619
14354 0.0019047619047619
14354 0.0169047619047619
14354 0.0133333333333333
14355 1.1152380952381
14355 0
14355 3.2597619047619
14355 2.12547619047619
14355 2
14355 2.68047619047619
14355 0.0019047619047619
14355 0.0169047619047619
14355 0.0133333333333333
14375 1.1152380952381
14375 0
14375 3.2597619047619
14375 2.12547619047619
14375 2
14375 2.68047619047619
14375 0.0019047619047619
14375 0.0169047619047619
14375 0.0133333333333333
14387 1.1152380952381
14387 0
14387 3.2597619047619
14387 2.12547619047619
14387 2
14387 2.68047619047619
14387 0.0019047619047619
14387 0.0169047619047619
14387 0.0133333333333333
14391 1.1152380952381
14391 0
14391 3.2597619047619
14391 2.12547619047619
14391 2
14391 2.68047619047619
14391 0.0019047619047619
14391 0.0169047619047619
14391 0.0133333333333333
14392 1.1152380952381
14392 0
14392 3.2597619047619
14392 2.12547619047619
14392 2
14392 2.68047619047619
14392 0.0019047619047619
14392 0.0169047619047619
14392 0.0133333333333333
14394 1.1152380952381
14394 0
14394 3.2597619047619
14394 2.12547619047619
14394 2
14394 2.68047619047619
14394 0.0019047619047619
14394 0.0169047619047619
14394 0.0133333333333333
14395 1.1152380952381
14395 0
14395 3.2597619047619
14395 2.12547619047619
14395 2
14395 2.68047619047619
14395 0.0019047619047619
14395 0.0169047619047619
14395 0.0133333333333333
14396 1.1152380952381
14396 0
14396 3.2597619047619
14396 2.12547619047619
14396 2
14396 2.68047619047619
14396 0.0019047619047619
14396 0.0169047619047619
14396 0.0133333333333333
14397 1.1152380952381
14397 0
14397 3.2597619047619
14397 2.12547619047619
14397 2
14397 2.68047619047619
14397 0.0019047619047619
14397 0.0169047619047619
14397 0.0133333333333333
14422 1.1152380952381
14422 0
14422 3.2597619047619
14422 2.12547619047619
14422 2
14422 2.68047619047619
14422 0.0019047619047619
14422 0.0169047619047619
14422 0.0133333333333333
14429 1.1152380952381
14429 0
14429 3.2597619047619
14429 2.12547619047619
14429 2
14429 2.68047619047619
14429 0.0019047619047619
14429 0.0169047619047619
14429 0.0133333333333333
14432 1.1152380952381
14432 0
14432 3.2597619047619
14432 2.12547619047619
14432 2
14432 2.68047619047619
14432 0.0019047619047619
14432 0.0169047619047619
14432 0.0133333333333333
14435 1.1152380952381
14435 0
14435 3.2597619047619
14435 2.12547619047619
14435 2
14435 2.68047619047619
14435 0.0019047619047619
14435 0.0169047619047619
14435 0.0133333333333333
14437 1.1152380952381
14437 0
14437 3.2597619047619
14437 2.12547619047619
14437 2
14437 2.68047619047619
14437 0.0019047619047619
14437 0.0169047619047619
14437 0.0133333333333333
14438 1.1152380952381
14438 0
14438 3.2597619047619
14438 2.12547619047619
14438 2
14438 2.68047619047619
14438 0.0019047619047619
14438 0.0169047619047619
14438 0.0133333333333333
14462 1.1152380952381
14462 0
14462 3.2597619047619
14462 2.12547619047619
14462 2
14462 2.68047619047619
14462 0.0019047619047619
14462 0.0169047619047619
14462 0.0133333333333333
14463 1.1152380952381
14463 0
14463 3.2597619047619
14463 2.12547619047619
14463 2
14463 2.68047619047619
14463 0.0019047619047619
14463 0.0169047619047619
14463 0.0133333333333333
14464 1.1152380952381
14464 0
14464 3.2597619047619
14464 2.12547619047619
14464 2
14464 2.68047619047619
14464 0.0019047619047619
14464 0.0169047619047619
14464 0.0133333333333333
14470 1.1152380952381
14470 0
14470 3.2597619047619
14470 2.12547619047619
14470 2
14470 2.68047619047619
14470 0.0019047619047619
14470 0.0169047619047619
14470 0.0133333333333333
14472 1.1152380952381
14472 0
14472 3.2597619047619
14472 2.12547619047619
14472 2
14472 2.68047619047619
14472 0.0019047619047619
14472 0.0169047619047619
14472 0.0133333333333333
14474 1.1152380952381
14474 0
14474 3.2597619047619
14474 2.12547619047619
14474 2
14474 2.68047619047619
14474 0.0019047619047619
14474 0.0169047619047619
14474 0.0133333333333333
14475 1.1152380952381
14475 0
14475 3.2597619047619
14475 2.12547619047619
14475 2
14475 2.68047619047619
14475 0.0019047619047619
14475 0.0169047619047619
14475 0.0133333333333333
14506 1.1152380952381
14506 0
14506 3.2597619047619
14506 2.12547619047619
14506 2
14506 2.68047619047619
14506 0.0019047619047619
14506 0.0169047619047619
14506 0.0133333333333333
14507 1.1152380952381
14507 0
14507 3.2597619047619
14507 2.12547619047619
14507 2
14507 2.68047619047619
14507 0.0019047619047619
14507 0.0169047619047619
14507 0.0133333333333333
14509 1.1152380952381
14509 0
14509 3.2597619047619
14509 2.12547619047619
14509 2
14509 2.68047619047619
14509 0.0019047619047619
14509 0.0169047619047619
14509 0.0133333333333333
14533 1.1152380952381
14533 0
14533 3.2597619047619
14533 2.12547619047619
14533 2
14533 2.68047619047619
14533 0.0019047619047619
14533 0.0169047619047619
14533 0.0133333333333333
14535 1.1152380952381
14535 0
14535 3.2597619047619
14535 2.12547619047619
14535 2
14535 2.68047619047619
14535 0.0019047619047619
14535 0.0169047619047619
14535 0.0133333333333333
14538 1.1152380952381
14538 0
14538 3.2597619047619
14538 2.12547619047619
14538 2
14538 2.68047619047619
14538 0.0019047619047619
14538 0.0169047619047619
14538 0.0133333333333333
14540 1.1152380952381
14540 0
14540 3.2597619047619
14540 2.12547619047619
14540 2
14540 2.68047619047619
14540 0.0019047619047619
14540 0.0169047619047619
14540 0.0133333333333333
14564 1.1152380952381
14564 0
14564 3.2597619047619
14564 2.12547619047619
14564 2
14564 2.68047619047619
14564 0.0019047619047619
14564 0.0169047619047619
14564 0.0133333333333333
14568 1.1152380952381
14568 0
14568 3.2597619047619
14568 2.12547619047619
14568 2
14568 2.68047619047619
14568 0.0019047619047619
14568 0.0169047619047619
14568 0.0133333333333333
14569 1.1152380952381
14569 0
14569 3.2597619047619
14569 2.12547619047619
14569 2
14569 2.68047619047619
14569 0.0019047619047619
14569 0.0169047619047619
14569 0.0133333333333333
14571 1.1152380952381
14571 0
14571 3.2597619047619
14571 2.12547619047619
14571 2
14571 2.68047619047619
14571 0.0019047619047619
14571 0.0169047619047619
14571 0.0133333333333333
14573 1.1152380952381
14573 0
14573 3.2597619047619
14573 2.12547619047619
14573 2
14573 2.68047619047619
14573 0.0019047619047619
14573 0.0169047619047619
14573 0.0133333333333333
14591 1.1152380952381
14591 0
14591 3.2597619047619
14591 2.12547619047619
14591 2
14591 2.68047619047619
14591 0.0019047619047619
14591 0.0169047619047619
14591 0.0133333333333333
14593 1.1152380952381
14593 0
14593 3.2597619047619
14593 2.12547619047619
14593 2
14593 2.68047619047619
14593 0.0019047619047619
14593 0.0169047619047619
14593 0.0133333333333333
14598 1.1152380952381
14598 0
14598 3.2597619047619
14598 2.12547619047619
14598 2
14598 2.68047619047619
14598 0.0019047619047619
14598 0.0169047619047619
14598 0.0133333333333333
14600 1.1152380952381
14600 0
14600 3.2597619047619
14600 2.12547619047619
14600 2
14600 2.68047619047619
14600 0.0019047619047619
14600 0.0169047619047619
14600 0.0133333333333333
14604 1.1152380952381
14604 0
14604 3.2597619047619
14604 2.12547619047619
14604 2
14604 2.68047619047619
14604 0.0019047619047619
14604 0.0169047619047619
14604 0.0133333333333333
14605 1.1152380952381
14605 0
14605 3.2597619047619
14605 2.12547619047619
14605 2
14605 2.68047619047619
14605 0.0019047619047619
14605 0.0169047619047619
14605 0.0133333333333333
14606 1.1152380952381
14606 0
14606 3.2597619047619
14606 2.12547619047619
14606 2
14606 2.68047619047619
14606 0.0019047619047619
14606 0.0169047619047619
14606 0.0133333333333333
14607 1.1152380952381
14607 0
14607 3.2597619047619
14607 2.12547619047619
14607 2
14607 2.68047619047619
14607 0.0019047619047619
14607 0.0169047619047619
14607 0.0133333333333333
14629 1.1152380952381
14629 0
14629 3.2597619047619
14629 2.12547619047619
14629 2
14629 2.68047619047619
14629 0.0019047619047619
14629 0.0169047619047619
14629 0.0133333333333333
14631 1.1152380952381
14631 0
14631 3.2597619047619
14631 2.12547619047619
14631 2
14631 2.68047619047619
14631 0.0019047619047619
14631 0.0169047619047619
14631 0.0133333333333333
14634 1.1152380952381
14634 0
14634 3.2597619047619
14634 2.12547619047619
14634 2
14634 2.68047619047619
14634 0.0019047619047619
14634 0.0169047619047619
14634 0.0133333333333333
14635 1.1152380952381
14635 0
14635 3.2597619047619
14635 2.12547619047619
14635 2
14635 2.68047619047619
14635 0.0019047619047619
14635 0.0169047619047619
14635 0.0133333333333333
14636 1.1152380952381
14636 0
14636 3.2597619047619
14636 2.12547619047619
14636 2
14636 2.68047619047619
14636 0.0019047619047619
14636 0.0169047619047619
14636 0.0133333333333333
14638 1.1152380952381
14638 0
14638 3.2597619047619
14638 2.12547619047619
14638 2
14638 2.68047619047619
14638 0.0019047619047619
14638 0.0169047619047619
14638 0.0133333333333333
14640 1.1152380952381
14640 0
14640 3.2597619047619
14640 2.12547619047619
14640 2
14640 2.68047619047619
14640 0.0019047619047619
14640 0.0169047619047619
14640 0.0133333333333333
14641 1.1152380952381
14641 0
14641 3.2597619047619
14641 2.12547619047619
14641 2
14641 2.68047619047619
14641 0.0019047619047619
14641 0.0169047619047619
14641 0.0133333333333333
14660 1.1152380952381
14660 0
14660 3.2597619047619
14660 2.12547619047619
14660 2
14660 2.68047619047619
14660 0.0019047619047619
14660 0.0169047619047619
14660 0.0133333333333333
14662 1.1152380952381
14662 0
14662 3.2597619047619
14662 2.12547619047619
14662 2
14662 2.68047619047619
14662 0.0019047619047619
14662 0.0169047619047619
14662 0.0133333333333333
14663 1.1152380952381
14663 0
14663 3.2597619047619
14663 2.12547619047619
14663 2
14663 2.68047619047619
14663 0.0019047619047619
14663 0.0169047619047619
14663 0.0133333333333333
14666 1.1152380952381
14666 0
14666 3.2597619047619
14666 2.12547619047619
14666 2
14666 2.68047619047619
14666 0.0019047619047619
14666 0.0169047619047619
14666 0.0133333333333333
14668 1.1152380952381
14668 0
14668 3.2597619047619
14668 2.12547619047619
14668 2
14668 2.68047619047619
14668 0.0019047619047619
14668 0.0169047619047619
14668 0.0133333333333333
14669 1.1152380952381
14669 0
14669 3.2597619047619
14669 2.12547619047619
14669 2
14669 2.68047619047619
14669 0.0019047619047619
14669 0.0169047619047619
14669 0.0133333333333333
14674 1.1152380952381
14674 0
14674 3.2597619047619
14674 2.12547619047619
14674 2
14674 2.68047619047619
14674 0.0019047619047619
14674 0.0169047619047619
14674 0.0133333333333333
14693 1.1152380952381
14693 0
14693 3.2597619047619
14693 2.12547619047619
14693 2
14693 2.68047619047619
14693 0.0019047619047619
14693 0.0169047619047619
14693 0.0133333333333333
14694 1.1152380952381
14694 0
14694 3.2597619047619
14694 2.12547619047619
14694 2
14694 2.68047619047619
14694 0.0019047619047619
14694 0.0169047619047619
14694 0.0133333333333333
14698 1.1152380952381
14698 0
14698 3.2597619047619
14698 2.12547619047619
14698 2
14698 2.68047619047619
14698 0.0019047619047619
14698 0.0169047619047619
14698 0.0133333333333333
14699 1.1152380952381
14699 0
14699 3.2597619047619
14699 2.12547619047619
14699 2
14699 2.68047619047619
14699 0.0019047619047619
14699 0.0169047619047619
14699 0.0133333333333333
14701 1.1152380952381
14701 0
14701 3.2597619047619
14701 2.12547619047619
14701 2
14701 2.68047619047619
14701 0.0019047619047619
14701 0.0169047619047619
14701 0.0133333333333333
14705 1.1152380952381
14705 0
14705 3.2597619047619
14705 2.12547619047619
14705 2
14705 2.68047619047619
14705 0.0019047619047619
14705 0.0169047619047619
14705 0.0133333333333333
14707 1.1152380952381
14707 0
14707 3.2597619047619
14707 2.12547619047619
14707 2
14707 2.68047619047619
14707 0.0019047619047619
14707 0.0169047619047619
14707 0.0133333333333333
14739 1.1152380952381
14739 0
14739 3.2597619047619
14739 2.12547619047619
14739 2
14739 2.68047619047619
14739 0.0019047619047619
14739 0.0169047619047619
14739 0.0133333333333333
14761 1.1152380952381
14761 0
14761 3.2597619047619
14761 2.12547619047619
14761 2
14761 2.68047619047619
14761 0.0019047619047619
14761 0.0169047619047619
14761 0.0133333333333333
14762 1.1152380952381
14762 0
14762 3.2597619047619
14762 2.12547619047619
14762 2
14762 2.68047619047619
14762 0.0019047619047619
14762 0.0169047619047619
14762 0.0133333333333333
14764 1.1152380952381
14764 0
14764 3.2597619047619
14764 2.12547619047619
14764 2
14764 2.68047619047619
14764 0.0019047619047619
14764 0.0169047619047619
14764 0.0133333333333333
14765 1.1152380952381
14765 0
14765 3.2597619047619
14765 2.12547619047619
14765 2
14765 2.68047619047619
14765 0.0019047619047619
14765 0.0169047619047619
14765 0.0133333333333333
14793 1.1152380952381
14793 0
14793 3.2597619047619
14793 2.12547619047619
14793 2
14793 2.68047619047619
14793 0.0019047619047619
14793 0.0169047619047619
14793 0.0133333333333333
14795 1.1152380952381
14795 0
14795 3.2597619047619
14795 2.12547619047619
14795 2
14795 2.68047619047619
14795 0.0019047619047619
14795 0.0169047619047619
14795 0.0133333333333333
14798 1.1152380952381
14798 0
14798 3.2597619047619
14798 2.12547619047619
14798 2
14798 2.68047619047619
14798 0.0019047619047619
14798 0.0169047619047619
14798 0.0133333333333333
14799 1.1152380952381
14799 0
14799 3.2597619047619
14799 2.12547619047619
14799 2
14799 2.68047619047619
14799 0.0019047619047619
14799 0.0169047619047619
14799 0.0133333333333333
14800 1.1152380952381
14800 0
14800 3.2597619047619
14800 2.12547619047619
14800 2
14800 2.68047619047619
14800 0.0019047619047619
14800 0.0169047619047619
14800 0.0133333333333333
14802 1.1152380952381
14802 0
14802 3.2597619047619
14802 2.12547619047619
14802 2
14802 2.68047619047619
14802 0.0019047619047619
14802 0.0169047619047619
14802 0.0133333333333333
14826 1.1152380952381
14826 0
14826 3.2597619047619
14826 2.12547619047619
14826 2
14826 2.68047619047619
14826 0.0019047619047619
14826 0.0169047619047619
14826 0.0133333333333333
14827 1.1152380952381
14827 0
14827 3.2597619047619
14827 2.12547619047619
14827 2
14827 2.68047619047619
14827 0.0019047619047619
14827 0.0169047619047619
14827 0.0133333333333333
14829 1.1152380952381
14829 0
14829 3.2597619047619
14829 2.12547619047619
14829 2
14829 2.68047619047619
14829 0.0019047619047619
14829 0.0169047619047619
14829 0.0133333333333333
14830 1.1152380952381
14830 0
14830 3.2597619047619
14830 2.12547619047619
14830 2
14830 2.68047619047619
14830 0.0019047619047619
14830 0.0169047619047619
14830 0.0133333333333333
14831 1.1152380952381
14831 0
14831 3.2597619047619
14831 2.12547619047619
14831 2
14831 2.68047619047619
14831 0.0019047619047619
14831 0.0169047619047619
14831 0.0133333333333333
14857 1.1152380952381
14857 0
14857 3.2597619047619
14857 2.12547619047619
14857 2
14857 2.68047619047619
14857 0.0019047619047619
14857 0.0169047619047619
14857 0.0133333333333333
14886 1.1152380952381
14886 0
14886 3.2597619047619
14886 2.12547619047619
14886 2
14886 2.68047619047619
14886 0.0019047619047619
14886 0.0169047619047619
14886 0.0133333333333333
14887 1.1152380952381
14887 0
14887 3.2597619047619
14887 2.12547619047619
14887 2
14887 2.68047619047619
14887 0.0019047619047619
14887 0.0169047619047619
14887 0.0133333333333333
14909 1.1152380952381
14909 0
14909 3.2597619047619
14909 2.12547619047619
14909 2
14909 2.68047619047619
14909 0.0019047619047619
14909 0.0169047619047619
14909 0.0133333333333333
14915 1.1152380952381
14915 0
14915 3.2597619047619
14915 2.12547619047619
14915 2
14915 2.68047619047619
14915 0.0019047619047619
14915 0.0169047619047619
14915 0.0133333333333333
14989 1.1152380952381
14989 0
14989 3.2597619047619
14989 2.12547619047619
14989 2
14989 2.68047619047619
14989 0.0019047619047619
14989 0.0169047619047619
14989 0.0133333333333333
14990 1.1152380952381
14990 0
14990 3.2597619047619
14990 2.12547619047619
14990 2
14990 2.68047619047619
14990 0.0019047619047619
14990 0.0169047619047619
14990 0.0133333333333333
15010 1.1152380952381
15010 0
15010 3.2597619047619
15010 2.12547619047619
15010 2
15010 2.68047619047619
15010 0.0019047619047619
15010 0.0169047619047619
15010 0.0133333333333333
15011 1.1152380952381
15011 0
15011 3.2597619047619
15011 2.12547619047619
15011 2
15011 2.68047619047619
15011 0.0019047619047619
15011 0.0169047619047619
15011 0.0133333333333333
15013 1.1152380952381
15013 0
15013 3.2597619047619
15013 2.12547619047619
15013 2
15013 2.68047619047619
15013 0.0019047619047619
15013 0.0169047619047619
15013 0.0133333333333333
15033 1.1152380952381
15033 0
15033 3.2597619047619
15033 2.12547619047619
15033 2
15033 2.68047619047619
15033 0.0019047619047619
15033 0.0169047619047619
15033 0.0133333333333333
15038 1.1152380952381
15038 0
15038 3.2597619047619
15038 2.12547619047619
15038 2
15038 2.68047619047619
15038 0.0019047619047619
15038 0.0169047619047619
15038 0.0133333333333333
15039 1.1152380952381
15039 0
15039 3.2597619047619
15039 2.12547619047619
15039 2
15039 2.68047619047619
15039 0.0019047619047619
15039 0.0169047619047619
15039 0.0133333333333333
15040 1.1152380952381
15040 0
15040 3.2597619047619
15040 2.12547619047619
15040 2
15040 2.68047619047619
15040 0.0019047619047619
15040 0.0169047619047619
15040 0.0133333333333333
15043 1.1152380952381
15043 0
15043 3.2597619047619
15043 2.12547619047619
15043 2
15043 2.68047619047619
15043 0.0019047619047619
15043 0.0169047619047619
15043 0.0133333333333333
15059 1.1152380952381
15059 0
15059 3.2597619047619
15059 2.12547619047619
15059 2
15059 2.68047619047619
15059 0.0019047619047619
15059 0.0169047619047619
15059 0.0133333333333333
15068 1.1152380952381
15068 0
15068 3.2597619047619
15068 2.12547619047619
15068 2
15068 2.68047619047619
15068 0.0019047619047619
15068 0.0169047619047619
15068 0.0133333333333333
15070 1.1152380952381
15070 0
15070 3.2597619047619
15070 2.12547619047619
15070 2
15070 2.68047619047619
15070 0.0019047619047619
15070 0.0169047619047619
15070 0.0133333333333333
15093 1.1152380952381
15093 0
15093 3.2597619047619
15093 2.12547619047619
15093 2
15093 2.68047619047619
15093 0.0019047619047619
15093 0.0169047619047619
15093 0.0133333333333333
15094 1.1152380952381
15094 0
15094 3.2597619047619
15094 2.12547619047619
15094 2
15094 2.68047619047619
15094 0.0019047619047619
15094 0.0169047619047619
15094 0.0133333333333333
15095 1.1152380952381
15095 0
15095 3.2597619047619
15095 2.12547619047619
15095 2
15095 2.68047619047619
15095 0.0019047619047619
15095 0.0169047619047619
15095 0.0133333333333333
15096 1.1152380952381
15096 0
15096 3.2597619047619
15096 2.12547619047619
15096 2
15096 2.68047619047619
15096 0.0019047619047619
15096 0.0169047619047619
15096 0.0133333333333333
15097 1.1152380952381
15097 0
15097 3.2597619047619
15097 2.12547619047619
15097 2
15097 2.68047619047619
15097 0.0019047619047619
15097 0.0169047619047619
15097 0.0133333333333333
15098 1.1152380952381
15098 0
15098 3.2597619047619
15098 2.12547619047619
15098 2
15098 2.68047619047619
15098 0.0019047619047619
15098 0.0169047619047619
15098 0.0133333333333333
15099 1.1152380952381
15099 0
15099 3.2597619047619
15099 2.12547619047619
15099 2
15099 2.68047619047619
15099 0.0019047619047619
15099 0.0169047619047619
15099 0.0133333333333333
15100 1.1152380952381
15100 0
15100 3.2597619047619
15100 2.12547619047619
15100 2
15100 2.68047619047619
15100 0.0019047619047619
15100 0.0169047619047619
15100 0.0133333333333333
15129 1.1152380952381
15129 0
15129 3.2597619047619
15129 2.12547619047619
15129 2
15129 2.68047619047619
15129 0.0019047619047619
15129 0.0169047619047619
15129 0.0133333333333333
15130 1.1152380952381
15130 0
15130 3.2597619047619
15130 2.12547619047619
15130 2
15130 2.68047619047619
15130 0.0019047619047619
15130 0.0169047619047619
15130 0.0133333333333333
15132 1.1152380952381
15132 0
15132 3.2597619047619
15132 2.12547619047619
15132 2
15132 2.68047619047619
15132 0.0019047619047619
15132 0.0169047619047619
15132 0.0133333333333333
15133 1.1152380952381
15133 0
15133 3.2597619047619
15133 2.12547619047619
15133 2
15133 2.68047619047619
15133 0.0019047619047619
15133 0.0169047619047619
15133 0.0133333333333333
15134 1.1152380952381
15134 0
15134 3.2597619047619
15134 2.12547619047619
15134 2
15134 2.68047619047619
15134 0.0019047619047619
15134 0.0169047619047619
15134 0.0133333333333333
15135 1.1152380952381
15135 0
15135 3.2597619047619
15135 2.12547619047619
15135 2
15135 2.68047619047619
15135 0.0019047619047619
15135 0.0169047619047619
15135 0.0133333333333333
15136 1.1152380952381
15136 0
15136 3.2597619047619
15136 2.12547619047619
15136 2
15136 2.68047619047619
15136 0.0019047619047619
15136 0.0169047619047619
15136 0.0133333333333333
15137 1.1152380952381
15137 0
15137 3.2597619047619
15137 2.12547619047619
15137 2
15137 2.68047619047619
15137 0.0019047619047619
15137 0.0169047619047619
15137 0.0133333333333333
15171 1.1152380952381
15171 0
15171 3.2597619047619
15171 2.12547619047619
15171 2
15171 2.68047619047619
15171 0.0019047619047619
15171 0.0169047619047619
15171 0.0133333333333333
15172 1.1152380952381
15172 0
15172 3.2597619047619
15172 2.12547619047619
15172 2
15172 2.68047619047619
15172 0.0019047619047619
15172 0.0169047619047619
15172 0.0133333333333333
15173 1.1152380952381
15173 0
15173 3.2597619047619
15173 2.12547619047619
15173 2
15173 2.68047619047619
15173 0.0019047619047619
15173 0.0169047619047619
15173 0.0133333333333333
15174 1.1152380952381
15174 0
15174 3.2597619047619
15174 2.12547619047619
15174 2
15174 2.68047619047619
15174 0.0019047619047619
15174 0.0169047619047619
15174 0.0133333333333333
15175 1.1152380952381
15175 0
15175 3.2597619047619
15175 2.12547619047619
15175 2
15175 2.68047619047619
15175 0.0019047619047619
15175 0.0169047619047619
15175 0.0133333333333333
15176 1.1152380952381
15176 0
15176 3.2597619047619
15176 2.12547619047619
15176 2
15176 2.68047619047619
15176 0.0019047619047619
15176 0.0169047619047619
15176 0.0133333333333333
15177 1.1152380952381
15177 0
15177 3.2597619047619
15177 2.12547619047619
15177 2
15177 2.68047619047619
15177 0.0019047619047619
15177 0.0169047619047619
15177 0.0133333333333333
15178 1.1152380952381
15178 0
15178 3.2597619047619
15178 2.12547619047619
15178 2
15178 2.68047619047619
15178 0.0019047619047619
15178 0.0169047619047619
15178 0.0133333333333333
15215 1.1152380952381
15215 0
15215 3.2597619047619
15215 2.12547619047619
15215 2
15215 2.68047619047619
15215 0.0019047619047619
15215 0.0169047619047619
15215 0.0133333333333333
15216 1.1152380952381
15216 0
15216 3.2597619047619
15216 2.12547619047619
15216 2
15216 2.68047619047619
15216 0.0019047619047619
15216 0.0169047619047619
15216 0.0133333333333333
15217 1.1152380952381
15217 0
15217 3.2597619047619
15217 2.12547619047619
15217 2
15217 2.68047619047619
15217 0.0019047619047619
15217 0.0169047619047619
15217 0.0133333333333333
15219 1.1152380952381
15219 0
15219 3.2597619047619
15219 2.12547619047619
15219 2
15219 2.68047619047619
15219 0.0019047619047619
15219 0.0169047619047619
15219 0.0133333333333333
15221 1.1152380952381
15221 0
15221 3.2597619047619
15221 2.12547619047619
15221 2
15221 2.68047619047619
15221 0.0019047619047619
15221 0.0169047619047619
15221 0.0133333333333333
15222 1.1152380952381
15222 0
15222 3.2597619047619
15222 2.12547619047619
15222 2
15222 2.68047619047619
15222 0.0019047619047619
15222 0.0169047619047619
15222 0.0133333333333333
15263 1.1152380952381
15263 0
15263 3.2597619047619
15263 2.12547619047619
15263 2
15263 2.68047619047619
15263 0.0019047619047619
15263 0.0169047619047619
15263 0.0133333333333333
15264 1.1152380952381
15264 0
15264 3.2597619047619
15264 2.12547619047619
15264 2
15264 2.68047619047619
15264 0.0019047619047619
15264 0.0169047619047619
15264 0.0133333333333333
15265 1.1152380952381
15265 0
15265 3.2597619047619
15265 2.12547619047619
15265 2
15265 2.68047619047619
15265 0.0019047619047619
15265 0.0169047619047619
15265 0.0133333333333333
15267 1.1152380952381
15267 0
15267 3.2597619047619
15267 2.12547619047619
15267 2
15267 2.68047619047619
15267 0.0019047619047619
15267 0.0169047619047619
15267 0.0133333333333333
15268 1.1152380952381
15268 0
15268 3.2597619047619
15268 2.12547619047619
15268 2
15268 2.68047619047619
15268 0.0019047619047619
15268 0.0169047619047619
15268 0.0133333333333333
15269 1.1152380952381
15269 0
15269 3.2597619047619
15269 2.12547619047619
15269 2
15269 2.68047619047619
15269 0.0019047619047619
15269 0.0169047619047619
15269 0.0133333333333333
15270 1.1152380952381
15270 0
15270 3.2597619047619
15270 2.12547619047619
15270 2
15270 2.68047619047619
15270 0.0019047619047619
15270 0.0169047619047619
15270 0.0133333333333333
15311 1.1152380952381
15311 0
15311 3.2597619047619
15311 2.12547619047619
15311 2
15311 2.68047619047619
15311 0.0019047619047619
15311 0.0169047619047619
15311 0.0133333333333333
15315 1.1152380952381
15315 0
15315 3.2597619047619
15315 2.12547619047619
15315 2
15315 2.68047619047619
15315 0.0019047619047619
15315 0.0169047619047619
15315 0.0133333333333333
15316 1.1152380952381
15316 0
15316 3.2597619047619
15316 2.12547619047619
15316 2
15316 2.68047619047619
15316 0.0019047619047619
15316 0.0169047619047619
15316 0.0133333333333333
15317 1.1152380952381
15317 0
15317 3.2597619047619
15317 2.12547619047619
15317 2
15317 2.68047619047619
15317 0.0019047619047619
15317 0.0169047619047619
15317 0.0133333333333333
15318 1.1152380952381
15318 0
15318 3.2597619047619
15318 2.12547619047619
15318 2
15318 2.68047619047619
15318 0.0019047619047619
15318 0.0169047619047619
15318 0.0133333333333333
15365 1.1152380952381
15365 0
15365 3.2597619047619
15365 2.12547619047619
15365 2
15365 2.68047619047619
15365 0.0019047619047619
15365 0.0169047619047619
15365 0.0133333333333333
15367 1.1152380952381
15367 0
15367 3.2597619047619
15367 2.12547619047619
15367 2
15367 2.68047619047619
15367 0.0019047619047619
15367 0.0169047619047619
15367 0.0133333333333333
15369 1.1152380952381
15369 0
15369 3.2597619047619
15369 2.12547619047619
15369 2
15369 2.68047619047619
15369 0.0019047619047619
15369 0.0169047619047619
15369 0.0133333333333333
15370 1.1152380952381
15370 0
15370 3.2597619047619
15370 2.12547619047619
15370 2
15370 2.68047619047619
15370 0.0019047619047619
15370 0.0169047619047619
15370 0.0133333333333333
15371 1.1152380952381
15371 0
15371 3.2597619047619
15371 2.12547619047619
15371 2
15371 2.68047619047619
15371 0.0019047619047619
15371 0.0169047619047619
15371 0.0133333333333333
15372 1.1152380952381
15372 0
15372 3.2597619047619
15372 2.12547619047619
15372 2
15372 2.68047619047619
15372 0.0019047619047619
15372 0.0169047619047619
15372 0.0133333333333333
15425 1.1152380952381
15425 0
15425 3.2597619047619
15425 2.12547619047619
15425 2
15425 2.68047619047619
15425 0.0019047619047619
15425 0.0169047619047619
15425 0.0133333333333333
15426 1.1152380952381
15426 0
15426 3.2597619047619
15426 2.12547619047619
15426 2
15426 2.68047619047619
15426 0.0019047619047619
15426 0.0169047619047619
15426 0.0133333333333333
15428 1.1152380952381
15428 0
15428 3.2597619047619
15428 2.12547619047619
15428 2
15428 2.68047619047619
15428 0.0019047619047619
15428 0.0169047619047619
15428 0.0133333333333333
15429 1.1152380952381
15429 0
15429 3.2597619047619
15429 2.12547619047619
15429 2
15429 2.68047619047619
15429 0.0019047619047619
15429 0.0169047619047619
15429 0.0133333333333333
15430 1.1152380952381
15430 0
15430 3.2597619047619
15430 2.12547619047619
15430 2
15430 2.68047619047619
15430 0.0019047619047619
15430 0.0169047619047619
15430 0.0133333333333333
15431 1.1152380952381
15431 0
15431 3.2597619047619
15431 2.12547619047619
15431 2
15431 2.68047619047619
15431 0.0019047619047619
15431 0.0169047619047619
15431 0.0133333333333333
15488 1.1152380952381
15488 0
15488 3.2597619047619
15488 2.12547619047619
15488 2
15488 2.68047619047619
15488 0.0019047619047619
15488 0.0169047619047619
15488 0.0133333333333333
15489 1.1152380952381
15489 0
15489 3.2597619047619
15489 2.12547619047619
15489 2
15489 2.68047619047619
15489 0.0019047619047619
15489 0.0169047619047619
15489 0.0133333333333333
15490 1.1152380952381
15490 0
15490 3.2597619047619
15490 2.12547619047619
15490 2
15490 2.68047619047619
15490 0.0019047619047619
15490 0.0169047619047619
15490 0.0133333333333333
15491 1.1152380952381
15491 0
15491 3.2597619047619
15491 2.12547619047619
15491 2
15491 2.68047619047619
15491 0.0019047619047619
15491 0.0169047619047619
15491 0.0133333333333333
15493 1.1152380952381
15493 0
15493 3.2597619047619
15493 2.12547619047619
15493 2
15493 2.68047619047619
15493 0.0019047619047619
15493 0.0169047619047619
15493 0.0133333333333333
15494 1.1152380952381
15494 0
15494 3.2597619047619
15494 2.12547619047619
15494 2
15494 2.68047619047619
15494 0.0019047619047619
15494 0.0169047619047619
15494 0.0133333333333333
15552 1.1152380952381
15552 0
15552 3.2597619047619
15552 2.12547619047619
15552 2
15552 2.68047619047619
15552 0.0019047619047619
15552 0.0169047619047619
15552 0.0133333333333333
15556 1.1152380952381
15556 0
15556 3.2597619047619
15556 2.12547619047619
15556 2
15556 2.68047619047619
15556 0.0019047619047619
15556 0.0169047619047619
15556 0.0133333333333333
15557 1.1152380952381
15557 0
15557 3.2597619047619
15557 2.12547619047619
15557 2
15557 2.68047619047619
15557 0.0019047619047619
15557 0.0169047619047619
15557 0.0133333333333333
15558 1.1152380952381
15558 0
15558 3.2597619047619
15558 2.12547619047619
15558 2
15558 2.68047619047619
15558 0.0019047619047619
15558 0.0169047619047619
15558 0.0133333333333333
15615 1.1152380952381
15615 0
15615 3.2597619047619
15615 2.12547619047619
15615 2
15615 2.68047619047619
15615 0.0019047619047619
15615 0.0169047619047619
15615 0.0133333333333333
15616 1.1152380952381
15616 0
15616 3.2597619047619
15616 2.12547619047619
15616 2
15616 2.68047619047619
15616 0.0019047619047619
15616 0.0169047619047619
15616 0.0133333333333333
15618 1.1152380952381
15618 0
15618 3.2597619047619
15618 2.12547619047619
15618 2
15618 2.68047619047619
15618 0.0019047619047619
15618 0.0169047619047619
15618 0.0133333333333333
15619 1.1152380952381
15619 0
15619 3.2597619047619
15619 2.12547619047619
15619 2
15619 2.68047619047619
15619 0.0019047619047619
15619 0.0169047619047619
15619 0.0133333333333333
15621 1.1152380952381
15621 0
15621 3.2597619047619
15621 2.12547619047619
15621 2
15621 2.68047619047619
15621 0.0019047619047619
15621 0.0169047619047619
15621 0.0133333333333333
15622 1.1152380952381
15622 0
15622 3.2597619047619
15622 2.12547619047619
15622 2
15622 2.68047619047619
15622 0.0019047619047619
15622 0.0169047619047619
15622 0.0133333333333333
15686 1.1152380952381
15686 0
15686 3.2597619047619
15686 2.12547619047619
15686 2
15686 2.68047619047619
15686 0.0019047619047619
15686 0.0169047619047619
15686 0.0133333333333333
15751 1.1152380952381
15751 0
15751 3.2597619047619
15751 2.12547619047619
15751 2
15751 2.68047619047619
15751 0.0019047619047619
15751 0.0169047619047619
15751 0.0133333333333333
15754 1.1152380952381
15754 0
15754 3.2597619047619
15754 2.12547619047619
15754 2
15754 2.68047619047619
15754 0.0019047619047619
15754 0.0169047619047619
15754 0.0133333333333333
15819 1.1152380952381
15819 0
15819 3.2597619047619
15819 2.12547619047619
15819 2
15819 2.68047619047619
15819 0.0019047619047619
15819 0.0169047619047619
15819 0.0133333333333333
15821 1.1152380952381
15821 0
15821 3.2597619047619
15821 2.12547619047619
15821 2
15821 2.68047619047619
15821 0.0019047619047619
15821 0.0169047619047619
15821 0.0133333333333333
15822 1.1152380952381
15822 0
15822 3.2597619047619
15822 2.12547619047619
15822 2
15822 2.68047619047619
15822 0.0019047619047619
15822 0.0169047619047619
15822 0.0133333333333333
15879 1.1152380952381
15879 0
15879 3.2597619047619
15879 2.12547619047619
15879 2
15879 2.68047619047619
15879 0.0019047619047619
15879 0.0169047619047619
15879 0.0133333333333333
15881 1.1152380952381
15881 0
15881 3.2597619047619
15881 2.12547619047619
15881 2
15881 2.68047619047619
15881 0.0019047619047619
15881 0.0169047619047619
15881 0.0133333333333333
15883 1.1152380952381
15883 0
15883 3.2597619047619
15883 2.12547619047619
15883 2
15883 2.68047619047619
15883 0.0019047619047619
15883 0.0169047619047619
15883 0.0133333333333333
15887 1.1152380952381
15887 0
15887 3.2597619047619
15887 2.12547619047619
15887 2
15887 2.68047619047619
15887 0.0019047619047619
15887 0.0169047619047619
15887 0.0133333333333333
15947 1.1152380952381
15947 0
15947 3.2597619047619
15947 2.12547619047619
15947 2
15947 2.68047619047619
15947 0.0019047619047619
15947 0.0169047619047619
15947 0.0133333333333333
15948 1.1152380952381
15948 0
15948 3.2597619047619
15948 2.12547619047619
15948 2
15948 2.68047619047619
15948 0.0019047619047619
15948 0.0169047619047619
15948 0.0133333333333333
15951 1.1152380952381
15951 0
15951 3.2597619047619
15951 2.12547619047619
15951 2
15951 2.68047619047619
15951 0.0019047619047619
15951 0.0169047619047619
15951 0.0133333333333333
15999 1.1152380952381
15999 0
15999 3.2597619047619
15999 2.12547619047619
15999 2
15999 2.68047619047619
15999 0.0019047619047619
15999 0.0169047619047619
15999 0.0133333333333333
16001 1.1152380952381
16001 0
16001 3.2597619047619
16001 2.12547619047619
16001 2
16001 2.68047619047619
16001 0.0019047619047619
16001 0.0169047619047619
16001 0.0133333333333333
16003 1.1152380952381
16003 0
16003 3.2597619047619
16003 2.12547619047619
16003 2
16003 2.68047619047619
16003 0.0019047619047619
16003 0.0169047619047619
16003 0.0133333333333333
16004 1.1152380952381
16004 0
16004 3.2597619047619
16004 2.12547619047619
16004 2
16004 2.68047619047619
16004 0.0019047619047619
16004 0.0169047619047619
16004 0.0133333333333333
16005 1.1152380952381
16005 0
16005 3.2597619047619
16005 2.12547619047619
16005 2
16005 2.68047619047619
16005 0.0019047619047619
16005 0.0169047619047619
16005 0.0133333333333333
16006 1.1152380952381
16006 0
16006 3.2597619047619
16006 2.12547619047619
16006 2
16006 2.68047619047619
16006 0.0019047619047619
16006 0.0169047619047619
16006 0.0133333333333333
16007 1.1152380952381
16007 0
16007 3.2597619047619
16007 2.12547619047619
16007 2
16007 2.68047619047619
16007 0.0019047619047619
16007 0.0169047619047619
16007 0.0133333333333333
16053 1.1152380952381
16053 0
16053 3.2597619047619
16053 2.12547619047619
16053 2
16053 2.68047619047619
16053 0.0019047619047619
16053 0.0169047619047619
16053 0.0133333333333333
16055 1.1152380952381
16055 0
16055 3.2597619047619
16055 2.12547619047619
16055 2
16055 2.68047619047619
16055 0.0019047619047619
16055 0.0169047619047619
16055 0.0133333333333333
16057 1.1152380952381
16057 0
16057 3.2597619047619
16057 2.12547619047619
16057 2
16057 2.68047619047619
16057 0.0019047619047619
16057 0.0169047619047619
16057 0.0133333333333333
16058 1.1152380952381
16058 0
16058 3.2597619047619
16058 2.12547619047619
16058 2
16058 2.68047619047619
16058 0.0019047619047619
16058 0.0169047619047619
16058 0.0133333333333333
16059 1.1152380952381
16059 0
16059 3.2597619047619
16059 2.12547619047619
16059 2
16059 2.68047619047619
16059 0.0019047619047619
16059 0.0169047619047619
16059 0.0133333333333333
16098 1.1152380952381
16098 0
16098 3.2597619047619
16098 2.12547619047619
16098 2
16098 2.68047619047619
16098 0.0019047619047619
16098 0.0169047619047619
16098 0.0133333333333333
16102 1.1152380952381
16102 0
16102 3.2597619047619
16102 2.12547619047619
16102 2
16102 2.68047619047619
16102 0.0019047619047619
16102 0.0169047619047619
16102 0.0133333333333333
16103 1.1152380952381
16103 0
16103 3.2597619047619
16103 2.12547619047619
16103 2
16103 2.68047619047619
16103 0.0019047619047619
16103 0.0169047619047619
16103 0.0133333333333333
16104 1.1152380952381
16104 0
16104 3.2597619047619
16104 2.12547619047619
16104 2
16104 2.68047619047619
16104 0.0019047619047619
16104 0.0169047619047619
16104 0.0133333333333333
16105 1.1152380952381
16105 0
16105 3.2597619047619
16105 2.12547619047619
16105 2
16105 2.68047619047619
16105 0.0019047619047619
16105 0.0169047619047619
16105 0.0133333333333333
16106 1.1152380952381
16106 0
16106 3.2597619047619
16106 2.12547619047619
16106 2
16106 2.68047619047619
16106 0.0019047619047619
16106 0.0169047619047619
16106 0.0133333333333333
16107 1.1152380952381
16107 0
16107 3.2597619047619
16107 2.12547619047619
16107 2
16107 2.68047619047619
16107 0.0019047619047619
16107 0.0169047619047619
16107 0.0133333333333333
16147 1.1152380952381
16147 0
16147 3.2597619047619
16147 2.12547619047619
16147 2
16147 2.68047619047619
16147 0.0019047619047619
16147 0.0169047619047619
16147 0.0133333333333333
16152 1.1152380952381
16152 0
16152 3.2597619047619
16152 2.12547619047619
16152 2
16152 2.68047619047619
16152 0.0019047619047619
16152 0.0169047619047619
16152 0.0133333333333333
16153 1.1152380952381
16153 0
16153 3.2597619047619
16153 2.12547619047619
16153 2
16153 2.68047619047619
16153 0.0019047619047619
16153 0.0169047619047619
16153 0.0133333333333333
16154 1.1152380952381
16154 0
16154 3.2597619047619
16154 2.12547619047619
16154 2
16154 2.68047619047619
16154 0.0019047619047619
16154 0.0169047619047619
16154 0.0133333333333333
16155 1.1152380952381
16155 0
16155 3.2597619047619
16155 2.12547619047619
16155 2
16155 2.68047619047619
16155 0.0019047619047619
16155 0.0169047619047619
16155 0.0133333333333333
16198 1.1152380952381
16198 0
16198 3.2597619047619
16198 2.12547619047619
16198 2
16198 2.68047619047619
16198 0.0019047619047619
16198 0.0169047619047619
16198 0.0133333333333333
16199 1.1152380952381
16199 0
16199 3.2597619047619
16199 2.12547619047619
16199 2
16199 2.68047619047619
16199 0.0019047619047619
16199 0.0169047619047619
16199 0.0133333333333333
16200 1.1152380952381
16200 0
16200 3.2597619047619
16200 2.12547619047619
16200 2
16200 2.68047619047619
16200 0.0019047619047619
16200 0.0169047619047619
16200 0.0133333333333333
16201 1.1152380952381
16201 0
16201 3.2597619047619
16201 2.12547619047619
16201 2
16201 2.68047619047619
16201 0.0019047619047619
16201 0.0169047619047619
16201 0.0133333333333333
16202 1.1152380952381
16202 0
16202 3.2597619047619
16202 2.12547619047619
16202 2
16202 2.68047619047619
16202 0.0019047619047619
16202 0.0169047619047619
16202 0.0133333333333333
16243 1.1152380952381
16243 0
16243 3.2597619047619
16243 2.12547619047619
16243 2
16243 2.68047619047619
16243 0.0019047619047619
16243 0.0169047619047619
16243 0.0133333333333333
16245 1.1152380952381
16245 0
16245 3.2597619047619
16245 2.12547619047619
16245 2
16245 2.68047619047619
16245 0.0019047619047619
16245 0.0169047619047619
16245 0.0133333333333333
16247 1.1152380952381
16247 0
16247 3.2597619047619
16247 2.12547619047619
16247 2
16247 2.68047619047619
16247 0.0019047619047619
16247 0.0169047619047619
16247 0.0133333333333333
16248 1.1152380952381
16248 0
16248 3.2597619047619
16248 2.12547619047619
16248 2
16248 2.68047619047619
16248 0.0019047619047619
16248 0.0169047619047619
16248 0.0133333333333333
16292 1.1152380952381
16292 0
16292 3.2597619047619
16292 2.12547619047619
16292 2
16292 2.68047619047619
16292 0.0019047619047619
16292 0.0169047619047619
16292 0.0133333333333333
16293 1.1152380952381
16293 0
16293 3.2597619047619
16293 2.12547619047619
16293 2
16293 2.68047619047619
16293 0.0019047619047619
16293 0.0169047619047619
16293 0.0133333333333333
16294 1.1152380952381
16294 0
16294 3.2597619047619
16294 2.12547619047619
16294 2
16294 2.68047619047619
16294 0.0019047619047619
16294 0.0169047619047619
16294 0.0133333333333333
16338 1.1152380952381
16338 0
16338 3.2597619047619
16338 2.12547619047619
16338 2
16338 2.68047619047619
16338 0.0019047619047619
16338 0.0169047619047619
16338 0.0133333333333333
16339 1.1152380952381
16339 0
16339 3.2597619047619
16339 2.12547619047619
16339 2
16339 2.68047619047619
16339 0.0019047619047619
16339 0.0169047619047619
16339 0.0133333333333333
16383 1.1152380952381
16383 0
16383 3.2597619047619
16383 2.12547619047619
16383 2
16383 2.68047619047619
16383 0.0019047619047619
16383 0.0169047619047619
16383 0.0133333333333333
16426 1.1152380952381
16426 0
16426 3.2597619047619
16426 2.12547619047619
16426 2
16426 2.68047619047619
16426 0.0019047619047619
16426 0.0169047619047619
16426 0.0133333333333333
