pt_graph scale
10140 1.18119047619048
10140 0
10140 2.7952380952381
10140 2.41333333333333
10140 3.14
10140 2.72142857142857
10140 0.00214285714285714
10140 0
10140 0.0142857142857143
10141 1.18119047619048
10141 0
10141 2.7952380952381
10141 2.41333333333333
10141 3.14
10141 2.72142857142857
10141 0.00214285714285714
10141 0
10141 0.0142857142857143
10142 1.18119047619048
10142 0
10142 2.7952380952381
10142 2.41333333333333
10142 3.14
10142 2.72142857142857
10142 0.00214285714285714
10142 0
10142 0.0142857142857143
10143 1.18119047619048
10143 0
10143 2.7952380952381
10143 2.41333333333333
10143 3.14
10143 2.72142857142857
10143 0.00214285714285714
10143 0
10143 0.0142857142857143
10144 1.18119047619048
10144 0
10144 2.7952380952381
10144 2.41333333333333
10144 3.14
10144 2.72142857142857
10144 0.00214285714285714
10144 0
10144 0.0142857142857143
10146 1.18119047619048
10146 0
10146 2.7952380952381
10146 2.41333333333333
10146 3.14
10146 2.72142857142857
10146 0.00214285714285714
10146 0
10146 0.0142857142857143
10147 1.18119047619048
10147 0
10147 2.7952380952381
10147 2.41333333333333
10147 3.14
10147 2.72142857142857
10147 0.00214285714285714
10147 0
10147 0.0142857142857143
10219 1.18119047619048
10219 0
10219 2.7952380952381
10219 2.41333333333333
10219 3.14
10219 2.72142857142857
10219 0.00214285714285714
10219 0
10219 0.0142857142857143
10220 1.18119047619048
10220 0
10220 2.7952380952381
10220 2.41333333333333
10220 3.14
10220 2.72142857142857
10220 0.00214285714285714
10220 0
10220 0.0142857142857143
10221 1.18119047619048
10221 0
10221 2.7952380952381
10221 2.41333333333333
10221 3.14
10221 2.72142857142857
10221 0.00214285714285714
10221 0
10221 0.0142857142857143
10222 1.18119047619048
10222 0
10222 2.7952380952381
10222 2.41333333333333
10222 3.14
10222 2.72142857142857
10222 0.00214285714285714
10222 0
10222 0.0142857142857143
10223 1.18119047619048
10223 0
10223 2.7952380952381
10223 2.41333333333333
10223 3.14
10223 2.72142857142857
10223 0.00214285714285714
10223 0
10223 0.0142857142857143
10224 1.18119047619048
10224 0
10224 2.7952380952381
10224 2.41333333333333
10224 3.14
10224 2.72142857142857
10224 0.00214285714285714
10224 0
10224 0.0142857142857143
10225 1.18119047619048
10225 0
10225 2.7952380952381
10225 2.41333333333333
10225 3.14
10225 2.72142857142857
10225 0.00214285714285714
10225 0
10225 0.0142857142857143
10226 1.18119047619048
10226 0
10226 2.7952380952381
10226 2.41333333333333
10226 3.14
10226 2.72142857142857
10226 0.00214285714285714
10226 0
10226 0.0142857142857143
10228 1.18119047619048
10228 0
10228 2.7952380952381
10228 2.41333333333333
10228 3.14
10228 2.72142857142857
10228 0.00214285714285714
10228 0
10228 0.0142857142857143
10229 1.18119047619048
10229 0
10229 2.7952380952381
10229 2.41333333333333
10229 3.14
10229 2.72142857142857
10229 0.00214285714285714
10229 0
10229 0.0142857142857143
10306 1.18119047619048
10306 0
10306 2.7952380952381
10306 2.41333333333333
10306 3.14
10306 2.72142857142857
10306 0.00214285714285714
10306 0
10306 0.0142857142857143
10307 1.18119047619048
10307 0
10307 2.7952380952381
10307 2.41333333333333
10307 3.14
10307 2.72142857142857
10307 0.00214285714285714
10307 0
10307 0.0142857142857143
10308 1.18119047619048
10308 0
10308 2.7952380952381
10308 2.41333333333333
10308 3.14
10308 2.72142857142857
10308 0.00214285714285714
10308 0
10308 0.0142857142857143
10310 1.18119047619048
10310 0
10310 2.7952380952381
10310 2.41333333333333
10310 3.14
10310 2.72142857142857
10310 0.00214285714285714
10310 0
10310 0.0142857142857143
10311 1.18119047619048
10311 0
10311 2.7952380952381
10311 2.41333333333333
10311 3.14
10311 2.72142857142857
10311 0.00214285714285714
10311 0
10311 0.0142857142857143
10313 1.18119047619048
10313 0
10313 2.7952380952381
10313 2.41333333333333
10313 3.14
10313 2.72142857142857
10313 0.00214285714285714
10313 0
10313 0.0142857142857143
10390 1.18119047619048
10390 0
10390 2.7952380952381
10390 2.41333333333333
10390 3.14
10390 2.72142857142857
10390 0.00214285714285714
10390 0
10390 0.0142857142857143
10393 1.18119047619048
10393 0
10393 2.7952380952381
10393 2.41333333333333
10393 3.14
10393 2.72142857142857
10393 0.00214285714285714
10393 0
10393 0.0142857142857143
10395 1.18119047619048
10395 0
10395 2.7952380952381
10395 2.41333333333333
10395 3.14
10395 2.72142857142857
10395 0.00214285714285714
10395 0
10395 0.0142857142857143
10486 1.18119047619048
10486 0
10486 2.7952380952381
10486 2.41333333333333
10486 3.14
10486 2.72142857142857
10486 0.00214285714285714
10486 0
10486 0.0142857142857143
10487 1.18119047619048
10487 0
10487 2.7952380952381
10487 2.41333333333333
10487 3.14
10487 2.72142857142857
10487 0.00214285714285714
10487 0
10487 0.0142857142857143
10488 1.18119047619048
10488 0
10488 2.7952380952381
10488 2.41333333333333
10488 3.14
10488 2.72142857142857
10488 0.00214285714285714
10488 0
10488 0.0142857142857143
10489 1.18119047619048
10489 0
10489 2.7952380952381
10489 2.41333333333333
10489 3.14
10489 2.72142857142857
10489 0.00214285714285714
10489 0
10489 0.0142857142857143
10588 1.18119047619048
10588 0
10588 2.7952380952381
10588 2.41333333333333
10588 3.14
10588 2.72142857142857
10588 0.00214285714285714
10588 0
10588 0.0142857142857143
10589 1.18119047619048
10589 0
10589 2.7952380952381
10589 2.41333333333333
10589 3.14
10589 2.72142857142857
10589 0.00214285714285714
10589 0
10589 0.0142857142857143
10590 1.18119047619048
10590 0
10590 2.7952380952381
10590 2.41333333333333
10590 3.14
10590 2.72142857142857
10590 0.00214285714285714
10590 0
10590 0.0142857142857143
10595 1.18119047619048
10595 0
10595 2.7952380952381
10595 2.41333333333333
10595 3.14
10595 2.72142857142857
10595 0.00214285714285714
10595 0
10595 0.0142857142857143
10596 1.18119047619048
10596 0
10596 2.7952380952381
10596 2.41333333333333
10596 3.14
10596 2.72142857142857
10596 0.00214285714285714
10596 0
10596 0.0142857142857143
10600 1.18119047619048
10600 0
10600 2.7952380952381
10600 2.41333333333333
10600 3.14
10600 2.72142857142857
10600 0.00214285714285714
10600 0
10600 0.0142857142857143
10602 1.18119047619048
10602 0
10602 2.7952380952381
10602 2.41333333333333
10602 3.14
10602 2.72142857142857
10602 0.00214285714285714
10602 0
10602 0.0142857142857143
10692 1.18119047619048
10692 0
10692 2.7952380952381
10692 2.41333333333333
10692 3.14
10692 2.72142857142857
10692 0.00214285714285714
10692 0
10692 0.0142857142857143
10698 1.18119047619048
10698 0
10698 2.7952380952381
10698 2.41333333333333
10698 3.14
10698 2.72142857142857
10698 0.00214285714285714
10698 0
10698 0.0142857142857143
11497 1.18119047619048
11497 0
11497 2.7952380952381
11497 2.41333333333333
11497 3.14
11497 2.72142857142857
11497 0.00214285714285714
11497 0
11497 0.0142857142857143
11498 1.18119047619048
11498 0
11498 2.7952380952381
11498 2.41333333333333
11498 3.14
11498 2.72142857142857
11498 0.00214285714285714
11498 0
11498 0.0142857142857143
11608 1.18119047619048
11608 0
11608 2.7952380952381
11608 2.41333333333333
11608 3.14
11608 2.72142857142857
11608 0.00214285714285714
11608 0
11608 0.0142857142857143
11625 1.18119047619048
11625 0
11625 2.7952380952381
11625 2.41333333333333
11625 3.14
11625 2.72142857142857
11625 0.00214285714285714
11625 0
11625 0.0142857142857143
11753 1.18119047619048
11753 0
11753 2.7952380952381
11753 2.41333333333333
11753 3.14
11753 2.72142857142857
11753 0.00214285714285714
11753 0
11753 0.0142857142857143
11754 1.18119047619048
11754 0
11754 2.7952380952381
11754 2.41333333333333
11754 3.14
11754 2.72142857142857
11754 0.00214285714285714
11754 0
11754 0.0142857142857143
11862 1.18119047619048
11862 0
11862 2.7952380952381
11862 2.41333333333333
11862 3.14
11862 2.72142857142857
11862 0.00214285714285714
11862 0
11862 0.0142857142857143
11883 1.18119047619048
11883 0
11883 2.7952380952381
11883 2.41333333333333
11883 3.14
11883 2.72142857142857
11883 0.00214285714285714
11883 0
11883 0.0142857142857143
11885 1.18119047619048
11885 0
11885 2.7952380952381
11885 2.41333333333333
11885 3.14
11885 2.72142857142857
11885 0.00214285714285714
11885 0
11885 0.0142857142857143
11886 1.18119047619048
11886 0
11886 2.7952380952381
11886 2.41333333333333
11886 3.14
11886 2.72142857142857
11886 0.00214285714285714
11886 0
11886 0.0142857142857143
11887 1.18119047619048
11887 0
11887 2.7952380952381
11887 2.41333333333333
11887 3.14
11887 2.72142857142857
11887 0.00214285714285714
11887 0
11887 0.0142857142857143
11990 1.18119047619048
11990 0
11990 2.7952380952381
11990 2.41333333333333
11990 3.14
11990 2.72142857142857
11990 0.00214285714285714
11990 0
11990 0.0142857142857143
12005 1.18119047619048
12005 0
12005 2.7952380952381
12005 2.41333333333333
12005 3.14
12005 2.72142857142857
12005 0.00214285714285714
12005 0
12005 0.0142857142857143
12008 1.18119047619048
12008 0
12008 2.7952380952381
12008 2.41333333333333
12008 3.14
12008 2.72142857142857
12008 0.00214285714285714
12008 0
12008 0.0142857142857143
12010 1.18119047619048
12010 0
12010 2.7952380952381
12010 2.41333333333333
12010 3.14
12010 2.72142857142857
12010 0.00214285714285714
12010 0
12010 0.0142857142857143
12011 1.18119047619048
12011 0
12011 2.7952380952381
12011 2.41333333333333
12011 3.14
12011 2.72142857142857
12011 0.00214285714285714
12011 0
12011 0.0142857142857143
12012 1.18119047619048
12012 0
12012 2.7952380952381
12012 2.41333333333333
12012 3.14
12012 2.72142857142857
12012 0.00214285714285714
12012 0
12012 0.0142857142857143
12108 1.18119047619048
12108 0
12108 2.7952380952381
12108 2.41333333333333
12108 3.14
12108 2.72142857142857
12108 0.00214285714285714
12108 0
12108 0.0142857142857143
12112 1.18119047619048
12112 0
12112 2.7952380952381
12112 2.41333333333333
12112 3.14
12112 2.72142857142857
12112 0.00214285714285714
12112 0
12112 0.0142857142857143
12130 1.18119047619048
12130 0
12130 2.7952380952381
12130 2.41333333333333
12130 3.14
12130 2.72142857142857
12130 0.00214285714285714
12130 0
12130 0.0142857142857143
12131 1.18119047619048
12131 0
12131 2.7952380952381
12131 2.41333333333333
12131 3.14
12131 2.72142857142857
12131 0.00214285714285714
12131 0
12131 0.0142857142857143
12132 1.18119047619048
12132 0
12132 2.7952380952381
12132 2.41333333333333
12132 3.14
12132 2.72142857142857
12132 0.00214285714285714
12132 0
12132 0.0142857142857143
12133 1.18119047619048
12133 0
12133 2.7952380952381
12133 2.41333333333333
12133 3.14
12133 2.72142857142857
12133 0.00214285714285714
12133 0
12133 0.0142857142857143
12134 1.18119047619048
12134 0
12134 2.7952380952381
12134 2.41333333333333
12134 3.14
12134 2.72142857142857
12134 0.00214285714285714
12134 0
12134 0.0142857142857143
12230 1.18119047619048
12230 0
12230 2.7952380952381
12230 2.41333333333333
12230 3.14
12230 2.72142857142857
12230 0.00214285714285714
12230 0
12230 0.0142857142857143
12237 1.18119047619048
12237 0
12237 2.7952380952381
12237 2.41333333333333
12237 3.14
12237 2.72142857142857
12237 0.00214285714285714
12237 0
12237 0.0142857142857143
12251 1.18119047619048
12251 0
12251 2.7952380952381
12251 2.41333333333333
12251 3.14
12251 2.72142857142857
12251 0.00214285714285714
12251 0
12251 0.0142857142857143
12252 1.18119047619048
12252 0
12252 2.7952380952381
12252 2.41333333333333
12252 3.14
12252 2.72142857142857
12252 0.00214285714285714
12252 0
12252 0.0142857142857143
12253 1.18119047619048
12253 0
12253 2.7952380952381
12253 2.41333333333333
12253 3.14
12253 2.72142857142857
12253 0.00214285714285714
12253 0
12253 0.0142857142857143
12254 1.18119047619048
12254 0
12254 2.7952380952381
12254 2.41333333333333
12254 3.14
12254 2.72142857142857
12254 0.00214285714285714
12254 0
12254 0.0142857142857143
12255 1.18119047619048
12255 0
12255 2.7952380952381
12255 2.41333333333333
12255 3.14
12255 2.72142857142857
12255 0.00214285714285714
12255 0
12255 0.0142857142857143
12256 1.18119047619048
12256 0
12256 2.7952380952381
12256 2.41333333333333
12256 3.14
12256 2.72142857142857
12256 0.00214285714285714
12256 0
12256 0.0142857142857143
12257 1.18119047619048
12257 0
12257 2.7952380952381
12257 2.41333333333333
12257 3.14
12257 2.72142857142857
12257 0.00214285714285714
12257 0
12257 0.0142857142857143
12259 1.18119047619048
12259 0
12259 2.7952380952381
12259 2.41333333333333
12259 3.14
12259 2.72142857142857
12259 0.00214285714285714
12259 0
12259 0.0142857142857143
12260 1.18119047619048
12260 0
12260 2.7952380952381
12260 2.41333333333333
12260 3.14
12260 2.72142857142857
12260 0.00214285714285714
12260 0
12260 0.0142857142857143
12366 1.18119047619048
12366 0
12366 2.7952380952381
12366 2.41333333333333
12366 3.14
12366 2.72142857142857
12366 0.00214285714285714
12366 0
12366 0.0142857142857143
12370 1.18119047619048
12370 0
12370 2.7952380952381
12370 2.41333333333333
12370 3.14
12370 2.72142857142857
12370 0.00214285714285714
12370 0
12370 0.0142857142857143
12382 1.18119047619048
12382 0
12382 2.7952380952381
12382 2.41333333333333
12382 3.14
12382 2.72142857142857
12382 0.00214285714285714
12382 0
12382 0.0142857142857143
12383 1.18119047619048
12383 0
12383 2.7952380952381
12383 2.41333333333333
12383 3.14
12383 2.72142857142857
12383 0.00214285714285714
12383 0
12383 0.0142857142857143
12384 1.18119047619048
12384 0
12384 2.7952380952381
12384 2.41333333333333
12384 3.14
12384 2.72142857142857
12384 0.00214285714285714
12384 0
12384 0.0142857142857143
12386 1.18119047619048
12386 0
12386 2.7952380952381
12386 2.41333333333333
12386 3.14
12386 2.72142857142857
12386 0.00214285714285714
12386 0
12386 0.0142857142857143
12389 1.18119047619048
12389 0
12389 2.7952380952381
12389 2.41333333333333
12389 3.14
12389 2.72142857142857
12389 0.00214285714285714
12389 0
12389 0.0142857142857143
12390 1.18119047619048
12390 0
12390 2.7952380952381
12390 2.41333333333333
12390 3.14
12390 2.72142857142857
12390 0.00214285714285714
12390 0
12390 0.0142857142857143
12500 1.18119047619048
12500 0
12500 2.7952380952381
12500 2.41333333333333
12500 3.14
12500 2.72142857142857
12500 0.00214285714285714
12500 0
12500 0.0142857142857143
12501 1.18119047619048
12501 0
12501 2.7952380952381
12501 2.41333333333333
12501 3.14
12501 2.72142857142857
12501 0.00214285714285714
12501 0
12501 0.0142857142857143
12515 1.18119047619048
12515 0
12515 2.7952380952381
12515 2.41333333333333
12515 3.14
12515 2.72142857142857
12515 0.00214285714285714
12515 0
12515 0.0142857142857143
12516 1.18119047619048
12516 0
12516 2.7952380952381
12516 2.41333333333333
12516 3.14
12516 2.72142857142857
12516 0.00214285714285714
12516 0
12516 0.0142857142857143
12517 1.18119047619048
12517 0
12517 2.7952380952381
12517 2.41333333333333
12517 3.14
12517 2.72142857142857
12517 0.00214285714285714
12517 0
12517 0.0142857142857143
12519 1.18119047619048
12519 0
12519 2.7952380952381
12519 2.41333333333333
12519 3.14
12519 2.72142857142857
12519 0.00214285714285714
12519 0
12519 0.0142857142857143
12522 1.18119047619048
12522 0
12522 2.7952380952381
12522 2.41333333333333
12522 3.14
12522 2.72142857142857
12522 0.00214285714285714
12522 0
12522 0.0142857142857143
12628 1.18119047619048
12628 0
12628 2.7952380952381
12628 2.41333333333333
12628 3.14
12628 2.72142857142857
12628 0.00214285714285714
12628 0
12628 0.0142857142857143
12629 1.18119047619048
12629 0
12629 2.7952380952381
12629 2.41333333333333
12629 3.14
12629 2.72142857142857
12629 0.00214285714285714
12629 0
12629 0.0142857142857143
12630 1.18119047619048
12630 0
12630 2.7952380952381
12630 2.41333333333333
12630 3.14
12630 2.72142857142857
12630 0.00214285714285714
12630 0
12630 0.0142857142857143
12644 1.18119047619048
12644 0
12644 2.7952380952381
12644 2.41333333333333
12644 3.14
12644 2.72142857142857
12644 0.00214285714285714
12644 0
12644 0.0142857142857143
12645 1.18119047619048
12645 0
12645 2.7952380952381
12645 2.41333333333333
12645 3.14
12645 2.72142857142857
12645 0.00214285714285714
12645 0
12645 0.0142857142857143
12646 1.18119047619048
12646 0
12646 2.7952380952381
12646 2.41333333333333
12646 3.14
12646 2.72142857142857
12646 0.00214285714285714
12646 0
12646 0.0142857142857143
12650 1.18119047619048
12650 0
12650 2.7952380952381
12650 2.41333333333333
12650 3.14
12650 2.72142857142857
12650 0.00214285714285714
12650 0
12650 0.0142857142857143
12651 1.18119047619048
12651 0
12651 2.7952380952381
12651 2.41333333333333
12651 3.14
12651 2.72142857142857
12651 0.00214285714285714
12651 0
12651 0.0142857142857143
12748 1.18119047619048
12748 0
12748 2.7952380952381
12748 2.41333333333333
12748 3.14
12748 2.72142857142857
12748 0.00214285714285714
12748 0
12748 0.0142857142857143
12760 1.18119047619048
12760 0
12760 2.7952380952381
12760 2.41333333333333
12760 3.14
12760 2.72142857142857
12760 0.00214285714285714
12760 0
12760 0.0142857142857143
12761 1.18119047619048
12761 0
12761 2.7952380952381
12761 2.41333333333333
12761 3.14
12761 2.72142857142857
12761 0.00214285714285714
12761 0
12761 0.0142857142857143
12762 1.18119047619048
12762 0
12762 2.7952380952381
12762 2.41333333333333
12762 3.14
12762 2.72142857142857
12762 0.00214285714285714
12762 0
12762 0.0142857142857143
12766 1.18119047619048
12766 0
12766 2.7952380952381
12766 2.41333333333333
12766 3.14
12766 2.72142857142857
12766 0.00214285714285714
12766 0
12766 0.0142857142857143
12767 1.18119047619048
12767 0
12767 2.7952380952381
12767 2.41333333333333
12767 3.14
12767 2.72142857142857
12767 0.00214285714285714
12767 0
12767 0.0142857142857143
12768 1.18119047619048
12768 0
12768 2.7952380952381
12768 2.41333333333333
12768 3.14
12768 2.72142857142857
12768 0.00214285714285714
12768 0
12768 0.0142857142857143
12862 1.18119047619048
12862 0
12862 2.7952380952381
12862 2.41333333333333
12862 3.14
12862 2.72142857142857
12862 0.00214285714285714
12862 0
12862 0.0142857142857143
12863 1.18119047619048
12863 0
12863 2.7952380952381
12863 2.41333333333333
12863 3.14
12863 2.72142857142857
12863 0.00214285714285714
12863 0
12863 0.0142857142857143
12864 1.18119047619048
12864 0
12864 2.7952380952381
12864 2.41333333333333
12864 3.14
12864 2.72142857142857
12864 0.00214285714285714
12864 0
12864 0.0142857142857143
12867 1.18119047619048
12867 0
12867 2.7952380952381
12867 2.41333333333333
12867 3.14
12867 2.72142857142857
12867 0.00214285714285714
12867 0
12867 0.0142857142857143
12884 1.18119047619048
12884 0
12884 2.7952380952381
12884 2.41333333333333
12884 3.14
12884 2.72142857142857
12884 0.00214285714285714
12884 0
12884 0.0142857142857143
12885 1.18119047619048
12885 0
12885 2.7952380952381
12885 2.41333333333333
12885 3.14
12885 2.72142857142857
12885 0.00214285714285714
12885 0
12885 0.0142857142857143
12886 1.18119047619048
12886 0
12886 2.7952380952381
12886 2.41333333333333
12886 3.14
12886 2.72142857142857
12886 0.00214285714285714
12886 0
12886 0.0142857142857143
12887 1.18119047619048
12887 0
12887 2.7952380952381
12887 2.41333333333333
12887 3.14
12887 2.72142857142857
12887 0.00214285714285714
12887 0
12887 0.0142857142857143
12888 1.18119047619048
12888 0
12888 2.7952380952381
12888 2.41333333333333
12888 3.14
12888 2.72142857142857
12888 0.00214285714285714
12888 0
12888 0.0142857142857143
12889 1.18119047619048
12889 0
12889 2.7952380952381
12889 2.41333333333333
12889 3.14
12889 2.72142857142857
12889 0.00214285714285714
12889 0
12889 0.0142857142857143
12983 1.18119047619048
12983 0
12983 2.7952380952381
12983 2.41333333333333
12983 3.14
12983 2.72142857142857
12983 0.00214285714285714
12983 0
12983 0.0142857142857143
12988 1.18119047619048
12988 0
12988 2.7952380952381
12988 2.41333333333333
12988 3.14
12988 2.72142857142857
12988 0.00214285714285714
12988 0
12988 0.0142857142857143
13006 1.18119047619048
13006 0
13006 2.7952380952381
13006 2.41333333333333
13006 3.14
13006 2.72142857142857
13006 0.00214285714285714
13006 0
13006 0.0142857142857143
13007 1.18119047619048
13007 0
13007 2.7952380952381
13007 2.41333333333333
13007 3.14
13007 2.72142857142857
13007 0.00214285714285714
13007 0
13007 0.0142857142857143
13008 1.18119047619048
13008 0
13008 2.7952380952381
13008 2.41333333333333
13008 3.14
13008 2.72142857142857
13008 0.00214285714285714
13008 0
13008 0.0142857142857143
13009 1.18119047619048
13009 0
13009 2.7952380952381
13009 2.41333333333333
13009 3.14
13009 2.72142857142857
13009 0.00214285714285714
13009 0
13009 0.0142857142857143
13010 1.18119047619048
13010 0
13010 2.7952380952381
13010 2.41333333333333
13010 3.14
13010 2.72142857142857
13010 0.00214285714285714
13010 0
13010 0.0142857142857143
13098 1.18119047619048
13098 0
13098 2.7952380952381
13098 2.41333333333333
13098 3.14
13098 2.72142857142857
13098 0.00214285714285714
13098 0
13098 0.0142857142857143
13099 1.18119047619048
13099 0
13099 2.7952380952381
13099 2.41333333333333
13099 3.14
13099 2.72142857142857
13099 0.00214285714285714
13099 0
13099 0.0142857142857143
13101 1.18119047619048
13101 0
13101 2.7952380952381
13101 2.41333333333333
13101 3.14
13101 2.72142857142857
13101 0.00214285714285714
13101 0
13101 0.0142857142857143
13102 1.18119047619048
13102 0
13102 2.7952380952381
13102 2.41333333333333
13102 3.14
13102 2.72142857142857
13102 0.00214285714285714
13102 0
13102 0.0142857142857143
13103 1.18119047619048
13103 0
13103 2.7952380952381
13103 2.41333333333333
13103 3.14
13103 2.72142857142857
13103 0.00214285714285714
13103 0
13103 0.0142857142857143
13111 1.18119047619048
13111 0
13111 2.7952380952381
13111 2.41333333333333
13111 3.14
13111 2.72142857142857
13111 0.00214285714285714
13111 0
13111 0.0142857142857143
13113 1.18119047619048
13113 0
13113 2.7952380952381
13113 2.41333333333333
13113 3.14
13113 2.72142857142857
13113 0.00214285714285714
13113 0
13113 0.0142857142857143
13118 1.18119047619048
13118 0
13118 2.7952380952381
13118 2.41333333333333
13118 3.14
13118 2.72142857142857
13118 0.00214285714285714
13118 0
13118 0.0142857142857143
13120 1.18119047619048
13120 0
13120 2.7952380952381
13120 2.41333333333333
13120 3.14
13120 2.72142857142857
13120 0.00214285714285714
13120 0
13120 0.0142857142857143
13121 1.18119047619048
13121 0
13121 2.7952380952381
13121 2.41333333333333
13121 3.14
13121 2.72142857142857
13121 0.00214285714285714
13121 0
13121 0.0142857142857143
13122 1.18119047619048
13122 0
13122 2.7952380952381
13122 2.41333333333333
13122 3.14
13122 2.72142857142857
13122 0.00214285714285714
13122 0
13122 0.0142857142857143
13123 1.18119047619048
13123 0
13123 2.7952380952381
13123 2.41333333333333
13123 3.14
13123 2.72142857142857
13123 0.00214285714285714
13123 0
13123 0.0142857142857143
13200 1.18119047619048
13200 0
13200 2.7952380952381
13200 2.41333333333333
13200 3.14
13200 2.72142857142857
13200 0.00214285714285714
13200 0
13200 0.0142857142857143
13206 1.18119047619048
13206 0
13206 2.7952380952381
13206 2.41333333333333
13206 3.14
13206 2.72142857142857
13206 0.00214285714285714
13206 0
13206 0.0142857142857143
13209 1.18119047619048
13209 0
13209 2.7952380952381
13209 2.41333333333333
13209 3.14
13209 2.72142857142857
13209 0.00214285714285714
13209 0
13209 0.0142857142857143
13224 1.18119047619048
13224 0
13224 2.7952380952381
13224 2.41333333333333
13224 3.14
13224 2.72142857142857
13224 0.00214285714285714
13224 0
13224 0.0142857142857143
13225 1.18119047619048
13225 0
13225 2.7952380952381
13225 2.41333333333333
13225 3.14
13225 2.72142857142857
13225 0.00214285714285714
13225 0
13225 0.0142857142857143
13226 1.18119047619048
13226 0
13226 2.7952380952381
13226 2.41333333333333
13226 3.14
13226 2.72142857142857
13226 0.00214285714285714
13226 0
13226 0.0142857142857143
13296 1.18119047619048
13296 0
13296 2.7952380952381
13296 2.41333333333333
13296 3.14
13296 2.72142857142857
13296 0.00214285714285714
13296 0
13296 0.0142857142857143
13297 1.18119047619048
13297 0
13297 2.7952380952381
13297 2.41333333333333
13297 3.14
13297 2.72142857142857
13297 0.00214285714285714
13297 0
13297 0.0142857142857143
13298 1.18119047619048
13298 0
13298 2.7952380952381
13298 2.41333333333333
13298 3.14
13298 2.72142857142857
13298 0.00214285714285714
13298 0
13298 0.0142857142857143
13299 1.18119047619048
13299 0
13299 2.7952380952381
13299 2.41333333333333
13299 3.14
13299 2.72142857142857
13299 0.00214285714285714
13299 0
13299 0.0142857142857143
13304 1.18119047619048
13304 0
13304 2.7952380952381
13304 2.41333333333333
13304 3.14
13304 2.72142857142857
13304 0.00214285714285714
13304 0
13304 0.0142857142857143
13318 1.18119047619048
13318 0
13318 2.7952380952381
13318 2.41333333333333
13318 3.14
13318 2.72142857142857
13318 0.00214285714285714
13318 0
13318 0.0142857142857143
13319 1.18119047619048
13319 0
13319 2.7952380952381
13319 2.41333333333333
13319 3.14
13319 2.72142857142857
13319 0.00214285714285714
13319 0
13319 0.0142857142857143
13323 1.18119047619048
13323 0
13323 2.7952380952381
13323 2.41333333333333
13323 3.14
13323 2.72142857142857
13323 0.00214285714285714
13323 0
13323 0.0142857142857143
13324 1.18119047619048
13324 0
13324 2.7952380952381
13324 2.41333333333333
13324 3.14
13324 2.72142857142857
13324 0.00214285714285714
13324 0
13324 0.0142857142857143
13383 1.18119047619048
13383 0
13383 2.7952380952381
13383 2.41333333333333
13383 3.14
13383 2.72142857142857
13383 0.00214285714285714
13383 0
13383 0.0142857142857143
13403 1.18119047619048
13403 0
13403 2.7952380952381
13403 2.41333333333333
13403 3.14
13403 2.72142857142857
13403 0.00214285714285714
13403 0
13403 0.0142857142857143
13404 1.18119047619048
13404 0
13404 2.7952380952381
13404 2.41333333333333
13404 3.14
13404 2.72142857142857
13404 0.00214285714285714
13404 0
13404 0.0142857142857143
13405 1.18119047619048
13405 0
13405 2.7952380952381
13405 2.41333333333333
13405 3.14
13405 2.72142857142857
13405 0.00214285714285714
13405 0
13405 0.0142857142857143
13406 1.18119047619048
13406 0
13406 2.7952380952381
13406 2.41333333333333
13406 3.14
13406 2.72142857142857
13406 0.00214285714285714
13406 0
13406 0.0142857142857143
13407 1.18119047619048
13407 0
13407 2.7952380952381
13407 2.41333333333333
13407 3.14
13407 2.72142857142857
13407 0.00214285714285714
13407 0
13407 0.0142857142857143
13408 1.18119047619048
13408 0
13408 2.7952380952381
13408 2.41333333333333
13408 3.14
13408 2.72142857142857
13408 0.00214285714285714
13408 0
13408 0.0142857142857143
13409 1.18119047619048
13409 0
13409 2.7952380952381
13409 2.41333333333333
13409 3.14
13409 2.72142857142857
13409 0.00214285714285714
13409 0
13409 0.0142857142857143
13484 1.18119047619048
13484 0
13484 2.7952380952381
13484 2.41333333333333
13484 3.14
13484 2.72142857142857
13484 0.00214285714285714
13484 0
13484 0.0142857142857143
13485 1.18119047619048
13485 0
13485 2.7952380952381
13485 2.41333333333333
13485 3.14
13485 2.72142857142857
13485 0.00214285714285714
13485 0
13485 0.0142857142857143
13486 1.18119047619048
13486 0
13486 2.7952380952381
13486 2.41333333333333
13486 3.14
13486 2.72142857142857
13486 0.00214285714285714
13486 0
13486 0.0142857142857143
13488 1.18119047619048
13488 0
13488 2.7952380952381
13488 2.41333333333333
13488 3.14
13488 2.72142857142857
13488 0.00214285714285714
13488 0
13488 0.0142857142857143
13490 1.18119047619048
13490 0
13490 2.7952380952381
13490 2.41333333333333
13490 3.14
13490 2.72142857142857
13490 0.00214285714285714
13490 0
13490 0.0142857142857143
13534 1.18119047619048
13534 0
13534 2.7952380952381
13534 2.41333333333333
13534 3.14
13534 2.72142857142857
13534 0.00214285714285714
13534 0
13534 0.0142857142857143
13536 1.18119047619048
13536 0
13536 2.7952380952381
13536 2.41333333333333
13536 3.14
13536 2.72142857142857
13536 0.00214285714285714
13536 0
13536 0.0142857142857143
13543 1.18119047619048
13543 0
13543 2.7952380952381
13543 2.41333333333333
13543 3.14
13543 2.72142857142857
13543 0.00214285714285714
13543 0
13543 0.0142857142857143
13552 1.18119047619048
13552 0
13552 2.7952380952381
13552 2.41333333333333
13552 3.14
13552 2.72142857142857
13552 0.00214285714285714
13552 0
13552 0.0142857142857143
13554 1.18119047619048
13554 0
13554 2.7952380952381
13554 2.41333333333333
13554 3.14
13554 2.72142857142857
13554 0.00214285714285714
13554 0
13554 0.0142857142857143
13555 1.18119047619048
13555 0
13555 2.7952380952381
13555 2.41333333333333
13555 3.14
13555 2.72142857142857
13555 0.00214285714285714
13555 0
13555 0.0142857142857143
13557 1.18119047619048
13557 0
13557 2.7952380952381
13557 2.41333333333333
13557 3.14
13557 2.72142857142857
13557 0.00214285714285714
13557 0
13557 0.0142857142857143
13558 1.18119047619048
13558 0
13558 2.7952380952381
13558 2.41333333333333
13558 3.14
13558 2.72142857142857
13558 0.00214285714285714
13558 0
13558 0.0142857142857143
13559 1.18119047619048
13559 0
13559 2.7952380952381
13559 2.41333333333333
13559 3.14
13559 2.72142857142857
13559 0.00214285714285714
13559 0
13559 0.0142857142857143
13611 1.18119047619048
13611 0
13611 2.7952380952381
13611 2.41333333333333
13611 3.14
13611 2.72142857142857
13611 0.00214285714285714
13611 0
13611 0.0142857142857143
13613 1.18119047619048
13613 0
13613 2.7952380952381
13613 2.41333333333333
13613 3.14
13613 2.72142857142857
13613 0.00214285714285714
13613 0
13613 0.0142857142857143
13614 1.18119047619048
13614 0
13614 2.7952380952381
13614 2.41333333333333
13614 3.14
13614 2.72142857142857
13614 0.00214285714285714
13614 0
13614 0.0142857142857143
13617 1.18119047619048
13617 0
13617 2.7952380952381
13617 2.41333333333333
13617 3.14
13617 2.72142857142857
13617 0.00214285714285714
13617 0
13617 0.0142857142857143
13618 1.18119047619048
13618 0
13618 2.7952380952381
13618 2.41333333333333
13618 3.14
13618 2.72142857142857
13618 0.00214285714285714
13618 0
13618 0.0142857142857143
13619 1.18119047619048
13619 0
13619 2.7952380952381
13619 2.41333333333333
13619 3.14
13619 2.72142857142857
13619 0.00214285714285714
13619 0
13619 0.0142857142857143
13651 1.18119047619048
13651 0
13651 2.7952380952381
13651 2.41333333333333
13651 3.14
13651 2.72142857142857
13651 0.00214285714285714
13651 0
13651 0.0142857142857143
13669 1.18119047619048
13669 0
13669 2.7952380952381
13669 2.41333333333333
13669 3.14
13669 2.72142857142857
13669 0.00214285714285714
13669 0
13669 0.0142857142857143
13670 1.18119047619048
13670 0
13670 2.7952380952381
13670 2.41333333333333
13670 3.14
13670 2.72142857142857
13670 0.00214285714285714
13670 0
13670 0.0142857142857143
13671 1.18119047619048
13671 0
13671 2.7952380952381
13671 2.41333333333333
13671 3.14
13671 2.72142857142857
13671 0.00214285714285714
13671 0
13671 0.0142857142857143
13674 1.18119047619048
13674 0
13674 2.7952380952381
13674 2.41333333333333
13674 3.14
13674 2.72142857142857
13674 0.00214285714285714
13674 0
13674 0.0142857142857143
13675 1.18119047619048
13675 0
13675 2.7952380952381
13675 2.41333333333333
13675 3.14
13675 2.72142857142857
13675 0.00214285714285714
13675 0
13675 0.0142857142857143
13676 1.18119047619048
13676 0
13676 2.7952380952381
13676 2.41333333333333
13676 3.14
13676 2.72142857142857
13676 0.00214285714285714
13676 0
13676 0.0142857142857143
13707 1.18119047619048
13707 0
13707 2.7952380952381
13707 2.41333333333333
13707 3.14
13707 2.72142857142857
13707 0.00214285714285714
13707 0
13707 0.0142857142857143
13709 1.18119047619048
13709 0
13709 2.7952380952381
13709 2.41333333333333
13709 3.14
13709 2.72142857142857
13709 0.00214285714285714
13709 0
13709 0.0142857142857143
13714 1.18119047619048
13714 0
13714 2.7952380952381
13714 2.41333333333333
13714 3.14
13714 2.72142857142857
13714 0.00214285714285714
13714 0
13714 0.0142857142857143
13724 1.18119047619048
13724 0
13724 2.7952380952381
13724 2.41333333333333
13724 3.14
13724 2.72142857142857
13724 0.00214285714285714
13724 0
13724 0.0142857142857143
13725 1.18119047619048
13725 0
13725 2.7952380952381
13725 2.41333333333333
13725 3.14
13725 2.72142857142857
13725 0.00214285714285714
13725 0
13725 0.0142857142857143
13729 1.18119047619048
13729 0
13729 2.7952380952381
13729 2.41333333333333
13729 3.14
13729 2.72142857142857
13729 0.00214285714285714
13729 0
13729 0.0142857142857143
13730 1.18119047619048
13730 0
13730 2.7952380952381
13730 2.41333333333333
13730 3.14
13730 2.72142857142857
13730 0.00214285714285714
13730 0
13730 0.0142857142857143
13731 1.18119047619048
13731 0
13731 2.7952380952381
13731 2.41333333333333
13731 3.14
13731 2.72142857142857
13731 0.00214285714285714
13731 0
13731 0.0142857142857143
13764 1.18119047619048
13764 0
13764 2.7952380952381
13764 2.41333333333333
13764 3.14
13764 2.72142857142857
13764 0.00214285714285714
13764 0
13764 0.0142857142857143
13769 1.18119047619048
13769 0
13769 2.7952380952381
13769 2.41333333333333
13769 3.14
13769 2.72142857142857
13769 0.00214285714285714
13769 0
13769 0.0142857142857143
13772 1.18119047619048
13772 0
13772 2.7952380952381
13772 2.41333333333333
13772 3.14
13772 2.72142857142857
13772 0.00214285714285714
13772 0
13772 0.0142857142857143
13780 1.18119047619048
13780 0
13780 2.7952380952381
13780 2.41333333333333
13780 3.14
13780 2.72142857142857
13780 0.00214285714285714
13780 0
13780 0.0142857142857143
13782 1.18119047619048
13782 0
13782 2.7952380952381
13782 2.41333333333333
13782 3.14
13782 2.72142857142857
13782 0.00214285714285714
13782 0
13782 0.0142857142857143
13784 1.18119047619048
13784 0
13784 2.7952380952381
13784 2.41333333333333
13784 3.14
13784 2.72142857142857
13784 0.00214285714285714
13784 0
13784 0.0142857142857143
13785 1.18119047619048
13785 0
13785 2.7952380952381
13785 2.41333333333333
13785 3.14
13785 2.72142857142857
13785 0.00214285714285714
13785 0
13785 0.0142857142857143
13816 1.18119047619048
13816 0
13816 2.7952380952381
13816 2.41333333333333
13816 3.14
13816 2.72142857142857
13816 0.00214285714285714
13816 0
13816 0.0142857142857143
13818 1.18119047619048
13818 0
13818 2.7952380952381
13818 2.41333333333333
13818 3.14
13818 2.72142857142857
13818 0.00214285714285714
13818 0
13818 0.0142857142857143
13822 1.18119047619048
13822 0
13822 2.7952380952381
13822 2.41333333333333
13822 3.14
13822 2.72142857142857
13822 0.00214285714285714
13822 0
13822 0.0142857142857143
13823 1.18119047619048
13823 0
13823 2.7952380952381
13823 2.41333333333333
13823 3.14
13823 2.72142857142857
13823 0.00214285714285714
13823 0
13823 0.0142857142857143
13832 1.18119047619048
13832 0
13832 2.7952380952381
13832 2.41333333333333
13832 3.14
13832 2.72142857142857
13832 0.00214285714285714
13832 0
13832 0.0142857142857143
13835 1.18119047619048
13835 0
13835 2.7952380952381
13835 2.41333333333333
13835 3.14
13835 2.72142857142857
13835 0.00214285714285714
13835 0
13835 0.0142857142857143
13836 1.18119047619048
13836 0
13836 2.7952380952381
13836 2.41333333333333
13836 3.14
13836 2.72142857142857
13836 0.00214285714285714
13836 0
13836 0.0142857142857143
13838 1.18119047619048
13838 0
13838 2.7952380952381
13838 2.41333333333333
13838 3.14
13838 2.72142857142857
13838 0.00214285714285714
13838 0
13838 0.0142857142857143
13874 1.18119047619048
13874 0
13874 2.7952380952381
13874 2.41333333333333
13874 3.14
13874 2.72142857142857
13874 0.00214285714285714
13874 0
13874 0.0142857142857143
13880 1.18119047619048
13880 0
13880 2.7952380952381
13880 2.41333333333333
13880 3.14
13880 2.72142857142857
13880 0.00214285714285714
13880 0
13880 0.0142857142857143
13885 1.18119047619048
13885 0
13885 2.7952380952381
13885 2.41333333333333
13885 3.14
13885 2.72142857142857
13885 0.00214285714285714
13885 0
13885 0.0142857142857143
13889 1.18119047619048
13889 0
13889 2.7952380952381
13889 2.41333333333333
13889 3.14
13889 2.72142857142857
13889 0.00214285714285714
13889 0
13889 0.0142857142857143
13892 1.18119047619048
13892 0
13892 2.7952380952381
13892 2.41333333333333
13892 3.14
13892 2.72142857142857
13892 0.00214285714285714
13892 0
13892 0.0142857142857143
13893 1.18119047619048
13893 0
13893 2.7952380952381
13893 2.41333333333333
13893 3.14
13893 2.72142857142857
13893 0.00214285714285714
13893 0
13893 0.0142857142857143
13946 1.18119047619048
13946 0
13946 2.7952380952381
13946 2.41333333333333
13946 3.14
13946 2.72142857142857
13946 0.00214285714285714
13946 0
13946 0.0142857142857143
13947 1.18119047619048
13947 0
13947 2.7952380952381
13947 2.41333333333333
13947 3.14
13947 2.72142857142857
13947 0.00214285714285714
13947 0
13947 0.0142857142857143
13948 1.18119047619048
13948 0
13948 2.7952380952381
13948 2.41333333333333
13948 3.14
13948 2.72142857142857
13948 0.00214285714285714
13948 0
13948 0.0142857142857143
13949 1.18119047619048
13949 0
13949 2.7952380952381
13949 2.41333333333333
13949 3.14
13949 2.72142857142857
13949 0.00214285714285714
13949 0
13949 0.0142857142857143
13950 1.18119047619048
13950 0
13950 2.7952380952381
13950 2.41333333333333
13950 3.14
13950 2.72142857142857
13950 0.00214285714285714
13950 0
13950 0.0142857142857143
13951 1.18119047619048
13951 0
13951 2.7952380952381
13951 2.41333333333333
13951 3.14
13951 2.72142857142857
13951 0.00214285714285714
13951 0
13951 0.0142857142857143
13952 1.18119047619048
13952 0
13952 2.7952380952381
13952 2.41333333333333
13952 3.14
13952 2.72142857142857
13952 0.00214285714285714
13952 0
13952 0.0142857142857143
13982 1.18119047619048
13982 0
13982 2.7952380952381
13982 2.41333333333333
13982 3.14
13982 2.72142857142857
13982 0.00214285714285714
13982 0
13982 0.0142857142857143
13987 1.18119047619048
13987 0
13987 2.7952380952381
13987 2.41333333333333
13987 3.14
13987 2.72142857142857
13987 0.00214285714285714
13987 0
13987 0.0142857142857143
13994 1.18119047619048
13994 0
13994 2.7952380952381
13994 2.41333333333333
13994 3.14
13994 2.72142857142857
13994 0.00214285714285714
13994 0
13994 0.0142857142857143
13997 1.18119047619048
13997 0
13997 2.7952380952381
13997 2.41333333333333
13997 3.14
13997 2.72142857142857
13997 0.00214285714285714
13997 0
13997 0.0142857142857143
13998 1.18119047619048
13998 0
13998 2.7952380952381
13998 2.41333333333333
13998 3.14
13998 2.72142857142857
13998 0.00214285714285714
13998 0
13998 0.0142857142857143
14001 1.18119047619048
14001 0
14001 2.7952380952381
14001 2.41333333333333
14001 3.14
14001 2.72142857142857
14001 0.00214285714285714
14001 0
14001 0.0142857142857143
14004 1.18119047619048
14004 0
14004 2.7952380952381
14004 2.41333333333333
14004 3.14
14004 2.72142857142857
14004 0.00214285714285714
14004 0
14004 0.0142857142857143
14005 1.18119047619048
14005 0
14005 2.7952380952381
14005 2.41333333333333
14005 3.14
14005 2.72142857142857
14005 0.00214285714285714
14005 0
14005 0.0142857142857143
14006 1.18119047619048
14006 0
14006 2.7952380952381
14006 2.41333333333333
14006 3.14
14006 2.72142857142857
14006 0.00214285714285714
14006 0
14006 0.0142857142857143
14008 1.18119047619048
14008 0
14008 2.7952380952381
14008 2.41333333333333
14008 3.14
14008 2.72142857142857
14008 0.00214285714285714
14008 0
14008 0.0142857142857143
14009 1.18119047619048
14009 0
14009 2.7952380952381
14009 2.41333333333333
14009 3.14
14009 2.72142857142857
14009 0.00214285714285714
14009 0
14009 0.0142857142857143
14035 1.18119047619048
14035 0
14035 2.7952380952381
14035 2.41333333333333
14035 3.14
14035 2.72142857142857
14035 0.00214285714285714
14035 0
14035 0.0142857142857143
14042 1.18119047619048
14042 0
14042 2.7952380952381
14042 2.41333333333333
14042 3.14
14042 2.72142857142857
14042 0.00214285714285714
14042 0
14042 0.0142857142857143
14045 1.18119047619048
14045 0
14045 2.7952380952381
14045 2.41333333333333
14045 3.14
14045 2.72142857142857
14045 0.00214285714285714
14045 0
14045 0.0142857142857143
14057 1.18119047619048
14057 0
14057 2.7952380952381
14057 2.41333333333333
14057 3.14
14057 2.72142857142857
14057 0.00214285714285714
14057 0
14057 0.0142857142857143
14058 1.18119047619048
14058 0
14058 2.7952380952381
14058 2.41333333333333
14058 3.14
14058 2.72142857142857
14058 0.00214285714285714
14058 0
14058 0.0142857142857143
14059 1.18119047619048
14059 0
14059 2.7952380952381
14059 2.41333333333333
14059 3.14
14059 2.72142857142857
14059 0.00214285714285714
14059 0
14059 0.0142857142857143
14060 1.18119047619048
14060 0
14060 2.7952380952381
14060 2.41333333333333
14060 3.14
14060 2.72142857142857
14060 0.00214285714285714
14060 0
14060 0.0142857142857143
14062 1.18119047619048
14062 0
14062 2.7952380952381
14062 2.41333333333333
14062 3.14
14062 2.72142857142857
14062 0.00214285714285714
14062 0
14062 0.0142857142857143
14064 1.18119047619048
14064 0
14064 2.7952380952381
14064 2.41333333333333
14064 3.14
14064 2.72142857142857
14064 0.00214285714285714
14064 0
14064 0.0142857142857143
14086 1.18119047619048
14086 0
14086 2.7952380952381
14086 2.41333333333333
14086 3.14
14086 2.72142857142857
14086 0.00214285714285714
14086 0
14086 0.0142857142857143
14093 1.18119047619048
14093 0
14093 2.7952380952381
14093 2.41333333333333
14093 3.14
14093 2.72142857142857
14093 0.00214285714285714
14093 0
14093 0.0142857142857143
14096 1.18119047619048
14096 0
14096 2.7952380952381
14096 2.41333333333333
14096 3.14
14096 2.72142857142857
14096 0.00214285714285714
14096 0
14096 0.0142857142857143
14097 1.18119047619048
14097 0
14097 2.7952380952381
14097 2.41333333333333
14097 3.14
14097 2.72142857142857
14097 0.00214285714285714
14097 0
14097 0.0142857142857143
14098 1.18119047619048
14098 0
14098 2.7952380952381
14098 2.41333333333333
14098 3.14
14098 2.72142857142857
14098 0.00214285714285714
14098 0
14098 0.0142857142857143
14107 1.18119047619048
14107 0
14107 2.7952380952381
14107 2.41333333333333
14107 3.14
14107 2.72142857142857
14107 0.00214285714285714
14107 0
14107 0.0142857142857143
14109 1.18119047619048
14109 0
14109 2.7952380952381
14109 2.41333333333333
14109 3.14
14109 2.72142857142857
14109 0.00214285714285714
14109 0
14109 0.0142857142857143
14112 1.18119047619048
14112 0
14112 2.7952380952381
14112 2.41333333333333
14112 3.14
14112 2.72142857142857
14112 0.00214285714285714
14112 0
14112 0.0142857142857143
14115 1.18119047619048
14115 0
14115 2.7952380952381
14115 2.41333333333333
14115 3.14
14115 2.72142857142857
14115 0.00214285714285714
14115 0
14115 0.0142857142857143
14151 1.18119047619048
14151 0
14151 2.7952380952381
14151 2.41333333333333
14151 3.14
14151 2.72142857142857
14151 0.00214285714285714
14151 0
14151 0.0142857142857143
14152 1.18119047619048
14152 0
14152 2.7952380952381
14152 2.41333333333333
14152 3.14
14152 2.72142857142857
14152 0.00214285714285714
14152 0
14152 0.0142857142857143
14154 1.18119047619048
14154 0
14154 2.7952380952381
14154 2.41333333333333
14154 3.14
14154 2.72142857142857
14154 0.00214285714285714
14154 0
14154 0.0142857142857143
14163 1.18119047619048
14163 0
14163 2.7952380952381
14163 2.41333333333333
14163 3.14
14163 2.72142857142857
14163 0.00214285714285714
14163 0
14163 0.0142857142857143
14167 1.18119047619048
14167 0
14167 2.7952380952381
14167 2.41333333333333
14167 3.14
14167 2.72142857142857
14167 0.00214285714285714
14167 0
14167 0.0142857142857143
14168 1.18119047619048
14168 0
14168 2.7952380952381
14168 2.41333333333333
14168 3.14
14168 2.72142857142857
14168 0.00214285714285714
14168 0
14168 0.0142857142857143
14169 1.18119047619048
14169 0
14169 2.7952380952381
14169 2.41333333333333
14169 3.14
14169 2.72142857142857
14169 0.00214285714285714
14169 0
14169 0.0142857142857143
14209 1.18119047619048
14209 0
14209 2.7952380952381
14209 2.41333333333333
14209 3.14
14209 2.72142857142857
14209 0.00214285714285714
14209 0
14209 0.0142857142857143
14210 1.18119047619048
14210 0
14210 2.7952380952381
14210 2.41333333333333
14210 3.14
14210 2.72142857142857
14210 0.00214285714285714
14210 0
14210 0.0142857142857143
14212 1.18119047619048
14212 0
14212 2.7952380952381
14212 2.41333333333333
14212 3.14
14212 2.72142857142857
14212 0.00214285714285714
14212 0
14212 0.0142857142857143
14241 1.18119047619048
14241 0
14241 2.7952380952381
14241 2.41333333333333
14241 3.14
14241 2.72142857142857
14241 0.00214285714285714
14241 0
14241 0.0142857142857143
14256 1.18119047619048
14256 0
14256 2.7952380952381
14256 2.41333333333333
14256 3.14
14256 2.72142857142857
14256 0.00214285714285714
14256 0
14256 0.0142857142857143
14257 1.18119047619048
14257 0
14257 2.7952380952381
14257 2.41333333333333
14257 3.14
14257 2.72142857142857
14257 0.00214285714285714
14257 0
14257 0.0142857142857143
14258 1.18119047619048
14258 0
14258 2.7952380952381
14258 2.41333333333333
14258 3.14
14258 2.72142857142857
14258 0.00214285714285714
14258 0
14258 0.0142857142857143
14259 1.18119047619048
14259 0
14259 2.7952380952381
14259 2.41333333333333
14259 3.14
14259 2.72142857142857
14259 0.00214285714285714
14259 0
14259 0.0142857142857143
14260 1.18119047619048
14260 0
14260 2.7952380952381
14260 2.41333333333333
14260 3.14
14260 2.72142857142857
14260 0.00214285714285714
14260 0
14260 0.0142857142857143
14261 1.18119047619048
14261 0
14261 2.7952380952381
14261 2.41333333333333
14261 3.14
14261 2.72142857142857
14261 0.00214285714285714
14261 0
14261 0.0142857142857143
14264 1.18119047619048
14264 0
14264 2.7952380952381
14264 2.41333333333333
14264 3.14
14264 2.72142857142857
14264 0.00214285714285714
14264 0
14264 0.0142857142857143
14285 1.18119047619048
14285 0
14285 2.7952380952381
14285 2.41333333333333
14285 3.14
14285 2.72142857142857
14285 0.00214285714285714
14285 0
14285 0.0142857142857143
14287 1.18119047619048
14287 0
14287 2.7952380952381
14287 2.41333333333333
14287 3.14
14287 2.72142857142857
14287 0.00214285714285714
14287 0
14287 0.0142857142857143
14291 1.18119047619048
14291 0
14291 2.7952380952381
14291 2.41333333333333
14291 3.14
14291 2.72142857142857
14291 0.00214285714285714
14291 0
14291 0.0142857142857143
14293 1.18119047619048
14293 0
14293 2.7952380952381
14293 2.41333333333333
14293 3.14
14293 2.72142857142857
14293 0.00214285714285714
14293 0
14293 0.0142857142857143
14299 1.18119047619048
14299 0
14299 2.7952380952381
14299 2.41333333333333
14299 3.14
14299 2.72142857142857
14299 0.00214285714285714
14299 0
14299 0.0142857142857143
14300 1.18119047619048
14300 0
14300 2.7952380952381
14300 2.41333333333333
14300 3.14
14300 2.72142857142857
14300 0.00214285714285714
14300 0
14300 0.0142857142857143
14301 1.18119047619048
14301 0
14301 2.7952380952381
14301 2.41333333333333
14301 3.14
14301 2.72142857142857
14301 0.00214285714285714
14301 0
14301 0.0142857142857143
14303 1.18119047619048
14303 0
14303 2.7952380952381
14303 2.41333333333333
14303 3.14
14303 2.72142857142857
14303 0.00214285714285714
14303 0
14303 0.0142857142857143
14304 1.18119047619048
14304 0
14304 2.7952380952381
14304 2.41333333333333
14304 3.14
14304 2.72142857142857
14304 0.00214285714285714
14304 0
14304 0.0142857142857143
14305 1.18119047619048
14305 0
14305 2.7952380952381
14305 2.41333333333333
14305 3.14
14305 2.72142857142857
14305 0.00214285714285714
14305 0
14305 0.0142857142857143
14306 1.18119047619048
14306 0
14306 2.7952380952381
14306 2.41333333333333
14306 3.14
14306 2.72142857142857
14306 0.00214285714285714
14306 0
14306 0.0142857142857143
14308 1.18119047619048
14308 0
14308 2.7952380952381
14308 2.41333333333333
14308 3.14
14308 2.72142857142857
14308 0.00214285714285714
14308 0
14308 0.0142857142857143
14331 1.18119047619048
14331 0
14331 2.7952380952381
14331 2.41333333333333
14331 3.14
14331 2.72142857142857
14331 0.00214285714285714
14331 0
14331 0.0142857142857143
14337 1.18119047619048
14337 0
14337 2.7952380952381
14337 2.41333333333333
14337 3.14
14337 2.72142857142857
14337 0.00214285714285714
14337 0
14337 0.0142857142857143
14338 1.18119047619048
14338 0
14338 2.7952380952381
14338 2.41333333333333
14338 3.14
14338 2.72142857142857
14338 0.00214285714285714
14338 0
14338 0.0142857142857143
14343 1.18119047619048
14343 0
14343 2.7952380952381
14343 2.41333333333333
14343 3.14
14343 2.72142857142857
14343 0.00214285714285714
14343 0
14343 0.0142857142857143
14344 1.18119047619048
14344 0
14344 2.7952380952381
14344 2.41333333333333
14344 3.14
14344 2.72142857142857
14344 0.00214285714285714
14344 0
14344 0.0142857142857143
14345 1.18119047619048
14345 0
14345 2.7952380952381
14345 2.41333333333333
14345 3.14
14345 2.72142857142857
14345 0.00214285714285714
14345 0
14345 0.0142857142857143
14348 1.18119047619048
14348 0
14348 2.7952380952381
14348 2.41333333333333
14348 3.14
14348 2.72142857142857
14348 0.00214285714285714
14348 0
14348 0.0142857142857143
14349 1.18119047619048
14349 0
14349 2.7952380952381
14349 2.41333333333333
14349 3.14
14349 2.72142857142857
14349 0.00214285714285714
14349 0
14349 0.0142857142857143
14350 1.18119047619048
14350 0
14350 2.7952380952381
14350 2.41333333333333
14350 3.14
14350 2.72142857142857
14350 0.00214285714285714
14350 0
14350 0.0142857142857143
14351 1.18119047619048
14351 0
14351 2.7952380952381
14351 2.41333333333333
14351 3.14
14351 2.72142857142857
14351 0.00214285714285714
14351 0
14351 0.0142857142857143
14352 1.18119047619048
14352 0
14352 2.7952380952381
14352 2.41333333333333
14352 3.14
14352 2.72142857142857
14352 0.00214285714285714
14352 0
14352 0.0142857142857143
14353 1.18119047619048
14353 0
14353 2.7952380952381
14353 2.41333333333333
14353 3.14
14353 2.72142857142857
14353 0.00214285714285714
14353 0
14353 0.0142857142857143
14355 1.18119047619048
14355 0
14355 2.7952380952381
14355 2.41333333333333
14355 3.14
14355 2.72142857142857
14355 0.00214285714285714
14355 0
14355 0.0142857142857143
14373 1.18119047619048
14373 0
14373 2.7952380952381
14373 2.41333333333333
14373 3.14
14373 2.72142857142857
14373 0.00214285714285714
14373 0
14373 0.0142857142857143
14375 1.18119047619048
14375 0
14375 2.7952380952381
14375 2.41333333333333
14375 3.14
14375 2.72142857142857
14375 0.00214285714285714
14375 0
14375 0.0142857142857143
14380 1.18119047619048
14380 0
14380 2.7952380952381
14380 2.41333333333333
14380 3.14
14380 2.72142857142857
14380 0.00214285714285714
14380 0
14380 0.0142857142857143
14381 1.18119047619048
14381 0
14381 2.7952380952381
14381 2.41333333333333
14381 3.14
14381 2.72142857142857
14381 0.00214285714285714
14381 0
14381 0.0142857142857143
14385 1.18119047619048
14385 0
14385 2.7952380952381
14385 2.41333333333333
14385 3.14
14385 2.72142857142857
14385 0.00214285714285714
14385 0
14385 0.0142857142857143
14386 1.18119047619048
14386 0
14386 2.7952380952381
14386 2.41333333333333
14386 3.14
14386 2.72142857142857
14386 0.00214285714285714
14386 0
14386 0.0142857142857143
14388 1.18119047619048
14388 0
14388 2.7952380952381
14388 2.41333333333333
14388 3.14
14388 2.72142857142857
14388 0.00214285714285714
14388 0
14388 0.0142857142857143
14389 1.18119047619048
14389 0
14389 2.7952380952381
14389 2.41333333333333
14389 3.14
14389 2.72142857142857
14389 0.00214285714285714
14389 0
14389 0.0142857142857143
14390 1.18119047619048
14390 0
14390 2.7952380952381
14390 2.41333333333333
14390 3.14
14390 2.72142857142857
14390 0.00214285714285714
14390 0
14390 0.0142857142857143
14391 1.18119047619048
14391 0
14391 2.7952380952381
14391 2.41333333333333
14391 3.14
14391 2.72142857142857
14391 0.00214285714285714
14391 0
14391 0.0142857142857143
14392 1.18119047619048
14392 0
14392 2.7952380952381
14392 2.41333333333333
14392 3.14
14392 2.72142857142857
14392 0.00214285714285714
14392 0
14392 0.0142857142857143
14394 1.18119047619048
14394 0
14394 2.7952380952381
14394 2.41333333333333
14394 3.14
14394 2.72142857142857
14394 0.00214285714285714
14394 0
14394 0.0142857142857143
14395 1.18119047619048
14395 0
14395 2.7952380952381
14395 2.41333333333333
14395 3.14
14395 2.72142857142857
14395 0.00214285714285714
14395 0
14395 0.0142857142857143
14422 1.18119047619048
14422 0
14422 2.7952380952381
14422 2.41333333333333
14422 3.14
14422 2.72142857142857
14422 0.00214285714285714
14422 0
14422 0.0142857142857143
14423 1.18119047619048
14423 0
14423 2.7952380952381
14423 2.41333333333333
14423 3.14
14423 2.72142857142857
14423 0.00214285714285714
14423 0
14423 0.0142857142857143
14425 1.18119047619048
14425 0
14425 2.7952380952381
14425 2.41333333333333
14425 3.14
14425 2.72142857142857
14425 0.00214285714285714
14425 0
14425 0.0142857142857143
14426 1.18119047619048
14426 0
14426 2.7952380952381
14426 2.41333333333333
14426 3.14
14426 2.72142857142857
14426 0.00214285714285714
14426 0
14426 0.0142857142857143
14427 1.18119047619048
14427 0
14427 2.7952380952381
14427 2.41333333333333
14427 3.14
14427 2.72142857142857
14427 0.00214285714285714
14427 0
14427 0.0142857142857143
14428 1.18119047619048
14428 0
14428 2.7952380952381
14428 2.41333333333333
14428 3.14
14428 2.72142857142857
14428 0.00214285714285714
14428 0
14428 0.0142857142857143
14432 1.18119047619048
14432 0
14432 2.7952380952381
14432 2.41333333333333
14432 3.14
14432 2.72142857142857
14432 0.00214285714285714
14432 0
14432 0.0142857142857143
14433 1.18119047619048
14433 0
14433 2.7952380952381
14433 2.41333333333333
14433 3.14
14433 2.72142857142857
14433 0.00214285714285714
14433 0
14433 0.0142857142857143
14435 1.18119047619048
14435 0
14435 2.7952380952381
14435 2.41333333333333
14435 3.14
14435 2.72142857142857
14435 0.00214285714285714
14435 0
14435 0.0142857142857143
14436 1.18119047619048
14436 0
14436 2.7952380952381
14436 2.41333333333333
14436 3.14
14436 2.72142857142857
14436 0.00214285714285714
14436 0
14436 0.0142857142857143
14437 1.18119047619048
14437 0
14437 2.7952380952381
14437 2.41333333333333
14437 3.14
14437 2.72142857142857
14437 0.00214285714285714
14437 0
14437 0.0142857142857143
14438 1.18119047619048
14438 0
14438 2.7952380952381
14438 2.41333333333333
14438 3.14
14438 2.72142857142857
14438 0.00214285714285714
14438 0
14438 0.0142857142857143
14462 1.18119047619048
14462 0
14462 2.7952380952381
14462 2.41333333333333
14462 3.14
14462 2.72142857142857
14462 0.00214285714285714
14462 0
14462 0.0142857142857143
14463 1.18119047619048
14463 0
14463 2.7952380952381
14463 2.41333333333333
14463 3.14
14463 2.72142857142857
14463 0.00214285714285714
14463 0
14463 0.0142857142857143
14464 1.18119047619048
14464 0
14464 2.7952380952381
14464 2.41333333333333
14464 3.14
14464 2.72142857142857
14464 0.00214285714285714
14464 0
14464 0.0142857142857143
14465 1.18119047619048
14465 0
14465 2.7952380952381
14465 2.41333333333333
14465 3.14
14465 2.72142857142857
14465 0.00214285714285714
14465 0
14465 0.0142857142857143
14466 1.18119047619048
14466 0
14466 2.7952380952381
14466 2.41333333333333
14466 3.14
14466 2.72142857142857
14466 0.00214285714285714
14466 0
14466 0.0142857142857143
14470 1.18119047619048
14470 0
14470 2.7952380952381
14470 2.41333333333333
14470 3.14
14470 2.72142857142857
14470 0.00214285714285714
14470 0
14470 0.0142857142857143
14472 1.18119047619048
14472 0
14472 2.7952380952381
14472 2.41333333333333
14472 3.14
14472 2.72142857142857
14472 0.00214285714285714
14472 0
14472 0.0142857142857143
14473 1.18119047619048
14473 0
14473 2.7952380952381
14473 2.41333333333333
14473 3.14
14473 2.72142857142857
14473 0.00214285714285714
14473 0
14473 0.0142857142857143
14474 1.18119047619048
14474 0
14474 2.7952380952381
14474 2.41333333333333
14474 3.14
14474 2.72142857142857
14474 0.00214285714285714
14474 0
14474 0.0142857142857143
14493 1.18119047619048
14493 0
14493 2.7952380952381
14493 2.41333333333333
14493 3.14
14493 2.72142857142857
14493 0.00214285714285714
14493 0
14493 0.0142857142857143
14496 1.18119047619048
14496 0
14496 2.7952380952381
14496 2.41333333333333
14496 3.14
14496 2.72142857142857
14496 0.00214285714285714
14496 0
14496 0.0142857142857143
14499 1.18119047619048
14499 0
14499 2.7952380952381
14499 2.41333333333333
14499 3.14
14499 2.72142857142857
14499 0.00214285714285714
14499 0
14499 0.0142857142857143
14500 1.18119047619048
14500 0
14500 2.7952380952381
14500 2.41333333333333
14500 3.14
14500 2.72142857142857
14500 0.00214285714285714
14500 0
14500 0.0142857142857143
14501 1.18119047619048
14501 0
14501 2.7952380952381
14501 2.41333333333333
14501 3.14
14501 2.72142857142857
14501 0.00214285714285714
14501 0
14501 0.0142857142857143
14505 1.18119047619048
14505 0
14505 2.7952380952381
14505 2.41333333333333
14505 3.14
14505 2.72142857142857
14505 0.00214285714285714
14505 0
14505 0.0142857142857143
14507 1.18119047619048
14507 0
14507 2.7952380952381
14507 2.41333333333333
14507 3.14
14507 2.72142857142857
14507 0.00214285714285714
14507 0
14507 0.0142857142857143
14508 1.18119047619048
14508 0
14508 2.7952380952381
14508 2.41333333333333
14508 3.14
14508 2.72142857142857
14508 0.00214285714285714
14508 0
14508 0.0142857142857143
14531 1.18119047619048
14531 0
14531 2.7952380952381
14531 2.41333333333333
14531 3.14
14531 2.72142857142857
14531 0.00214285714285714
14531 0
14531 0.0142857142857143
14533 1.18119047619048
14533 0
14533 2.7952380952381
14533 2.41333333333333
14533 3.14
14533 2.72142857142857
14533 0.00214285714285714
14533 0
14533 0.0142857142857143
14538 1.18119047619048
14538 0
14538 2.7952380952381
14538 2.41333333333333
14538 3.14
14538 2.72142857142857
14538 0.00214285714285714
14538 0
14538 0.0142857142857143
14559 1.18119047619048
14559 0
14559 2.7952380952381
14559 2.41333333333333
14559 3.14
14559 2.72142857142857
14559 0.00214285714285714
14559 0
14559 0.0142857142857143
14560 1.18119047619048
14560 0
14560 2.7952380952381
14560 2.41333333333333
14560 3.14
14560 2.72142857142857
14560 0.00214285714285714
14560 0
14560 0.0142857142857143
14561 1.18119047619048
14561 0
14561 2.7952380952381
14561 2.41333333333333
14561 3.14
14561 2.72142857142857
14561 0.00214285714285714
14561 0
14561 0.0142857142857143
14569 1.18119047619048
14569 0
14569 2.7952380952381
14569 2.41333333333333
14569 3.14
14569 2.72142857142857
14569 0.00214285714285714
14569 0
14569 0.0142857142857143
14570 1.18119047619048
14570 0
14570 2.7952380952381
14570 2.41333333333333
14570 3.14
14570 2.72142857142857
14570 0.00214285714285714
14570 0
14570 0.0142857142857143
14596 1.18119047619048
14596 0
14596 2.7952380952381
14596 2.41333333333333
14596 3.14
14596 2.72142857142857
14596 0.00214285714285714
14596 0
14596 0.0142857142857143
14598 1.18119047619048
14598 0
14598 2.7952380952381
14598 2.41333333333333
14598 3.14
14598 2.72142857142857
14598 0.00214285714285714
14598 0
14598 0.0142857142857143
14604 1.18119047619048
14604 0
14604 2.7952380952381
14604 2.41333333333333
14604 3.14
14604 2.72142857142857
14604 0.00214285714285714
14604 0
14604 0.0142857142857143
14629 1.18119047619048
14629 0
14629 2.7952380952381
14629 2.41333333333333
14629 3.14
14629 2.72142857142857
14629 0.00214285714285714
14629 0
14629 0.0142857142857143
14631 1.18119047619048
14631 0
14631 2.7952380952381
14631 2.41333333333333
14631 3.14
14631 2.72142857142857
14631 0.00214285714285714
14631 0
14631 0.0142857142857143
14632 1.18119047619048
14632 0
14632 2.7952380952381
14632 2.41333333333333
14632 3.14
14632 2.72142857142857
14632 0.00214285714285714
14632 0
14632 0.0142857142857143
14633 1.18119047619048
14633 0
14633 2.7952380952381
14633 2.41333333333333
14633 3.14
14633 2.72142857142857
14633 0.00214285714285714
14633 0
14633 0.0142857142857143
14634 1.18119047619048
14634 0
14634 2.7952380952381
14634 2.41333333333333
14634 3.14
14634 2.72142857142857
14634 0.00214285714285714
14634 0
14634 0.0142857142857143
14636 1.18119047619048
14636 0
14636 2.7952380952381
14636 2.41333333333333
14636 3.14
14636 2.72142857142857
14636 0.00214285714285714
14636 0
14636 0.0142857142857143
14637 1.18119047619048
14637 0
14637 2.7952380952381
14637 2.41333333333333
14637 3.14
14637 2.72142857142857
14637 0.00214285714285714
14637 0
14637 0.0142857142857143
14664 1.18119047619048
14664 0
14664 2.7952380952381
14664 2.41333333333333
14664 3.14
14664 2.72142857142857
14664 0.00214285714285714
14664 0
14664 0.0142857142857143
14665 1.18119047619048
14665 0
14665 2.7952380952381
14665 2.41333333333333
14665 3.14
14665 2.72142857142857
14665 0.00214285714285714
14665 0
14665 0.0142857142857143
14666 1.18119047619048
14666 0
14666 2.7952380952381
14666 2.41333333333333
14666 3.14
14666 2.72142857142857
14666 0.00214285714285714
14666 0
14666 0.0142857142857143
14667 1.18119047619048
14667 0
14667 2.7952380952381
14667 2.41333333333333
14667 3.14
14667 2.72142857142857
14667 0.00214285714285714
14667 0
14667 0.0142857142857143
14698 1.18119047619048
14698 0
14698 2.7952380952381
14698 2.41333333333333
14698 3.14
14698 2.72142857142857
14698 0.00214285714285714
14698 0
14698 0.0142857142857143
14699 1.18119047619048
14699 0
14699 2.7952380952381
14699 2.41333333333333
14699 3.14
14699 2.72142857142857
14699 0.00214285714285714
14699 0
14699 0.0142857142857143
