pt_graph cpue_kghour
4976 1.09
4976 3.9
4976 5.65
4976 2.56
4976 2.62
4976 2.8
4976 0
4976 1.51
4976 0
5648 1.09
5648 3.9
5648 5.65
5648 2.56
5648 2.62
5648 2.8
5648 0
5648 1.51
5648 0
6080 1.09
6080 3.9
6080 5.65
6080 2.56
6080 2.62
6080 2.8
6080 0
6080 1.51
6080 0
6200 1.09
6200 3.9
6200 5.65
6200 2.56
6200 2.62
6200 2.8
6200 0
6200 1.51
6200 0
6201 1.09
6201 3.9
6201 5.65
6201 2.56
6201 2.62
6201 2.8
6201 0
6201 1.51
6201 0
6196 1.09
6196 3.9
6196 5.65
6196 2.56
6196 2.62
6196 2.8
6196 0
6196 1.51
6196 0
6262 1.09
6262 3.9
6262 5.65
6262 2.56
6262 2.62
6262 2.8
6262 0
6262 1.51
6262 0
6322 1.09
6322 3.9
6322 5.65
6322 2.56
6322 2.62
6322 2.8
6322 0
6322 1.51
6322 0
6321 1.09
6321 3.9
6321 5.65
6321 2.56
6321 2.62
6321 2.8
6321 0
6321 1.51
6321 0
6382 1.09
6382 3.9
6382 5.65
6382 2.56
6382 2.62
6382 2.8
6382 0
6382 1.51
6382 0
6383 1.09
6383 3.9
6383 5.65
6383 2.56
6383 2.62
6383 2.8
6383 0
6383 1.51
6383 0
6444 1.09
6444 3.9
6444 5.65
6444 2.56
6444 2.62
6444 2.8
6444 0
6444 1.51
6444 0
6443 1.09
6443 3.9
6443 5.65
6443 2.56
6443 2.62
6443 2.8
6443 0
6443 1.51
6443 0
6505 1.09
6505 3.9
6505 5.65
6505 2.56
6505 2.62
6505 2.8
6505 0
6505 1.51
6505 0
6568 1.09
6568 3.9
6568 5.65
6568 2.56
6568 2.62
6568 2.8
6568 0
6568 1.51
6568 0
6567 1.09
6567 3.9
6567 5.65
6567 2.56
6567 2.62
6567 2.8
6567 0
6567 1.51
6567 0
6628 1.09
6628 3.9
6628 5.65
6628 2.56
6628 2.62
6628 2.8
6628 0
6628 1.51
6628 0
6627 1.09
6627 3.9
6627 5.65
6627 2.56
6627 2.62
6627 2.8
6627 0
6627 1.51
6627 0
6687 1.09
6687 3.9
6687 5.65
6687 2.56
6687 2.62
6687 2.8
6687 0
6687 1.51
6687 0
6747 1.09
6747 3.9
6747 5.65
6747 2.56
6747 2.62
6747 2.8
6747 0
6747 1.51
6747 0
6807 1.09
6807 3.9
6807 5.65
6807 2.56
6807 2.62
6807 2.8
6807 0
6807 1.51
6807 0
6806 1.09
6806 3.9
6806 5.65
6806 2.56
6806 2.62
6806 2.8
6806 0
6806 1.51
6806 0
6865 1.09
6865 3.9
6865 5.65
6865 2.56
6865 2.62
6865 2.8
6865 0
6865 1.51
6865 0
6922 1.09
6922 3.9
6922 5.65
6922 2.56
6922 2.62
6922 2.8
6922 0
6922 1.51
6922 0
6981 1.09
6981 3.9
6981 5.65
6981 2.56
6981 2.62
6981 2.8
6981 0
6981 1.51
6981 0
6980 1.09
6980 3.9
6980 5.65
6980 2.56
6980 2.62
6980 2.8
6980 0
6980 1.51
6980 0
7102 1.09
7102 3.9
7102 5.65
7102 2.56
7102 2.62
7102 2.8
7102 0
7102 1.51
7102 0
7164 1.09
7164 3.9
7164 5.65
7164 2.56
7164 2.62
7164 2.8
7164 0
7164 1.51
7164 0
7227 1.09
7227 3.9
7227 5.65
7227 2.56
7227 2.62
7227 2.8
7227 0
7227 1.51
7227 0
7353 1.09
7353 3.9
7353 5.65
7353 2.56
7353 2.62
7353 2.8
7353 0
7353 1.51
7353 0
7480 1.09
7480 3.9
7480 5.65
7480 2.56
7480 2.62
7480 2.8
7480 0
7480 1.51
7480 0
7481 1.09
7481 3.9
7481 5.65
7481 2.56
7481 2.62
7481 2.8
7481 0
7481 1.51
7481 0
7609 1.09
7609 3.9
7609 5.65
7609 2.56
7609 2.62
7609 2.8
7609 0
7609 1.51
7609 0
7674 1.09
7674 3.9
7674 5.65
7674 2.56
7674 2.62
7674 2.8
7674 0
7674 1.51
7674 0
7739 1.09
7739 3.9
7739 5.65
7739 2.56
7739 2.62
7739 2.8
7739 0
7739 1.51
7739 0
7738 1.09
7738 3.9
7738 5.65
7738 2.56
7738 2.62
7738 2.8
7738 0
7738 1.51
7738 0
7803 1.09
7803 3.9
7803 5.65
7803 2.56
7803 2.62
7803 2.8
7803 0
7803 1.51
7803 0
7804 1.09
7804 3.9
7804 5.65
7804 2.56
7804 2.62
7804 2.8
7804 0
7804 1.51
7804 0
7802 1.09
7802 3.9
7802 5.65
7802 2.56
7802 2.62
7802 2.8
7802 0
7802 1.51
7802 0
7868 1.09
7868 3.9
7868 5.65
7868 2.56
7868 2.62
7868 2.8
7868 0
7868 1.51
7868 0
7866 1.09
7866 3.9
7866 5.65
7866 2.56
7866 2.62
7866 2.8
7866 0
7866 1.51
7866 0
7867 1.09
7867 3.9
7867 5.65
7867 2.56
7867 2.62
7867 2.8
7867 0
7867 1.51
7867 0
7926 1.09
7926 3.9
7926 5.65
7926 2.56
7926 2.62
7926 2.8
7926 0
7926 1.51
7926 0
7929 1.09
7929 3.9
7929 5.65
7929 2.56
7929 2.62
7929 2.8
7929 0
7929 1.51
7929 0
7930 1.09
7930 3.9
7930 5.65
7930 2.56
7930 2.62
7930 2.8
7930 0
7930 1.51
7930 0
7989 1.09
7989 3.9
7989 5.65
7989 2.56
7989 2.62
7989 2.8
7989 0
7989 1.51
7989 0
7990 1.09
7990 3.9
7990 5.65
7990 2.56
7990 2.62
7990 2.8
7990 0
7990 1.51
7990 0
7991 1.09
7991 3.9
7991 5.65
7991 2.56
7991 2.62
7991 2.8
7991 0
7991 1.51
7991 0
7992 1.09
7992 3.9
7992 5.65
7992 2.56
7992 2.62
7992 2.8
7992 0
7992 1.51
7992 0
7993 1.09
7993 3.9
7993 5.65
7993 2.56
7993 2.62
7993 2.8
7993 0
7993 1.51
7993 0
7994 1.09
7994 3.9
7994 5.65
7994 2.56
7994 2.62
7994 2.8
7994 0
7994 1.51
7994 0
8056 1.09
8056 3.9
8056 5.65
8056 2.56
8056 2.62
8056 2.8
8056 0
8056 1.51
8056 0
8057 1.09
8057 3.9
8057 5.65
8057 2.56
8057 2.62
8057 2.8
8057 0
8057 1.51
8057 0
8356 1.09
8356 3.9
8356 5.65
8356 2.56
8356 2.62
8356 2.8
8356 0
8356 1.51
8356 0
8412 1.09
8412 3.9
8412 5.65
8412 2.56
8412 2.62
8412 2.8
8412 0
8412 1.51
8412 0
8413 1.09
8413 3.9
8413 5.65
8413 2.56
8413 2.62
8413 2.8
8413 0
8413 1.51
8413 0
8466 1.09
8466 3.9
8466 5.65
8466 2.56
8466 2.62
8466 2.8
8466 0
8466 1.51
8466 0
8508 1.09
8508 3.9
8508 5.65
8508 2.56
8508 2.62
8508 2.8
8508 0
8508 1.51
8508 0
8509 1.09
8509 3.9
8509 5.65
8509 2.56
8509 2.62
8509 2.8
8509 0
8509 1.51
8509 0
8520 1.09
8520 3.9
8520 5.65
8520 2.56
8520 2.62
8520 2.8
8520 0
8520 1.51
8520 0
8560 1.09
8560 3.9
8560 5.65
8560 2.56
8560 2.62
8560 2.8
8560 0
8560 1.51
8560 0
8561 1.09
8561 3.9
8561 5.65
8561 2.56
8561 2.62
8561 2.8
8561 0
8561 1.51
8561 0
8571 1.09
8571 3.9
8571 5.65
8571 2.56
8571 2.62
8571 2.8
8571 0
8571 1.51
8571 0
8572 1.09
8572 3.9
8572 5.65
8572 2.56
8572 2.62
8572 2.8
8572 0
8572 1.51
8572 0
8610 1.09
8610 3.9
8610 5.65
8610 2.56
8610 2.62
8610 2.8
8610 0
8610 1.51
8610 0
8612 1.09
8612 3.9
8612 5.65
8612 2.56
8612 2.62
8612 2.8
8612 0
8612 1.51
8612 0
8621 1.09
8621 3.9
8621 5.65
8621 2.56
8621 2.62
8621 2.8
8621 0
8621 1.51
8621 0
8622 1.09
8622 3.9
8622 5.65
8622 2.56
8622 2.62
8622 2.8
8622 0
8622 1.51
8622 0
8655 1.09
8655 3.9
8655 5.65
8655 2.56
8655 2.62
8655 2.8
8655 0
8655 1.51
8655 0
8657 1.09
8657 3.9
8657 5.65
8657 2.56
8657 2.62
8657 2.8
8657 0
8657 1.51
8657 0
8666 1.09
8666 3.9
8666 5.65
8666 2.56
8666 2.62
8666 2.8
8666 0
8666 1.51
8666 0
8667 1.09
8667 3.9
8667 5.65
8667 2.56
8667 2.62
8667 2.8
8667 0
8667 1.51
8667 0
8668 1.09
8668 3.9
8668 5.65
8668 2.56
8668 2.62
8668 2.8
8668 0
8668 1.51
8668 0
8699 1.09
8699 3.9
8699 5.65
8699 2.56
8699 2.62
8699 2.8
8699 0
8699 1.51
8699 0
8701 1.09
8701 3.9
8701 5.65
8701 2.56
8701 2.62
8701 2.8
8701 0
8701 1.51
8701 0
8710 1.09
8710 3.9
8710 5.65
8710 2.56
8710 2.62
8710 2.8
8710 0
8710 1.51
8710 0
8711 1.09
8711 3.9
8711 5.65
8711 2.56
8711 2.62
8711 2.8
8711 0
8711 1.51
8711 0
8712 1.09
8712 3.9
8712 5.65
8712 2.56
8712 2.62
8712 2.8
8712 0
8712 1.51
8712 0
8743 1.09
8743 3.9
8743 5.65
8743 2.56
8743 2.62
8743 2.8
8743 0
8743 1.51
8743 0
8744 1.09
8744 3.9
8744 5.65
8744 2.56
8744 2.62
8744 2.8
8744 0
8744 1.51
8744 0
8745 1.09
8745 3.9
8745 5.65
8745 2.56
8745 2.62
8745 2.8
8745 0
8745 1.51
8745 0
8755 1.09
8755 3.9
8755 5.65
8755 2.56
8755 2.62
8755 2.8
8755 0
8755 1.51
8755 0
8756 1.09
8756 3.9
8756 5.65
8756 2.56
8756 2.62
8756 2.8
8756 0
8756 1.51
8756 0
8790 1.09
8790 3.9
8790 5.65
8790 2.56
8790 2.62
8790 2.8
8790 0
8790 1.51
8790 0
8791 1.09
8791 3.9
8791 5.65
8791 2.56
8791 2.62
8791 2.8
8791 0
8791 1.51
8791 0
8798 1.09
8798 3.9
8798 5.65
8798 2.56
8798 2.62
8798 2.8
8798 0
8798 1.51
8798 0
8800 1.09
8800 3.9
8800 5.65
8800 2.56
8800 2.62
8800 2.8
8800 0
8800 1.51
8800 0
8835 1.09
8835 3.9
8835 5.65
8835 2.56
8835 2.62
8835 2.8
8835 0
8835 1.51
8835 0
8836 1.09
8836 3.9
8836 5.65
8836 2.56
8836 2.62
8836 2.8
8836 0
8836 1.51
8836 0
8843 1.09
8843 3.9
8843 5.65
8843 2.56
8843 2.62
8843 2.8
8843 0
8843 1.51
8843 0
8844 1.09
8844 3.9
8844 5.65
8844 2.56
8844 2.62
8844 2.8
8844 0
8844 1.51
8844 0
8845 1.09
8845 3.9
8845 5.65
8845 2.56
8845 2.62
8845 2.8
8845 0
8845 1.51
8845 0
8882 1.09
8882 3.9
8882 5.65
8882 2.56
8882 2.62
8882 2.8
8882 0
8882 1.51
8882 0
8885 1.09
8885 3.9
8885 5.65
8885 2.56
8885 2.62
8885 2.8
8885 0
8885 1.51
8885 0
8886 1.09
8886 3.9
8886 5.65
8886 2.56
8886 2.62
8886 2.8
8886 0
8886 1.51
8886 0
8887 1.09
8887 3.9
8887 5.65
8887 2.56
8887 2.62
8887 2.8
8887 0
8887 1.51
8887 0
8888 1.09
8888 3.9
8888 5.65
8888 2.56
8888 2.62
8888 2.8
8888 0
8888 1.51
8888 0
8925 1.09
8925 3.9
8925 5.65
8925 2.56
8925 2.62
8925 2.8
8925 0
8925 1.51
8925 0
8926 1.09
8926 3.9
8926 5.65
8926 2.56
8926 2.62
8926 2.8
8926 0
8926 1.51
8926 0
8927 1.09
8927 3.9
8927 5.65
8927 2.56
8927 2.62
8927 2.8
8927 0
8927 1.51
8927 0
8929 1.09
8929 3.9
8929 5.65
8929 2.56
8929 2.62
8929 2.8
8929 0
8929 1.51
8929 0
8931 1.09
8931 3.9
8931 5.65
8931 2.56
8931 2.62
8931 2.8
8931 0
8931 1.51
8931 0
8965 1.09
8965 3.9
8965 5.65
8965 2.56
8965 2.62
8965 2.8
8965 0
8965 1.51
8965 0
8969 1.09
8969 3.9
8969 5.65
8969 2.56
8969 2.62
8969 2.8
8969 0
8969 1.51
8969 0
9119 1.09
9119 3.9
9119 5.65
9119 2.56
9119 2.62
9119 2.8
9119 0
9119 1.51
9119 0
9171 1.09
9171 3.9
9171 5.65
9171 2.56
9171 2.62
9171 2.8
9171 0
9171 1.51
9171 0
9172 1.09
9172 3.9
9172 5.65
9172 2.56
9172 2.62
9172 2.8
9172 0
9172 1.51
9172 0
9173 1.09
9173 3.9
9173 5.65
9173 2.56
9173 2.62
9173 2.8
9173 0
9173 1.51
9173 0
9215 1.09
9215 3.9
9215 5.65
9215 2.56
9215 2.62
9215 2.8
9215 0
9215 1.51
9215 0
9216 1.09
9216 3.9
9216 5.65
9216 2.56
9216 2.62
9216 2.8
9216 0
9216 1.51
9216 0
9217 1.09
9217 3.9
9217 5.65
9217 2.56
9217 2.62
9217 2.8
9217 0
9217 1.51
9217 0
9306 1.09
9306 3.9
9306 5.65
9306 2.56
9306 2.62
9306 2.8
9306 0
9306 1.51
9306 0
9310 1.09
9310 3.9
9310 5.65
9310 2.56
9310 2.62
9310 2.8
9310 0
9310 1.51
9310 0
9361 1.09
9361 3.9
9361 5.65
9361 2.56
9361 2.62
9361 2.8
9361 0
9361 1.51
9361 0
9362 1.09
9362 3.9
9362 5.65
9362 2.56
9362 2.62
9362 2.8
9362 0
9362 1.51
9362 0
9364 1.09
9364 3.9
9364 5.65
9364 2.56
9364 2.62
9364 2.8
9364 0
9364 1.51
9364 0
9411 1.09
9411 3.9
9411 5.65
9411 2.56
9411 2.62
9411 2.8
9411 0
9411 1.51
9411 0
9416 1.09
9416 3.9
9416 5.65
9416 2.56
9416 2.62
9416 2.8
9416 0
9416 1.51
9416 0
19523 1.09
19523 3.9
19523 5.65
19523 2.56
19523 2.62
19523 2.8
19523 0
19523 1.51
19523 0
9473 1.09
9473 3.9
9473 5.65
9473 2.56
9473 2.62
9473 2.8
9473 0
9473 1.51
9473 0
9517 1.09
9517 3.9
9517 5.65
9517 2.56
9517 2.62
9517 2.8
9517 0
9517 1.51
9517 0
9534 1.09
9534 3.9
9534 5.65
9534 2.56
9534 2.62
9534 2.8
9534 0
9534 1.51
9534 0
9537 1.09
9537 3.9
9537 5.65
9537 2.56
9537 2.62
9537 2.8
9537 0
9537 1.51
9537 0
9600 1.09
9600 3.9
9600 5.65
9600 2.56
9600 2.62
9600 2.8
9600 0
9600 1.51
9600 0
9603 1.09
9603 3.9
9603 5.65
9603 2.56
9603 2.62
9603 2.8
9603 0
9603 1.51
9603 0
9605 1.09
9605 3.9
9605 5.65
9605 2.56
9605 2.62
9605 2.8
9605 0
9605 1.51
9605 0
9606 1.09
9606 3.9
9606 5.65
9606 2.56
9606 2.62
9606 2.8
9606 0
9606 1.51
9606 0
9607 1.09
9607 3.9
9607 5.65
9607 2.56
9607 2.62
9607 2.8
9607 0
9607 1.51
9607 0
9609 1.09
9609 3.9
9609 5.65
9609 2.56
9609 2.62
9609 2.8
9609 0
9609 1.51
9609 0
9681 1.09
9681 3.9
9681 5.65
9681 2.56
9681 2.62
9681 2.8
9681 0
9681 1.51
9681 0
9682 1.09
9682 3.9
9682 5.65
9682 2.56
9682 2.62
9682 2.8
9682 0
9682 1.51
9682 0
9683 1.09
9683 3.9
9683 5.65
9683 2.56
9683 2.62
9683 2.8
9683 0
9683 1.51
9683 0
9684 1.09
9684 3.9
9684 5.65
9684 2.56
9684 2.62
9684 2.8
9684 0
9684 1.51
9684 0
9685 1.09
9685 3.9
9685 5.65
9685 2.56
9685 2.62
9685 2.8
9685 0
9685 1.51
9685 0
9686 1.09
9686 3.9
9686 5.65
9686 2.56
9686 2.62
9686 2.8
9686 0
9686 1.51
9686 0
9759 1.09
9759 3.9
9759 5.65
9759 2.56
9759 2.62
9759 2.8
9759 0
9759 1.51
9759 0
9761 1.09
9761 3.9
9761 5.65
9761 2.56
9761 2.62
9761 2.8
9761 0
9761 1.51
9761 0
9762 1.09
9762 3.9
9762 5.65
9762 2.56
9762 2.62
9762 2.8
9762 0
9762 1.51
9762 0
9763 1.09
9763 3.9
9763 5.65
9763 2.56
9763 2.62
9763 2.8
9763 0
9763 1.51
9763 0
9764 1.09
9764 3.9
9764 5.65
9764 2.56
9764 2.62
9764 2.8
9764 0
9764 1.51
9764 0
9833 1.09
9833 3.9
9833 5.65
9833 2.56
9833 2.62
9833 2.8
9833 0
9833 1.51
9833 0
9838 1.09
9838 3.9
9838 5.65
9838 2.56
9838 2.62
9838 2.8
9838 0
9838 1.51
9838 0
9840 1.09
9840 3.9
9840 5.65
9840 2.56
9840 2.62
9840 2.8
9840 0
9840 1.51
9840 0
9841 1.09
9841 3.9
9841 5.65
9841 2.56
9841 2.62
9841 2.8
9841 0
9841 1.51
9841 0
9842 1.09
9842 3.9
9842 5.65
9842 2.56
9842 2.62
9842 2.8
9842 0
9842 1.51
9842 0
9843 1.09
9843 3.9
9843 5.65
9843 2.56
9843 2.62
9843 2.8
9843 0
9843 1.51
9843 0
9845 1.09
9845 3.9
9845 5.65
9845 2.56
9845 2.62
9845 2.8
9845 0
9845 1.51
9845 0
9899 1.09
9899 3.9
9899 5.65
9899 2.56
9899 2.62
9899 2.8
9899 0
9899 1.51
9899 0
9902 1.09
9902 3.9
9902 5.65
9902 2.56
9902 2.62
9902 2.8
9902 0
9902 1.51
9902 0
9918 1.09
9918 3.9
9918 5.65
9918 2.56
9918 2.62
9918 2.8
9918 0
9918 1.51
9918 0
9920 1.09
9920 3.9
9920 5.65
9920 2.56
9920 2.62
9920 2.8
9920 0
9920 1.51
9920 0
9923 1.09
9923 3.9
9923 5.65
9923 2.56
9923 2.62
9923 2.8
9923 0
9923 1.51
9923 0
9924 1.09
9924 3.9
9924 5.65
9924 2.56
9924 2.62
9924 2.8
9924 0
9924 1.51
9924 0
9925 1.09
9925 3.9
9925 5.65
9925 2.56
9925 2.62
9925 2.8
9925 0
9925 1.51
9925 0
9926 1.09
9926 3.9
9926 5.65
9926 2.56
9926 2.62
9926 2.8
9926 0
9926 1.51
9926 0
9927 1.09
9927 3.9
9927 5.65
9927 2.56
9927 2.62
9927 2.8
9927 0
9927 1.51
9927 0
9972 1.09
9972 3.9
9972 5.65
9972 2.56
9972 2.62
9972 2.8
9972 0
9972 1.51
9972 0
9997 1.09
9997 3.9
9997 5.65
9997 2.56
9997 2.62
9997 2.8
9997 0
9997 1.51
9997 0
10004 1.09
10004 3.9
10004 5.65
10004 2.56
10004 2.62
10004 2.8
10004 0
10004 1.51
10004 0
10005 1.09
10005 3.9
10005 5.65
10005 2.56
10005 2.62
10005 2.8
10005 0
10005 1.51
10005 0
10006 1.09
10006 3.9
10006 5.65
10006 2.56
10006 2.62
10006 2.8
10006 0
10006 1.51
10006 0
10007 1.09
10007 3.9
10007 5.65
10007 2.56
10007 2.62
10007 2.8
10007 0
10007 1.51
10007 0
10008 1.09
10008 3.9
10008 5.65
10008 2.56
10008 2.62
10008 2.8
10008 0
10008 1.51
10008 0
10075 1.09
10075 3.9
10075 5.65
10075 2.56
10075 2.62
10075 2.8
10075 0
10075 1.51
10075 0
10085 1.09
10085 3.9
10085 5.65
10085 2.56
10085 2.62
10085 2.8
10085 0
10085 1.51
10085 0
10086 1.09
10086 3.9
10086 5.65
10086 2.56
10086 2.62
10086 2.8
10086 0
10086 1.51
10086 0
10087 1.09
10087 3.9
10087 5.65
10087 2.56
10087 2.62
10087 2.8
10087 0
10087 1.51
10087 0
10089 1.09
10089 3.9
10089 5.65
10089 2.56
10089 2.62
10089 2.8
10089 0
10089 1.51
10089 0
10090 1.09
10090 3.9
10090 5.65
10090 2.56
10090 2.62
10090 2.8
10090 0
10090 1.51
10090 0
10091 1.09
10091 3.9
10091 5.65
10091 2.56
10091 2.62
10091 2.8
10091 0
10091 1.51
10091 0
10092 1.09
10092 3.9
10092 5.65
10092 2.56
10092 2.62
10092 2.8
10092 0
10092 1.51
10092 0
10158 1.09
10158 3.9
10158 5.65
10158 2.56
10158 2.62
10158 2.8
10158 0
10158 1.51
10158 0
10165 1.09
10165 3.9
10165 5.65
10165 2.56
10165 2.62
10165 2.8
10165 0
10165 1.51
10165 0
10167 1.09
10167 3.9
10167 5.65
10167 2.56
10167 2.62
10167 2.8
10167 0
10167 1.51
10167 0
10168 1.09
10168 3.9
10168 5.65
10168 2.56
10168 2.62
10168 2.8
10168 0
10168 1.51
10168 0
10171 1.09
10171 3.9
10171 5.65
10171 2.56
10171 2.62
10171 2.8
10171 0
10171 1.51
10171 0
10172 1.09
10172 3.9
10172 5.65
10172 2.56
10172 2.62
10172 2.8
10172 0
10172 1.51
10172 0
10173 1.09
10173 3.9
10173 5.65
10173 2.56
10173 2.62
10173 2.8
10173 0
10173 1.51
10173 0
10223 1.09
10223 3.9
10223 5.65
10223 2.56
10223 2.62
10223 2.8
10223 0
10223 1.51
10223 0
10242 1.09
10242 3.9
10242 5.65
10242 2.56
10242 2.62
10242 2.8
10242 0
10242 1.51
10242 0
10248 1.09
10248 3.9
10248 5.65
10248 2.56
10248 2.62
10248 2.8
10248 0
10248 1.51
10248 0
10251 1.09
10251 3.9
10251 5.65
10251 2.56
10251 2.62
10251 2.8
10251 0
10251 1.51
10251 0
10252 1.09
10252 3.9
10252 5.65
10252 2.56
10252 2.62
10252 2.8
10252 0
10252 1.51
10252 0
10253 1.09
10253 3.9
10253 5.65
10253 2.56
10253 2.62
10253 2.8
10253 0
10253 1.51
10253 0
10254 1.09
10254 3.9
10254 5.65
10254 2.56
10254 2.62
10254 2.8
10254 0
10254 1.51
10254 0
10255 1.09
10255 3.9
10255 5.65
10255 2.56
10255 2.62
10255 2.8
10255 0
10255 1.51
10255 0
10256 1.09
10256 3.9
10256 5.65
10256 2.56
10256 2.62
10256 2.8
10256 0
10256 1.51
10256 0
10258 1.09
10258 3.9
10258 5.65
10258 2.56
10258 2.62
10258 2.8
10258 0
10258 1.51
10258 0
10319 1.09
10319 3.9
10319 5.65
10319 2.56
10319 2.62
10319 2.8
10319 0
10319 1.51
10319 0
10329 1.09
10329 3.9
10329 5.65
10329 2.56
10329 2.62
10329 2.8
10329 0
10329 1.51
10329 0
10330 1.09
10330 3.9
10330 5.65
10330 2.56
10330 2.62
10330 2.8
10330 0
10330 1.51
10330 0
10332 1.09
10332 3.9
10332 5.65
10332 2.56
10332 2.62
10332 2.8
10332 0
10332 1.51
10332 0
10333 1.09
10333 3.9
10333 5.65
10333 2.56
10333 2.62
10333 2.8
10333 0
10333 1.51
10333 0
10334 1.09
10334 3.9
10334 5.65
10334 2.56
10334 2.62
10334 2.8
10334 0
10334 1.51
10334 0
10335 1.09
10335 3.9
10335 5.65
10335 2.56
10335 2.62
10335 2.8
10335 0
10335 1.51
10335 0
10336 1.09
10336 3.9
10336 5.65
10336 2.56
10336 2.62
10336 2.8
10336 0
10336 1.51
10336 0
10337 1.09
10337 3.9
10337 5.65
10337 2.56
10337 2.62
10337 2.8
10337 0
10337 1.51
10337 0
10338 1.09
10338 3.9
10338 5.65
10338 2.56
10338 2.62
10338 2.8
10338 0
10338 1.51
10338 0
10339 1.09
10339 3.9
10339 5.65
10339 2.56
10339 2.62
10339 2.8
10339 0
10339 1.51
10339 0
10340 1.09
10340 3.9
10340 5.65
10340 2.56
10340 2.62
10340 2.8
10340 0
10340 1.51
10340 0
10406 1.09
10406 3.9
10406 5.65
10406 2.56
10406 2.62
10406 2.8
10406 0
10406 1.51
10406 0
10416 1.09
10416 3.9
10416 5.65
10416 2.56
10416 2.62
10416 2.8
10416 0
10416 1.51
10416 0
10419 1.09
10419 3.9
10419 5.65
10419 2.56
10419 2.62
10419 2.8
10419 0
10419 1.51
10419 0
10421 1.09
10421 3.9
10421 5.65
10421 2.56
10421 2.62
10421 2.8
10421 0
10421 1.51
10421 0
10423 1.09
10423 3.9
10423 5.65
10423 2.56
10423 2.62
10423 2.8
10423 0
10423 1.51
10423 0
10424 1.09
10424 3.9
10424 5.65
10424 2.56
10424 2.62
10424 2.8
10424 0
10424 1.51
10424 0
10425 1.09
10425 3.9
10425 5.65
10425 2.56
10425 2.62
10425 2.8
10425 0
10425 1.51
10425 0
10426 1.09
10426 3.9
10426 5.65
10426 2.56
10426 2.62
10426 2.8
10426 0
10426 1.51
10426 0
10427 1.09
10427 3.9
10427 5.65
10427 2.56
10427 2.62
10427 2.8
10427 0
10427 1.51
10427 0
10501 1.09
10501 3.9
10501 5.65
10501 2.56
10501 2.62
10501 2.8
10501 0
10501 1.51
10501 0
10503 1.09
10503 3.9
10503 5.65
10503 2.56
10503 2.62
10503 2.8
10503 0
10503 1.51
10503 0
10504 1.09
10504 3.9
10504 5.65
10504 2.56
10504 2.62
10504 2.8
10504 0
10504 1.51
10504 0
10508 1.09
10508 3.9
10508 5.65
10508 2.56
10508 2.62
10508 2.8
10508 0
10508 1.51
10508 0
10515 1.09
10515 3.9
10515 5.65
10515 2.56
10515 2.62
10515 2.8
10515 0
10515 1.51
10515 0
10516 1.09
10516 3.9
10516 5.65
10516 2.56
10516 2.62
10516 2.8
10516 0
10516 1.51
10516 0
10517 1.09
10517 3.9
10517 5.65
10517 2.56
10517 2.62
10517 2.8
10517 0
10517 1.51
10517 0
10518 1.09
10518 3.9
10518 5.65
10518 2.56
10518 2.62
10518 2.8
10518 0
10518 1.51
10518 0
10519 1.09
10519 3.9
10519 5.65
10519 2.56
10519 2.62
10519 2.8
10519 0
10519 1.51
10519 0
10520 1.09
10520 3.9
10520 5.65
10520 2.56
10520 2.62
10520 2.8
10520 0
10520 1.51
10520 0
10521 1.09
10521 3.9
10521 5.65
10521 2.56
10521 2.62
10521 2.8
10521 0
10521 1.51
10521 0
10522 1.09
10522 3.9
10522 5.65
10522 2.56
10522 2.62
10522 2.8
10522 0
10522 1.51
10522 0
10523 1.09
10523 3.9
10523 5.65
10523 2.56
10523 2.62
10523 2.8
10523 0
10523 1.51
10523 0
10524 1.09
10524 3.9
10524 5.65
10524 2.56
10524 2.62
10524 2.8
10524 0
10524 1.51
10524 0
10599 1.09
10599 3.9
10599 5.65
10599 2.56
10599 2.62
10599 2.8
10599 0
10599 1.51
10599 0
10602 1.09
10602 3.9
10602 5.65
10602 2.56
10602 2.62
10602 2.8
10602 0
10602 1.51
10602 0
10603 1.09
10603 3.9
10603 5.65
10603 2.56
10603 2.62
10603 2.8
10603 0
10603 1.51
10603 0
10610 1.09
10610 3.9
10610 5.65
10610 2.56
10610 2.62
10610 2.8
10610 0
10610 1.51
10610 0
10612 1.09
10612 3.9
10612 5.65
10612 2.56
10612 2.62
10612 2.8
10612 0
10612 1.51
10612 0
10613 1.09
10613 3.9
10613 5.65
10613 2.56
10613 2.62
10613 2.8
10613 0
10613 1.51
10613 0
10614 1.09
10614 3.9
10614 5.65
10614 2.56
10614 2.62
10614 2.8
10614 0
10614 1.51
10614 0
10616 1.09
10616 3.9
10616 5.65
10616 2.56
10616 2.62
10616 2.8
10616 0
10616 1.51
10616 0
10617 1.09
10617 3.9
10617 5.65
10617 2.56
10617 2.62
10617 2.8
10617 0
10617 1.51
10617 0
10618 1.09
10618 3.9
10618 5.65
10618 2.56
10618 2.62
10618 2.8
10618 0
10618 1.51
10618 0
10619 1.09
10619 3.9
10619 5.65
10619 2.56
10619 2.62
10619 2.8
10619 0
10619 1.51
10619 0
10620 1.09
10620 3.9
10620 5.65
10620 2.56
10620 2.62
10620 2.8
10620 0
10620 1.51
10620 0
10621 1.09
10621 3.9
10621 5.65
10621 2.56
10621 2.62
10621 2.8
10621 0
10621 1.51
10621 0
10622 1.09
10622 3.9
10622 5.65
10622 2.56
10622 2.62
10622 2.8
10622 0
10622 1.51
10622 0
10710 1.09
10710 3.9
10710 5.65
10710 2.56
10710 2.62
10710 2.8
10710 0
10710 1.51
10710 0
10711 1.09
10711 3.9
10711 5.65
10711 2.56
10711 2.62
10711 2.8
10711 0
10711 1.51
10711 0
10714 1.09
10714 3.9
10714 5.65
10714 2.56
10714 2.62
10714 2.8
10714 0
10714 1.51
10714 0
10715 1.09
10715 3.9
10715 5.65
10715 2.56
10715 2.62
10715 2.8
10715 0
10715 1.51
10715 0
10717 1.09
10717 3.9
10717 5.65
10717 2.56
10717 2.62
10717 2.8
10717 0
10717 1.51
10717 0
10718 1.09
10718 3.9
10718 5.65
10718 2.56
10718 2.62
10718 2.8
10718 0
10718 1.51
10718 0
10719 1.09
10719 3.9
10719 5.65
10719 2.56
10719 2.62
10719 2.8
10719 0
10719 1.51
10719 0
10720 1.09
10720 3.9
10720 5.65
10720 2.56
10720 2.62
10720 2.8
10720 0
10720 1.51
10720 0
10805 1.09
10805 3.9
10805 5.65
10805 2.56
10805 2.62
10805 2.8
10805 0
10805 1.51
10805 0
10810 1.09
10810 3.9
10810 5.65
10810 2.56
10810 2.62
10810 2.8
10810 0
10810 1.51
10810 0
10811 1.09
10811 3.9
10811 5.65
10811 2.56
10811 2.62
10811 2.8
10811 0
10811 1.51
10811 0
10813 1.09
10813 3.9
10813 5.65
10813 2.56
10813 2.62
10813 2.8
10813 0
10813 1.51
10813 0
10816 1.09
10816 3.9
10816 5.65
10816 2.56
10816 2.62
10816 2.8
10816 0
10816 1.51
10816 0
10817 1.09
10817 3.9
10817 5.65
10817 2.56
10817 2.62
10817 2.8
10817 0
10817 1.51
10817 0
10818 1.09
10818 3.9
10818 5.65
10818 2.56
10818 2.62
10818 2.8
10818 0
10818 1.51
10818 0
10819 1.09
10819 3.9
10819 5.65
10819 2.56
10819 2.62
10819 2.8
10819 0
10819 1.51
10819 0
10820 1.09
10820 3.9
10820 5.65
10820 2.56
10820 2.62
10820 2.8
10820 0
10820 1.51
10820 0
10821 1.09
10821 3.9
10821 5.65
10821 2.56
10821 2.62
10821 2.8
10821 0
10821 1.51
10821 0
10822 1.09
10822 3.9
10822 5.65
10822 2.56
10822 2.62
10822 2.8
10822 0
10822 1.51
10822 0
10823 1.09
10823 3.9
10823 5.65
10823 2.56
10823 2.62
10823 2.8
10823 0
10823 1.51
10823 0
10914 1.09
10914 3.9
10914 5.65
10914 2.56
10914 2.62
10914 2.8
10914 0
10914 1.51
10914 0
10915 1.09
10915 3.9
10915 5.65
10915 2.56
10915 2.62
10915 2.8
10915 0
10915 1.51
10915 0
10916 1.09
10916 3.9
10916 5.65
10916 2.56
10916 2.62
10916 2.8
10916 0
10916 1.51
10916 0
10918 1.09
10918 3.9
10918 5.65
10918 2.56
10918 2.62
10918 2.8
10918 0
10918 1.51
10918 0
10920 1.09
10920 3.9
10920 5.65
10920 2.56
10920 2.62
10920 2.8
10920 0
10920 1.51
10920 0
10921 1.09
10921 3.9
10921 5.65
10921 2.56
10921 2.62
10921 2.8
10921 0
10921 1.51
10921 0
10922 1.09
10922 3.9
10922 5.65
10922 2.56
10922 2.62
10922 2.8
10922 0
10922 1.51
10922 0
10924 1.09
10924 3.9
10924 5.65
10924 2.56
10924 2.62
10924 2.8
10924 0
10924 1.51
10924 0
10925 1.09
10925 3.9
10925 5.65
10925 2.56
10925 2.62
10925 2.8
10925 0
10925 1.51
10925 0
11008 1.09
11008 3.9
11008 5.65
11008 2.56
11008 2.62
11008 2.8
11008 0
11008 1.51
11008 0
11014 1.09
11014 3.9
11014 5.65
11014 2.56
11014 2.62
11014 2.8
11014 0
11014 1.51
11014 0
11019 1.09
11019 3.9
11019 5.65
11019 2.56
11019 2.62
11019 2.8
11019 0
11019 1.51
11019 0
11021 1.09
11021 3.9
11021 5.65
11021 2.56
11021 2.62
11021 2.8
11021 0
11021 1.51
11021 0
11023 1.09
11023 3.9
11023 5.65
11023 2.56
11023 2.62
11023 2.8
11023 0
11023 1.51
11023 0
11026 1.09
11026 3.9
11026 5.65
11026 2.56
11026 2.62
11026 2.8
11026 0
11026 1.51
11026 0
11027 1.09
11027 3.9
11027 5.65
11027 2.56
11027 2.62
11027 2.8
11027 0
11027 1.51
11027 0
11029 1.09
11029 3.9
11029 5.65
11029 2.56
11029 2.62
11029 2.8
11029 0
11029 1.51
11029 0
11030 1.09
11030 3.9
11030 5.65
11030 2.56
11030 2.62
11030 2.8
11030 0
11030 1.51
11030 0
11031 1.09
11031 3.9
11031 5.65
11031 2.56
11031 2.62
11031 2.8
11031 0
11031 1.51
11031 0
11032 1.09
11032 3.9
11032 5.65
11032 2.56
11032 2.62
11032 2.8
11032 0
11032 1.51
11032 0
11033 1.09
11033 3.9
11033 5.65
11033 2.56
11033 2.62
11033 2.8
11033 0
11033 1.51
11033 0
11118 1.09
11118 3.9
11118 5.65
11118 2.56
11118 2.62
11118 2.8
11118 0
11118 1.51
11118 0
11123 1.09
11123 3.9
11123 5.65
11123 2.56
11123 2.62
11123 2.8
11123 0
11123 1.51
11123 0
11129 1.09
11129 3.9
11129 5.65
11129 2.56
11129 2.62
11129 2.8
11129 0
11129 1.51
11129 0
11130 1.09
11130 3.9
11130 5.65
11130 2.56
11130 2.62
11130 2.8
11130 0
11130 1.51
11130 0
11133 1.09
11133 3.9
11133 5.65
11133 2.56
11133 2.62
11133 2.8
11133 0
11133 1.51
11133 0
11134 1.09
11134 3.9
11134 5.65
11134 2.56
11134 2.62
11134 2.8
11134 0
11134 1.51
11134 0
11139 1.09
11139 3.9
11139 5.65
11139 2.56
11139 2.62
11139 2.8
11139 0
11139 1.51
11139 0
11141 1.09
11141 3.9
11141 5.65
11141 2.56
11141 2.62
11141 2.8
11141 0
11141 1.51
11141 0
11142 1.09
11142 3.9
11142 5.65
11142 2.56
11142 2.62
11142 2.8
11142 0
11142 1.51
11142 0
11144 1.09
11144 3.9
11144 5.65
11144 2.56
11144 2.62
11144 2.8
11144 0
11144 1.51
11144 0
11274 1.09
11274 3.9
11274 5.65
11274 2.56
11274 2.62
11274 2.8
11274 0
11274 1.51
11274 0
11249 1.09
11249 3.9
11249 5.65
11249 2.56
11249 2.62
11249 2.8
11249 0
11249 1.51
11249 0
11250 1.09
11250 3.9
11250 5.65
11250 2.56
11250 2.62
11250 2.8
11250 0
11250 1.51
11250 0
11251 1.09
11251 3.9
11251 5.65
11251 2.56
11251 2.62
11251 2.8
11251 0
11251 1.51
11251 0
11252 1.09
11252 3.9
11252 5.65
11252 2.56
11252 2.62
11252 2.8
11252 0
11252 1.51
11252 0
11253 1.09
11253 3.9
11253 5.65
11253 2.56
11253 2.62
11253 2.8
11253 0
11253 1.51
11253 0
11255 1.09
11255 3.9
11255 5.65
11255 2.56
11255 2.62
11255 2.8
11255 0
11255 1.51
11255 0
11258 1.09
11258 3.9
11258 5.65
11258 2.56
11258 2.62
11258 2.8
11258 0
11258 1.51
11258 0
11259 1.09
11259 3.9
11259 5.65
11259 2.56
11259 2.62
11259 2.8
11259 0
11259 1.51
11259 0
11261 1.09
11261 3.9
11261 5.65
11261 2.56
11261 2.62
11261 2.8
11261 0
11261 1.51
11261 0
11262 1.09
11262 3.9
11262 5.65
11262 2.56
11262 2.62
11262 2.8
11262 0
11262 1.51
11262 0
11264 1.09
11264 3.9
11264 5.65
11264 2.56
11264 2.62
11264 2.8
11264 0
11264 1.51
11264 0
11364 1.09
11364 3.9
11364 5.65
11364 2.56
11364 2.62
11364 2.8
11364 0
11364 1.51
11364 0
11365 1.09
11365 3.9
11365 5.65
11365 2.56
11365 2.62
11365 2.8
11365 0
11365 1.51
11365 0
11399 1.09
11399 3.9
11399 5.65
11399 2.56
11399 2.62
11399 2.8
11399 0
11399 1.51
11399 0
11400 1.09
11400 3.9
11400 5.65
11400 2.56
11400 2.62
11400 2.8
11400 0
11400 1.51
11400 0
11398 1.09
11398 3.9
11398 5.65
11398 2.56
11398 2.62
11398 2.8
11398 0
11398 1.51
11398 0
11370 1.09
11370 3.9
11370 5.65
11370 2.56
11370 2.62
11370 2.8
11370 0
11370 1.51
11370 0
11394 1.09
11394 3.9
11394 5.65
11394 2.56
11394 2.62
11394 2.8
11394 0
11394 1.51
11394 0
11395 1.09
11395 3.9
11395 5.65
11395 2.56
11395 2.62
11395 2.8
11395 0
11395 1.51
11395 0
11396 1.09
11396 3.9
11396 5.65
11396 2.56
11396 2.62
11396 2.8
11396 0
11396 1.51
11396 0
11393 1.09
11393 3.9
11393 5.65
11393 2.56
11393 2.62
11393 2.8
11393 0
11393 1.51
11393 0
11377 1.09
11377 3.9
11377 5.65
11377 2.56
11377 2.62
11377 2.8
11377 0
11377 1.51
11377 0
11378 1.09
11378 3.9
11378 5.65
11378 2.56
11378 2.62
11378 2.8
11378 0
11378 1.51
11378 0
11379 1.09
11379 3.9
11379 5.65
11379 2.56
11379 2.62
11379 2.8
11379 0
11379 1.51
11379 0
11382 1.09
11382 3.9
11382 5.65
11382 2.56
11382 2.62
11382 2.8
11382 0
11382 1.51
11382 0
11384 1.09
11384 3.9
11384 5.65
11384 2.56
11384 2.62
11384 2.8
11384 0
11384 1.51
11384 0
11385 1.09
11385 3.9
11385 5.65
11385 2.56
11385 2.62
11385 2.8
11385 0
11385 1.51
11385 0
11492 1.09
11492 3.9
11492 5.65
11492 2.56
11492 2.62
11492 2.8
11492 0
11492 1.51
11492 0
11493 1.09
11493 3.9
11493 5.65
11493 2.56
11493 2.62
11493 2.8
11493 0
11493 1.51
11493 0
11531 1.09
11531 3.9
11531 5.65
11531 2.56
11531 2.62
11531 2.8
11531 0
11531 1.51
11531 0
11495 1.09
11495 3.9
11495 5.65
11495 2.56
11495 2.62
11495 2.8
11495 0
11495 1.51
11495 0
11528 1.09
11528 3.9
11528 5.65
11528 2.56
11528 2.62
11528 2.8
11528 0
11528 1.51
11528 0
11529 1.09
11529 3.9
11529 5.65
11529 2.56
11529 2.62
11529 2.8
11529 0
11529 1.51
11529 0
11496 1.09
11496 3.9
11496 5.65
11496 2.56
11496 2.62
11496 2.8
11496 0
11496 1.51
11496 0
11526 1.09
11526 3.9
11526 5.65
11526 2.56
11526 2.62
11526 2.8
11526 0
11526 1.51
11526 0
11523 1.09
11523 3.9
11523 5.65
11523 2.56
11523 2.62
11523 2.8
11523 0
11523 1.51
11523 0
11524 1.09
11524 3.9
11524 5.65
11524 2.56
11524 2.62
11524 2.8
11524 0
11524 1.51
11524 0
11503 1.09
11503 3.9
11503 5.65
11503 2.56
11503 2.62
11503 2.8
11503 0
11503 1.51
11503 0
11504 1.09
11504 3.9
11504 5.65
11504 2.56
11504 2.62
11504 2.8
11504 0
11504 1.51
11504 0
11506 1.09
11506 3.9
11506 5.65
11506 2.56
11506 2.62
11506 2.8
11506 0
11506 1.51
11506 0
11507 1.09
11507 3.9
11507 5.65
11507 2.56
11507 2.62
11507 2.8
11507 0
11507 1.51
11507 0
11508 1.09
11508 3.9
11508 5.65
11508 2.56
11508 2.62
11508 2.8
11508 0
11508 1.51
11508 0
11509 1.09
11509 3.9
11509 5.65
11509 2.56
11509 2.62
11509 2.8
11509 0
11509 1.51
11509 0
11510 1.09
11510 3.9
11510 5.65
11510 2.56
11510 2.62
11510 2.8
11510 0
11510 1.51
11510 0
11511 1.09
11511 3.9
11511 5.65
11511 2.56
11511 2.62
11511 2.8
11511 0
11511 1.51
11511 0
11512 1.09
11512 3.9
11512 5.65
11512 2.56
11512 2.62
11512 2.8
11512 0
11512 1.51
11512 0
11614 1.09
11614 3.9
11614 5.65
11614 2.56
11614 2.62
11614 2.8
11614 0
11614 1.51
11614 0
11659 1.09
11659 3.9
11659 5.65
11659 2.56
11659 2.62
11659 2.8
11659 0
11659 1.51
11659 0
11621 1.09
11621 3.9
11621 5.65
11621 2.56
11621 2.62
11621 2.8
11621 0
11621 1.51
11621 0
11657 1.09
11657 3.9
11657 5.65
11657 2.56
11657 2.62
11657 2.8
11657 0
11657 1.51
11657 0
11658 1.09
11658 3.9
11658 5.65
11658 2.56
11658 2.62
11658 2.8
11658 0
11658 1.51
11658 0
11656 1.09
11656 3.9
11656 5.65
11656 2.56
11656 2.62
11656 2.8
11656 0
11656 1.51
11656 0
11624 1.09
11624 3.9
11624 5.65
11624 2.56
11624 2.62
11624 2.8
11624 0
11624 1.51
11624 0
11652 1.09
11652 3.9
11652 5.65
11652 2.56
11652 2.62
11652 2.8
11652 0
11652 1.51
11652 0
11654 1.09
11654 3.9
11654 5.65
11654 2.56
11654 2.62
11654 2.8
11654 0
11654 1.51
11654 0
11648 1.09
11648 3.9
11648 5.65
11648 2.56
11648 2.62
11648 2.8
11648 0
11648 1.51
11648 0
11650 1.09
11650 3.9
11650 5.65
11650 2.56
11650 2.62
11650 2.8
11650 0
11650 1.51
11650 0
11651 1.09
11651 3.9
11651 5.65
11651 2.56
11651 2.62
11651 2.8
11651 0
11651 1.51
11651 0
11632 1.09
11632 3.9
11632 5.65
11632 2.56
11632 2.62
11632 2.8
11632 0
11632 1.51
11632 0
11633 1.09
11633 3.9
11633 5.65
11633 2.56
11633 2.62
11633 2.8
11633 0
11633 1.51
11633 0
11635 1.09
11635 3.9
11635 5.65
11635 2.56
11635 2.62
11635 2.8
11635 0
11635 1.51
11635 0
11636 1.09
11636 3.9
11636 5.65
11636 2.56
11636 2.62
11636 2.8
11636 0
11636 1.51
11636 0
11638 1.09
11638 3.9
11638 5.65
11638 2.56
11638 2.62
11638 2.8
11638 0
11638 1.51
11638 0
11639 1.09
11639 3.9
11639 5.65
11639 2.56
11639 2.62
11639 2.8
11639 0
11639 1.51
11639 0
11640 1.09
11640 3.9
11640 5.65
11640 2.56
11640 2.62
11640 2.8
11640 0
11640 1.51
11640 0
11743 1.09
11743 3.9
11743 5.65
11743 2.56
11743 2.62
11743 2.8
11743 0
11743 1.51
11743 0
11791 1.09
11791 3.9
11791 5.65
11791 2.56
11791 2.62
11791 2.8
11791 0
11791 1.51
11791 0
11789 1.09
11789 3.9
11789 5.65
11789 2.56
11789 2.62
11789 2.8
11789 0
11789 1.51
11789 0
11790 1.09
11790 3.9
11790 5.65
11790 2.56
11790 2.62
11790 2.8
11790 0
11790 1.51
11790 0
11787 1.09
11787 3.9
11787 5.65
11787 2.56
11787 2.62
11787 2.8
11787 0
11787 1.51
11787 0
11753 1.09
11753 3.9
11753 5.65
11753 2.56
11753 2.62
11753 2.8
11753 0
11753 1.51
11753 0
11785 1.09
11785 3.9
11785 5.65
11785 2.56
11785 2.62
11785 2.8
11785 0
11785 1.51
11785 0
11786 1.09
11786 3.9
11786 5.65
11786 2.56
11786 2.62
11786 2.8
11786 0
11786 1.51
11786 0
11754 1.09
11754 3.9
11754 5.65
11754 2.56
11754 2.62
11754 2.8
11754 0
11754 1.51
11754 0
11783 1.09
11783 3.9
11783 5.65
11783 2.56
11783 2.62
11783 2.8
11783 0
11783 1.51
11783 0
11784 1.09
11784 3.9
11784 5.65
11784 2.56
11784 2.62
11784 2.8
11784 0
11784 1.51
11784 0
11758 1.09
11758 3.9
11758 5.65
11758 2.56
11758 2.62
11758 2.8
11758 0
11758 1.51
11758 0
11760 1.09
11760 3.9
11760 5.65
11760 2.56
11760 2.62
11760 2.8
11760 0
11760 1.51
11760 0
11780 1.09
11780 3.9
11780 5.65
11780 2.56
11780 2.62
11780 2.8
11780 0
11780 1.51
11780 0
11762 1.09
11762 3.9
11762 5.65
11762 2.56
11762 2.62
11762 2.8
11762 0
11762 1.51
11762 0
11763 1.09
11763 3.9
11763 5.65
11763 2.56
11763 2.62
11763 2.8
11763 0
11763 1.51
11763 0
11764 1.09
11764 3.9
11764 5.65
11764 2.56
11764 2.62
11764 2.8
11764 0
11764 1.51
11764 0
11765 1.09
11765 3.9
11765 5.65
11765 2.56
11765 2.62
11765 2.8
11765 0
11765 1.51
11765 0
11766 1.09
11766 3.9
11766 5.65
11766 2.56
11766 2.62
11766 2.8
11766 0
11766 1.51
11766 0
11767 1.09
11767 3.9
11767 5.65
11767 2.56
11767 2.62
11767 2.8
11767 0
11767 1.51
11767 0
11768 1.09
11768 3.9
11768 5.65
11768 2.56
11768 2.62
11768 2.8
11768 0
11768 1.51
11768 0
11769 1.09
11769 3.9
11769 5.65
11769 2.56
11769 2.62
11769 2.8
11769 0
11769 1.51
11769 0
11921 1.09
11921 3.9
11921 5.65
11921 2.56
11921 2.62
11921 2.8
11921 0
11921 1.51
11921 0
11919 1.09
11919 3.9
11919 5.65
11919 2.56
11919 2.62
11919 2.8
11919 0
11919 1.51
11919 0
11920 1.09
11920 3.9
11920 5.65
11920 2.56
11920 2.62
11920 2.8
11920 0
11920 1.51
11920 0
11917 1.09
11917 3.9
11917 5.65
11917 2.56
11917 2.62
11917 2.8
11917 0
11917 1.51
11917 0
11918 1.09
11918 3.9
11918 5.65
11918 2.56
11918 2.62
11918 2.8
11918 0
11918 1.51
11918 0
11915 1.09
11915 3.9
11915 5.65
11915 2.56
11915 2.62
11915 2.8
11915 0
11915 1.51
11915 0
11916 1.09
11916 3.9
11916 5.65
11916 2.56
11916 2.62
11916 2.8
11916 0
11916 1.51
11916 0
11886 1.09
11886 3.9
11886 5.65
11886 2.56
11886 2.62
11886 2.8
11886 0
11886 1.51
11886 0
11887 1.09
11887 3.9
11887 5.65
11887 2.56
11887 2.62
11887 2.8
11887 0
11887 1.51
11887 0
11911 1.09
11911 3.9
11911 5.65
11911 2.56
11911 2.62
11911 2.8
11911 0
11911 1.51
11911 0
11912 1.09
11912 3.9
11912 5.65
11912 2.56
11912 2.62
11912 2.8
11912 0
11912 1.51
11912 0
11913 1.09
11913 3.9
11913 5.65
11913 2.56
11913 2.62
11913 2.8
11913 0
11913 1.51
11913 0
11914 1.09
11914 3.9
11914 5.65
11914 2.56
11914 2.62
11914 2.8
11914 0
11914 1.51
11914 0
11889 1.09
11889 3.9
11889 5.65
11889 2.56
11889 2.62
11889 2.8
11889 0
11889 1.51
11889 0
11890 1.09
11890 3.9
11890 5.65
11890 2.56
11890 2.62
11890 2.8
11890 0
11890 1.51
11890 0
11891 1.09
11891 3.9
11891 5.65
11891 2.56
11891 2.62
11891 2.8
11891 0
11891 1.51
11891 0
11892 1.09
11892 3.9
11892 5.65
11892 2.56
11892 2.62
11892 2.8
11892 0
11892 1.51
11892 0
11908 1.09
11908 3.9
11908 5.65
11908 2.56
11908 2.62
11908 2.8
11908 0
11908 1.51
11908 0
11909 1.09
11909 3.9
11909 5.65
11909 2.56
11909 2.62
11909 2.8
11909 0
11909 1.51
11909 0
11910 1.09
11910 3.9
11910 5.65
11910 2.56
11910 2.62
11910 2.8
11910 0
11910 1.51
11910 0
11893 1.09
11893 3.9
11893 5.65
11893 2.56
11893 2.62
11893 2.8
11893 0
11893 1.51
11893 0
11894 1.09
11894 3.9
11894 5.65
11894 2.56
11894 2.62
11894 2.8
11894 0
11894 1.51
11894 0
11895 1.09
11895 3.9
11895 5.65
11895 2.56
11895 2.62
11895 2.8
11895 0
11895 1.51
11895 0
11896 1.09
11896 3.9
11896 5.65
11896 2.56
11896 2.62
11896 2.8
11896 0
11896 1.51
11896 0
11897 1.09
11897 3.9
11897 5.65
11897 2.56
11897 2.62
11897 2.8
11897 0
11897 1.51
11897 0
11898 1.09
11898 3.9
11898 5.65
11898 2.56
11898 2.62
11898 2.8
11898 0
11898 1.51
11898 0
11899 1.09
11899 3.9
11899 5.65
11899 2.56
11899 2.62
11899 2.8
11899 0
11899 1.51
11899 0
11900 1.09
11900 3.9
11900 5.65
11900 2.56
11900 2.62
11900 2.8
11900 0
11900 1.51
11900 0
11906 1.09
11906 3.9
11906 5.65
11906 2.56
11906 2.62
11906 2.8
11906 0
11906 1.51
11906 0
11996 1.09
11996 3.9
11996 5.65
11996 2.56
11996 2.62
11996 2.8
11996 0
11996 1.51
11996 0
12045 1.09
12045 3.9
12045 5.65
12045 2.56
12045 2.62
12045 2.8
12045 0
12045 1.51
12045 0
12046 1.09
12046 3.9
12046 5.65
12046 2.56
12046 2.62
12046 2.8
12046 0
12046 1.51
12046 0
12044 1.09
12044 3.9
12044 5.65
12044 2.56
12044 2.62
12044 2.8
12044 0
12044 1.51
12044 0
12041 1.09
12041 3.9
12041 5.65
12041 2.56
12041 2.62
12041 2.8
12041 0
12041 1.51
12041 0
12042 1.09
12042 3.9
12042 5.65
12042 2.56
12042 2.62
12042 2.8
12042 0
12042 1.51
12042 0
12008 1.09
12008 3.9
12008 5.65
12008 2.56
12008 2.62
12008 2.8
12008 0
12008 1.51
12008 0
12038 1.09
12038 3.9
12038 5.65
12038 2.56
12038 2.62
12038 2.8
12038 0
12038 1.51
12038 0
12040 1.09
12040 3.9
12040 5.65
12040 2.56
12040 2.62
12040 2.8
12040 0
12040 1.51
12040 0
12011 1.09
12011 3.9
12011 5.65
12011 2.56
12011 2.62
12011 2.8
12011 0
12011 1.51
12011 0
12012 1.09
12012 3.9
12012 5.65
12012 2.56
12012 2.62
12012 2.8
12012 0
12012 1.51
12012 0
12013 1.09
12013 3.9
12013 5.65
12013 2.56
12013 2.62
12013 2.8
12013 0
12013 1.51
12013 0
12035 1.09
12035 3.9
12035 5.65
12035 2.56
12035 2.62
12035 2.8
12035 0
12035 1.51
12035 0
12036 1.09
12036 3.9
12036 5.65
12036 2.56
12036 2.62
12036 2.8
12036 0
12036 1.51
12036 0
12014 1.09
12014 3.9
12014 5.65
12014 2.56
12014 2.62
12014 2.8
12014 0
12014 1.51
12014 0
12015 1.09
12015 3.9
12015 5.65
12015 2.56
12015 2.62
12015 2.8
12015 0
12015 1.51
12015 0
12016 1.09
12016 3.9
12016 5.65
12016 2.56
12016 2.62
12016 2.8
12016 0
12016 1.51
12016 0
12017 1.09
12017 3.9
12017 5.65
12017 2.56
12017 2.62
12017 2.8
12017 0
12017 1.51
12017 0
12018 1.09
12018 3.9
12018 5.65
12018 2.56
12018 2.62
12018 2.8
12018 0
12018 1.51
12018 0
12030 1.09
12030 3.9
12030 5.65
12030 2.56
12030 2.62
12030 2.8
12030 0
12030 1.51
12030 0
12031 1.09
12031 3.9
12031 5.65
12031 2.56
12031 2.62
12031 2.8
12031 0
12031 1.51
12031 0
12032 1.09
12032 3.9
12032 5.65
12032 2.56
12032 2.62
12032 2.8
12032 0
12032 1.51
12032 0
12033 1.09
12033 3.9
12033 5.65
12033 2.56
12033 2.62
12033 2.8
12033 0
12033 1.51
12033 0
12034 1.09
12034 3.9
12034 5.65
12034 2.56
12034 2.62
12034 2.8
12034 0
12034 1.51
12034 0
12019 1.09
12019 3.9
12019 5.65
12019 2.56
12019 2.62
12019 2.8
12019 0
12019 1.51
12019 0
12021 1.09
12021 3.9
12021 5.65
12021 2.56
12021 2.62
12021 2.8
12021 0
12021 1.51
12021 0
12022 1.09
12022 3.9
12022 5.65
12022 2.56
12022 2.62
12022 2.8
12022 0
12022 1.51
12022 0
12023 1.09
12023 3.9
12023 5.65
12023 2.56
12023 2.62
12023 2.8
12023 0
12023 1.51
12023 0
12024 1.09
12024 3.9
12024 5.65
12024 2.56
12024 2.62
12024 2.8
12024 0
12024 1.51
12024 0
12025 1.09
12025 3.9
12025 5.65
12025 2.56
12025 2.62
12025 2.8
12025 0
12025 1.51
12025 0
12027 1.09
12027 3.9
12027 5.65
12027 2.56
12027 2.62
12027 2.8
12027 0
12027 1.51
12027 0
12120 1.09
12120 3.9
12120 5.65
12120 2.56
12120 2.62
12120 2.8
12120 0
12120 1.51
12120 0
12125 1.09
12125 3.9
12125 5.65
12125 2.56
12125 2.62
12125 2.8
12125 0
12125 1.51
12125 0
12167 1.09
12167 3.9
12167 5.65
12167 2.56
12167 2.62
12167 2.8
12167 0
12167 1.51
12167 0
12168 1.09
12168 3.9
12168 5.65
12168 2.56
12168 2.62
12168 2.8
12168 0
12168 1.51
12168 0
12126 1.09
12126 3.9
12126 5.65
12126 2.56
12126 2.62
12126 2.8
12126 0
12126 1.51
12126 0
12165 1.09
12165 3.9
12165 5.65
12165 2.56
12165 2.62
12165 2.8
12165 0
12165 1.51
12165 0
12166 1.09
12166 3.9
12166 5.65
12166 2.56
12166 2.62
12166 2.8
12166 0
12166 1.51
12166 0
12128 1.09
12128 3.9
12128 5.65
12128 2.56
12128 2.62
12128 2.8
12128 0
12128 1.51
12128 0
12130 1.09
12130 3.9
12130 5.65
12130 2.56
12130 2.62
12130 2.8
12130 0
12130 1.51
12130 0
12163 1.09
12163 3.9
12163 5.65
12163 2.56
12163 2.62
12163 2.8
12163 0
12163 1.51
12163 0
12164 1.09
12164 3.9
12164 5.65
12164 2.56
12164 2.62
12164 2.8
12164 0
12164 1.51
12164 0
12132 1.09
12132 3.9
12132 5.65
12132 2.56
12132 2.62
12132 2.8
12132 0
12132 1.51
12132 0
12133 1.09
12133 3.9
12133 5.65
12133 2.56
12133 2.62
12133 2.8
12133 0
12133 1.51
12133 0
12162 1.09
12162 3.9
12162 5.65
12162 2.56
12162 2.62
12162 2.8
12162 0
12162 1.51
12162 0
12134 1.09
12134 3.9
12134 5.65
12134 2.56
12134 2.62
12134 2.8
12134 0
12134 1.51
12134 0
12151 1.09
12151 3.9
12151 5.65
12151 2.56
12151 2.62
12151 2.8
12151 0
12151 1.51
12151 0
12152 1.09
12152 3.9
12152 5.65
12152 2.56
12152 2.62
12152 2.8
12152 0
12152 1.51
12152 0
12154 1.09
12154 3.9
12154 5.65
12154 2.56
12154 2.62
12154 2.8
12154 0
12154 1.51
12154 0
12155 1.09
12155 3.9
12155 5.65
12155 2.56
12155 2.62
12155 2.8
12155 0
12155 1.51
12155 0
12147 1.09
12147 3.9
12147 5.65
12147 2.56
12147 2.62
12147 2.8
12147 0
12147 1.51
12147 0
12148 1.09
12148 3.9
12148 5.65
12148 2.56
12148 2.62
12148 2.8
12148 0
12148 1.51
12148 0
12149 1.09
12149 3.9
12149 5.65
12149 2.56
12149 2.62
12149 2.8
12149 0
12149 1.51
12149 0
12150 1.09
12150 3.9
12150 5.65
12150 2.56
12150 2.62
12150 2.8
12150 0
12150 1.51
12150 0
12247 1.09
12247 3.9
12247 5.65
12247 2.56
12247 2.62
12247 2.8
12247 0
12247 1.51
12247 0
12248 1.09
12248 3.9
12248 5.65
12248 2.56
12248 2.62
12248 2.8
12248 0
12248 1.51
12248 0
12250 1.09
12250 3.9
12250 5.65
12250 2.56
12250 2.62
12250 2.8
12250 0
12250 1.51
12250 0
12291 1.09
12291 3.9
12291 5.65
12291 2.56
12291 2.62
12291 2.8
12291 0
12291 1.51
12291 0
12251 1.09
12251 3.9
12251 5.65
12251 2.56
12251 2.62
12251 2.8
12251 0
12251 1.51
12251 0
12252 1.09
12252 3.9
12252 5.65
12252 2.56
12252 2.62
12252 2.8
12252 0
12252 1.51
12252 0
12289 1.09
12289 3.9
12289 5.65
12289 2.56
12289 2.62
12289 2.8
12289 0
12289 1.51
12289 0
12290 1.09
12290 3.9
12290 5.65
12290 2.56
12290 2.62
12290 2.8
12290 0
12290 1.51
12290 0
12253 1.09
12253 3.9
12253 5.65
12253 2.56
12253 2.62
12253 2.8
12253 0
12253 1.51
12253 0
12254 1.09
12254 3.9
12254 5.65
12254 2.56
12254 2.62
12254 2.8
12254 0
12254 1.51
12254 0
12287 1.09
12287 3.9
12287 5.65
12287 2.56
12287 2.62
12287 2.8
12287 0
12287 1.51
12287 0
12288 1.09
12288 3.9
12288 5.65
12288 2.56
12288 2.62
12288 2.8
12288 0
12288 1.51
12288 0
12256 1.09
12256 3.9
12256 5.65
12256 2.56
12256 2.62
12256 2.8
12256 0
12256 1.51
12256 0
12257 1.09
12257 3.9
12257 5.65
12257 2.56
12257 2.62
12257 2.8
12257 0
12257 1.51
12257 0
12258 1.09
12258 3.9
12258 5.65
12258 2.56
12258 2.62
12258 2.8
12258 0
12258 1.51
12258 0
12276 1.09
12276 3.9
12276 5.65
12276 2.56
12276 2.62
12276 2.8
12276 0
12276 1.51
12276 0
12375 1.09
12375 3.9
12375 5.65
12375 2.56
12375 2.62
12375 2.8
12375 0
12375 1.51
12375 0
12376 1.09
12376 3.9
12376 5.65
12376 2.56
12376 2.62
12376 2.8
12376 0
12376 1.51
12376 0
12378 1.09
12378 3.9
12378 5.65
12378 2.56
12378 2.62
12378 2.8
12378 0
12378 1.51
12378 0
12423 1.09
12423 3.9
12423 5.65
12423 2.56
12423 2.62
12423 2.8
12423 0
12423 1.51
12423 0
12424 1.09
12424 3.9
12424 5.65
12424 2.56
12424 2.62
12424 2.8
12424 0
12424 1.51
12424 0
12421 1.09
12421 3.9
12421 5.65
12421 2.56
12421 2.62
12421 2.8
12421 0
12421 1.51
12421 0
12422 1.09
12422 3.9
12422 5.65
12422 2.56
12422 2.62
12422 2.8
12422 0
12422 1.51
12422 0
12382 1.09
12382 3.9
12382 5.65
12382 2.56
12382 2.62
12382 2.8
12382 0
12382 1.51
12382 0
12383 1.09
12383 3.9
12383 5.65
12383 2.56
12383 2.62
12383 2.8
12383 0
12383 1.51
12383 0
12419 1.09
12419 3.9
12419 5.65
12419 2.56
12419 2.62
12419 2.8
12419 0
12419 1.51
12419 0
12420 1.09
12420 3.9
12420 5.65
12420 2.56
12420 2.62
12420 2.8
12420 0
12420 1.51
12420 0
12384 1.09
12384 3.9
12384 5.65
12384 2.56
12384 2.62
12384 2.8
12384 0
12384 1.51
12384 0
12385 1.09
12385 3.9
12385 5.65
12385 2.56
12385 2.62
12385 2.8
12385 0
12385 1.51
12385 0
12417 1.09
12417 3.9
12417 5.65
12417 2.56
12417 2.62
12417 2.8
12417 0
12417 1.51
12417 0
12387 1.09
12387 3.9
12387 5.65
12387 2.56
12387 2.62
12387 2.8
12387 0
12387 1.51
12387 0
12390 1.09
12390 3.9
12390 5.65
12390 2.56
12390 2.62
12390 2.8
12390 0
12390 1.51
12390 0
12508 1.09
12508 3.9
12508 5.65
12508 2.56
12508 2.62
12508 2.8
12508 0
12508 1.51
12508 0
12509 1.09
12509 3.9
12509 5.65
12509 2.56
12509 2.62
12509 2.8
12509 0
12509 1.51
12509 0
12510 1.09
12510 3.9
12510 5.65
12510 2.56
12510 2.62
12510 2.8
12510 0
12510 1.51
12510 0
12556 1.09
12556 3.9
12556 5.65
12556 2.56
12556 2.62
12556 2.8
12556 0
12556 1.51
12556 0
12557 1.09
12557 3.9
12557 5.65
12557 2.56
12557 2.62
12557 2.8
12557 0
12557 1.51
12557 0
12511 1.09
12511 3.9
12511 5.65
12511 2.56
12511 2.62
12511 2.8
12511 0
12511 1.51
12511 0
12512 1.09
12512 3.9
12512 5.65
12512 2.56
12512 2.62
12512 2.8
12512 0
12512 1.51
12512 0
12554 1.09
12554 3.9
12554 5.65
12554 2.56
12554 2.62
12554 2.8
12554 0
12554 1.51
12554 0
12514 1.09
12514 3.9
12514 5.65
12514 2.56
12514 2.62
12514 2.8
12514 0
12514 1.51
12514 0
12552 1.09
12552 3.9
12552 5.65
12552 2.56
12552 2.62
12552 2.8
12552 0
12552 1.51
12552 0
12553 1.09
12553 3.9
12553 5.65
12553 2.56
12553 2.62
12553 2.8
12553 0
12553 1.51
12553 0
12515 1.09
12515 3.9
12515 5.65
12515 2.56
12515 2.62
12515 2.8
12515 0
12515 1.51
12515 0
12517 1.09
12517 3.9
12517 5.65
12517 2.56
12517 2.62
12517 2.8
12517 0
12517 1.51
12517 0
12550 1.09
12550 3.9
12550 5.65
12550 2.56
12550 2.62
12550 2.8
12550 0
12550 1.51
12550 0
12551 1.09
12551 3.9
12551 5.65
12551 2.56
12551 2.62
12551 2.8
12551 0
12551 1.51
12551 0
12518 1.09
12518 3.9
12518 5.65
12518 2.56
12518 2.62
12518 2.8
12518 0
12518 1.51
12518 0
12519 1.09
12519 3.9
12519 5.65
12519 2.56
12519 2.62
12519 2.8
12519 0
12519 1.51
12519 0
12549 1.09
12549 3.9
12549 5.65
12549 2.56
12549 2.62
12549 2.8
12549 0
12549 1.51
12549 0
12635 1.09
12635 3.9
12635 5.65
12635 2.56
12635 2.62
12635 2.8
12635 0
12635 1.51
12635 0
12680 1.09
12680 3.9
12680 5.65
12680 2.56
12680 2.62
12680 2.8
12680 0
12680 1.51
12680 0
12639 1.09
12639 3.9
12639 5.65
12639 2.56
12639 2.62
12639 2.8
12639 0
12639 1.51
12639 0
12678 1.09
12678 3.9
12678 5.65
12678 2.56
12678 2.62
12678 2.8
12678 0
12678 1.51
12678 0
12679 1.09
12679 3.9
12679 5.65
12679 2.56
12679 2.62
12679 2.8
12679 0
12679 1.51
12679 0
12642 1.09
12642 3.9
12642 5.65
12642 2.56
12642 2.62
12642 2.8
12642 0
12642 1.51
12642 0
12643 1.09
12643 3.9
12643 5.65
12643 2.56
12643 2.62
12643 2.8
12643 0
12643 1.51
12643 0
12674 1.09
12674 3.9
12674 5.65
12674 2.56
12674 2.62
12674 2.8
12674 0
12674 1.51
12674 0
12675 1.09
12675 3.9
12675 5.65
12675 2.56
12675 2.62
12675 2.8
12675 0
12675 1.51
12675 0
12644 1.09
12644 3.9
12644 5.65
12644 2.56
12644 2.62
12644 2.8
12644 0
12644 1.51
12644 0
12646 1.09
12646 3.9
12646 5.65
12646 2.56
12646 2.62
12646 2.8
12646 0
12646 1.51
12646 0
12672 1.09
12672 3.9
12672 5.65
12672 2.56
12672 2.62
12672 2.8
12672 0
12672 1.51
12672 0
12673 1.09
12673 3.9
12673 5.65
12673 2.56
12673 2.62
12673 2.8
12673 0
12673 1.51
12673 0
12647 1.09
12647 3.9
12647 5.65
12647 2.56
12647 2.62
12647 2.8
12647 0
12647 1.51
12647 0
12648 1.09
12648 3.9
12648 5.65
12648 2.56
12648 2.62
12648 2.8
12648 0
12648 1.51
12648 0
12806 1.09
12806 3.9
12806 5.65
12806 2.56
12806 2.62
12806 2.8
12806 0
12806 1.51
12806 0
12752 1.09
12752 3.9
12752 5.65
12752 2.56
12752 2.62
12752 2.8
12752 0
12752 1.51
12752 0
12756 1.09
12756 3.9
12756 5.65
12756 2.56
12756 2.62
12756 2.8
12756 0
12756 1.51
12756 0
12757 1.09
12757 3.9
12757 5.65
12757 2.56
12757 2.62
12757 2.8
12757 0
12757 1.51
12757 0
12794 1.09
12794 3.9
12794 5.65
12794 2.56
12794 2.62
12794 2.8
12794 0
12794 1.51
12794 0
12795 1.09
12795 3.9
12795 5.65
12795 2.56
12795 2.62
12795 2.8
12795 0
12795 1.51
12795 0
12759 1.09
12759 3.9
12759 5.65
12759 2.56
12759 2.62
12759 2.8
12759 0
12759 1.51
12759 0
12792 1.09
12792 3.9
12792 5.65
12792 2.56
12792 2.62
12792 2.8
12792 0
12792 1.51
12792 0
12793 1.09
12793 3.9
12793 5.65
12793 2.56
12793 2.62
12793 2.8
12793 0
12793 1.51
12793 0
12760 1.09
12760 3.9
12760 5.65
12760 2.56
12760 2.62
12760 2.8
12760 0
12760 1.51
12760 0
12761 1.09
12761 3.9
12761 5.65
12761 2.56
12761 2.62
12761 2.8
12761 0
12761 1.51
12761 0
12790 1.09
12790 3.9
12790 5.65
12790 2.56
12790 2.62
12790 2.8
12790 0
12790 1.51
12790 0
12791 1.09
12791 3.9
12791 5.65
12791 2.56
12791 2.62
12791 2.8
12791 0
12791 1.51
12791 0
12763 1.09
12763 3.9
12763 5.65
12763 2.56
12763 2.62
12763 2.8
12763 0
12763 1.51
12763 0
12764 1.09
12764 3.9
12764 5.65
12764 2.56
12764 2.62
12764 2.8
12764 0
12764 1.51
12764 0
12765 1.09
12765 3.9
12765 5.65
12765 2.56
12765 2.62
12765 2.8
12765 0
12765 1.51
12765 0
12927 1.09
12927 3.9
12927 5.65
12927 2.56
12927 2.62
12927 2.8
12927 0
12927 1.51
12927 0
12872 1.09
12872 3.9
12872 5.65
12872 2.56
12872 2.62
12872 2.8
12872 0
12872 1.51
12872 0
12873 1.09
12873 3.9
12873 5.65
12873 2.56
12873 2.62
12873 2.8
12873 0
12873 1.51
12873 0
12876 1.09
12876 3.9
12876 5.65
12876 2.56
12876 2.62
12876 2.8
12876 0
12876 1.51
12876 0
12879 1.09
12879 3.9
12879 5.65
12879 2.56
12879 2.62
12879 2.8
12879 0
12879 1.51
12879 0
12909 1.09
12909 3.9
12909 5.65
12909 2.56
12909 2.62
12909 2.8
12909 0
12909 1.51
12909 0
12880 1.09
12880 3.9
12880 5.65
12880 2.56
12880 2.62
12880 2.8
12880 0
12880 1.51
12880 0
12881 1.09
12881 3.9
12881 5.65
12881 2.56
12881 2.62
12881 2.8
12881 0
12881 1.51
12881 0
12882 1.09
12882 3.9
12882 5.65
12882 2.56
12882 2.62
12882 2.8
12882 0
12882 1.51
12882 0
12883 1.09
12883 3.9
12883 5.65
12883 2.56
12883 2.62
12883 2.8
12883 0
12883 1.51
12883 0
12884 1.09
12884 3.9
12884 5.65
12884 2.56
12884 2.62
12884 2.8
12884 0
12884 1.51
12884 0
13043 1.09
13043 3.9
13043 5.65
13043 2.56
13043 2.62
13043 2.8
13043 0
13043 1.51
13043 0
13041 1.09
13041 3.9
13041 5.65
13041 2.56
13041 2.62
13041 2.8
13041 0
13041 1.51
13041 0
13040 1.09
13040 3.9
13040 5.65
13040 2.56
13040 2.62
13040 2.8
13040 0
13040 1.51
13040 0
12998 1.09
12998 3.9
12998 5.65
12998 2.56
12998 2.62
12998 2.8
12998 0
12998 1.51
12998 0
12999 1.09
12999 3.9
12999 5.65
12999 2.56
12999 2.62
12999 2.8
12999 0
12999 1.51
12999 0
13002 1.09
13002 3.9
13002 5.65
13002 2.56
13002 2.62
13002 2.8
13002 0
13002 1.51
13002 0
13003 1.09
13003 3.9
13003 5.65
13003 2.56
13003 2.62
13003 2.8
13003 0
13003 1.51
13003 0
13004 1.09
13004 3.9
13004 5.65
13004 2.56
13004 2.62
13004 2.8
13004 0
13004 1.51
13004 0
13005 1.09
13005 3.9
13005 5.65
13005 2.56
13005 2.62
13005 2.8
13005 0
13005 1.51
13005 0
13150 1.09
13150 3.9
13150 5.65
13150 2.56
13150 2.62
13150 2.8
13150 0
13150 1.51
13150 0
13149 1.09
13149 3.9
13149 5.65
13149 2.56
13149 2.62
13149 2.8
13149 0
13149 1.51
13149 0
13148 1.09
13148 3.9
13148 5.65
13148 2.56
13148 2.62
13148 2.8
13148 0
13148 1.51
13148 0
13147 1.09
13147 3.9
13147 5.65
13147 2.56
13147 2.62
13147 2.8
13147 0
13147 1.51
13147 0
13145 1.09
13145 3.9
13145 5.65
13145 2.56
13145 2.62
13145 2.8
13145 0
13145 1.51
13145 0
13110 1.09
13110 3.9
13110 5.65
13110 2.56
13110 2.62
13110 2.8
13110 0
13110 1.51
13110 0
13113 1.09
13113 3.9
13113 5.65
13113 2.56
13113 2.62
13113 2.8
13113 0
13113 1.51
13113 0
13114 1.09
13114 3.9
13114 5.65
13114 2.56
13114 2.62
13114 2.8
13114 0
13114 1.51
13114 0
13115 1.09
13115 3.9
13115 5.65
13115 2.56
13115 2.62
13115 2.8
13115 0
13115 1.51
13115 0
13116 1.09
13116 3.9
13116 5.65
13116 2.56
13116 2.62
13116 2.8
13116 0
13116 1.51
13116 0
13119 1.09
13119 3.9
13119 5.65
13119 2.56
13119 2.62
13119 2.8
13119 0
13119 1.51
13119 0
13249 1.09
13249 3.9
13249 5.65
13249 2.56
13249 2.62
13249 2.8
13249 0
13249 1.51
13249 0
13248 1.09
13248 3.9
13248 5.65
13248 2.56
13248 2.62
13248 2.8
13248 0
13248 1.51
13248 0
13247 1.09
13247 3.9
13247 5.65
13247 2.56
13247 2.62
13247 2.8
13247 0
13247 1.51
13247 0
13246 1.09
13246 3.9
13246 5.65
13246 2.56
13246 2.62
13246 2.8
13246 0
13246 1.51
13246 0
19528 1.09
19528 3.9
19528 5.65
19528 2.56
19528 2.62
19528 2.8
19528 0
19528 1.51
19528 0
13217 1.09
13217 3.9
13217 5.65
13217 2.56
13217 2.62
13217 2.8
13217 0
13217 1.51
13217 0
13218 1.09
13218 3.9
13218 5.65
13218 2.56
13218 2.62
13218 2.8
13218 0
13218 1.51
13218 0
13219 1.09
13219 3.9
13219 5.65
13219 2.56
13219 2.62
13219 2.8
13219 0
13219 1.51
13219 0
13220 1.09
13220 3.9
13220 5.65
13220 2.56
13220 2.62
13220 2.8
13220 0
13220 1.51
13220 0
13221 1.09
13221 3.9
13221 5.65
13221 2.56
13221 2.62
13221 2.8
13221 0
13221 1.51
13221 0
13341 1.09
13341 3.9
13341 5.65
13341 2.56
13341 2.62
13341 2.8
13341 0
13341 1.51
13341 0
13340 1.09
13340 3.9
13340 5.65
13340 2.56
13340 2.62
13340 2.8
13340 0
13340 1.51
13340 0
13339 1.09
13339 3.9
13339 5.65
13339 2.56
13339 2.62
13339 2.8
13339 0
13339 1.51
13339 0
13312 1.09
13312 3.9
13312 5.65
13312 2.56
13312 2.62
13312 2.8
13312 0
13312 1.51
13312 0
13314 1.09
13314 3.9
13314 5.65
13314 2.56
13314 2.62
13314 2.8
13314 0
13314 1.51
13314 0
13315 1.09
13315 3.9
13315 5.65
13315 2.56
13315 2.62
13315 2.8
13315 0
13315 1.51
13315 0
13316 1.09
13316 3.9
13316 5.65
13316 2.56
13316 2.62
13316 2.8
13316 0
13316 1.51
13316 0
13392 1.09
13392 3.9
13392 5.65
13392 2.56
13392 2.62
13392 2.8
13392 0
13392 1.51
13392 0
13394 1.09
13394 3.9
13394 5.65
13394 2.56
13394 2.62
13394 2.8
13394 0
13394 1.51
13394 0
13396 1.09
13396 3.9
13396 5.65
13396 2.56
13396 2.62
13396 2.8
13396 0
13396 1.51
13396 0
13399 1.09
13399 3.9
13399 5.65
13399 2.56
13399 2.62
13399 2.8
13399 0
13399 1.51
13399 0
13400 1.09
13400 3.9
13400 5.65
13400 2.56
13400 2.62
13400 2.8
13400 0
13400 1.51
13400 0
13475 1.09
13475 3.9
13475 5.65
13475 2.56
13475 2.62
13475 2.8
13475 0
13475 1.51
13475 0
13478 1.09
13478 3.9
13478 5.65
13478 2.56
13478 2.62
13478 2.8
13478 0
13478 1.51
13478 0
13481 1.09
13481 3.9
13481 5.65
13481 2.56
13481 2.62
13481 2.8
13481 0
13481 1.51
13481 0
13482 1.09
13482 3.9
13482 5.65
13482 2.56
13482 2.62
13482 2.8
13482 0
13482 1.51
13482 0
13548 1.09
13548 3.9
13548 5.65
13548 2.56
13548 2.62
13548 2.8
13548 0
13548 1.51
13548 0
13550 1.09
13550 3.9
13550 5.65
13550 2.56
13550 2.62
13550 2.8
13550 0
13550 1.51
13550 0
13551 1.09
13551 3.9
13551 5.65
13551 2.56
13551 2.62
13551 2.8
13551 0
13551 1.51
13551 0
13552 1.09
13552 3.9
13552 5.65
13552 2.56
13552 2.62
13552 2.8
13552 0
13552 1.51
13552 0
13553 1.09
13553 3.9
13553 5.65
13553 2.56
13553 2.62
13553 2.8
13553 0
13553 1.51
13553 0
13605 1.09
13605 3.9
13605 5.65
13605 2.56
13605 2.62
13605 2.8
13605 0
13605 1.51
13605 0
13609 1.09
13609 3.9
13609 5.65
13609 2.56
13609 2.62
13609 2.8
13609 0
13609 1.51
13609 0
13610 1.09
13610 3.9
13610 5.65
13610 2.56
13610 2.62
13610 2.8
13610 0
13610 1.51
13610 0
13611 1.09
13611 3.9
13611 5.65
13611 2.56
13611 2.62
13611 2.8
13611 0
13611 1.51
13611 0
13612 1.09
13612 3.9
13612 5.65
13612 2.56
13612 2.62
13612 2.8
13612 0
13612 1.51
13612 0
13613 1.09
13613 3.9
13613 5.65
13613 2.56
13613 2.62
13613 2.8
13613 0
13613 1.51
13613 0
13660 1.09
13660 3.9
13660 5.65
13660 2.56
13660 2.62
13660 2.8
13660 0
13660 1.51
13660 0
13661 1.09
13661 3.9
13661 5.65
13661 2.56
13661 2.62
13661 2.8
13661 0
13661 1.51
13661 0
13666 1.09
13666 3.9
13666 5.65
13666 2.56
13666 2.62
13666 2.8
13666 0
13666 1.51
13666 0
13667 1.09
13667 3.9
13667 5.65
13667 2.56
13667 2.62
13667 2.8
13667 0
13667 1.51
13667 0
13668 1.09
13668 3.9
13668 5.65
13668 2.56
13668 2.62
13668 2.8
13668 0
13668 1.51
13668 0
13669 1.09
13669 3.9
13669 5.65
13669 2.56
13669 2.62
13669 2.8
13669 0
13669 1.51
13669 0
13670 1.09
13670 3.9
13670 5.65
13670 2.56
13670 2.62
13670 2.8
13670 0
13670 1.51
13670 0
13716 1.09
13716 3.9
13716 5.65
13716 2.56
13716 2.62
13716 2.8
13716 0
13716 1.51
13716 0
13719 1.09
13719 3.9
13719 5.65
13719 2.56
13719 2.62
13719 2.8
13719 0
13719 1.51
13719 0
13720 1.09
13720 3.9
13720 5.65
13720 2.56
13720 2.62
13720 2.8
13720 0
13720 1.51
13720 0
13721 1.09
13721 3.9
13721 5.65
13721 2.56
13721 2.62
13721 2.8
13721 0
13721 1.51
13721 0
13722 1.09
13722 3.9
13722 5.65
13722 2.56
13722 2.62
13722 2.8
13722 0
13722 1.51
13722 0
13723 1.09
13723 3.9
13723 5.65
13723 2.56
13723 2.62
13723 2.8
13723 0
13723 1.51
13723 0
13724 1.09
13724 3.9
13724 5.65
13724 2.56
13724 2.62
13724 2.8
13724 0
13724 1.51
13724 0
13725 1.09
13725 3.9
13725 5.65
13725 2.56
13725 2.62
13725 2.8
13725 0
13725 1.51
13725 0
13777 1.09
13777 3.9
13777 5.65
13777 2.56
13777 2.62
13777 2.8
13777 0
13777 1.51
13777 0
13778 1.09
13778 3.9
13778 5.65
13778 2.56
13778 2.62
13778 2.8
13778 0
13778 1.51
13778 0
13779 1.09
13779 3.9
13779 5.65
13779 2.56
13779 2.62
13779 2.8
13779 0
13779 1.51
13779 0
13828 1.09
13828 3.9
13828 5.65
13828 2.56
13828 2.62
13828 2.8
13828 0
13828 1.51
13828 0
13829 1.09
13829 3.9
13829 5.65
13829 2.56
13829 2.62
13829 2.8
13829 0
13829 1.51
13829 0
13830 1.09
13830 3.9
13830 5.65
13830 2.56
13830 2.62
13830 2.8
13830 0
13830 1.51
13830 0
13887 1.09
13887 3.9
13887 5.65
13887 2.56
13887 2.62
13887 2.8
13887 0
13887 1.51
13887 0
