pt_graph cpue_kghour
13387 1.2
13387 0
13387 4.13
13387 2.21
13387 2
13387 3.15
13387 0
13387 0.05
13387 0.05
13472 1.2
13472 0
13472 4.13
13472 2.21
13472 2
13472 3.15
13472 0
13472 0.05
13472 0.05
13476 1.2
13476 0
13476 4.13
13476 2.21
13476 2
13476 3.15
13476 0
13476 0.05
13476 0.05
13477 1.2
13477 0
13477 4.13
13477 2.21
13477 2
13477 3.15
13477 0
13477 0.05
13477 0.05
13478 1.2
13478 0
13478 4.13
13478 2.21
13478 2
13478 3.15
13478 0
13478 0.05
13478 0.05
13536 1.2
13536 0
13536 4.13
13536 2.21
13536 2
13536 3.15
13536 0
13536 0.05
13536 0.05
13547 1.2
13547 0
13547 4.13
13547 2.21
13547 2
13547 3.15
13547 0
13547 0.05
13547 0.05
13551 1.2
13551 0
13551 4.13
13551 2.21
13551 2
13551 3.15
13551 0
13551 0.05
13551 0.05
13552 1.2
13552 0
13552 4.13
13552 2.21
13552 2
13552 3.15
13552 0
13552 0.05
13552 0.05
13607 1.2
13607 0
13607 4.13
13607 2.21
13607 2
13607 3.15
13607 0
13607 0.05
13607 0.05
13611 1.2
13611 0
13611 4.13
13611 2.21
13611 2
13611 3.15
13611 0
13611 0.05
13611 0.05
13613 1.2
13613 0
13613 4.13
13613 2.21
13613 2
13613 3.15
13613 0
13613 0.05
13613 0.05
13615 1.2
13615 0
13615 4.13
13615 2.21
13615 2
13615 3.15
13615 0
13615 0.05
13615 0.05
13670 1.2
13670 0
13670 4.13
13670 2.21
13670 2
13670 3.15
13670 0
13670 0.05
13670 0.05
13672 1.2
13672 0
13672 4.13
13672 2.21
13672 2
13672 3.15
13672 0
13672 0.05
13672 0.05
13673 1.2
13673 0
13673 4.13
13673 2.21
13673 2
13673 3.15
13673 0
13673 0.05
13673 0.05
13709 1.2
13709 0
13709 4.13
13709 2.21
13709 2
13709 3.15
13709 0
13709 0.05
13709 0.05
13715 1.2
13715 0
13715 4.13
13715 2.21
13715 2
13715 3.15
13715 0
13715 0.05
13715 0.05
13718 1.2
13718 0
13718 4.13
13718 2.21
13718 2
13718 3.15
13718 0
13718 0.05
13718 0.05
13722 1.2
13722 0
13722 4.13
13722 2.21
13722 2
13722 3.15
13722 0
13722 0.05
13722 0.05
13724 1.2
13724 0
13724 4.13
13724 2.21
13724 2
13724 3.15
13724 0
13724 0.05
13724 0.05
13725 1.2
13725 0
13725 4.13
13725 2.21
13725 2
13725 3.15
13725 0
13725 0.05
13725 0.05
13726 1.2
13726 0
13726 4.13
13726 2.21
13726 2
13726 3.15
13726 0
13726 0.05
13726 0.05
13727 1.2
13727 0
13727 4.13
13727 2.21
13727 2
13727 3.15
13727 0
13727 0.05
13727 0.05
13728 1.2
13728 0
13728 4.13
13728 2.21
13728 2
13728 3.15
13728 0
13728 0.05
13728 0.05
13729 1.2
13729 0
13729 4.13
13729 2.21
13729 2
13729 3.15
13729 0
13729 0.05
13729 0.05
13730 1.2
13730 0
13730 4.13
13730 2.21
13730 2
13730 3.15
13730 0
13730 0.05
13730 0.05
13760 1.2
13760 0
13760 4.13
13760 2.21
13760 2
13760 3.15
13760 0
13760 0.05
13760 0.05
13774 1.2
13774 0
13774 4.13
13774 2.21
13774 2
13774 3.15
13774 0
13774 0.05
13774 0.05
13779 1.2
13779 0
13779 4.13
13779 2.21
13779 2
13779 3.15
13779 0
13779 0.05
13779 0.05
13780 1.2
13780 0
13780 4.13
13780 2.21
13780 2
13780 3.15
13780 0
13780 0.05
13780 0.05
13781 1.2
13781 0
13781 4.13
13781 2.21
13781 2
13781 3.15
13781 0
13781 0.05
13781 0.05
13782 1.2
13782 0
13782 4.13
13782 2.21
13782 2
13782 3.15
13782 0
13782 0.05
13782 0.05
13783 1.2
13783 0
13783 4.13
13783 2.21
13783 2
13783 3.15
13783 0
13783 0.05
13783 0.05
13784 1.2
13784 0
13784 4.13
13784 2.21
13784 2
13784 3.15
13784 0
13784 0.05
13784 0.05
13785 1.2
13785 0
13785 4.13
13785 2.21
13785 2
13785 3.15
13785 0
13785 0.05
13785 0.05
13813 1.2
13813 0
13813 4.13
13813 2.21
13813 2
13813 3.15
13813 0
13813 0.05
13813 0.05
13822 1.2
13822 0
13822 4.13
13822 2.21
13822 2
13822 3.15
13822 0
13822 0.05
13822 0.05
13823 1.2
13823 0
13823 4.13
13823 2.21
13823 2
13823 3.15
13823 0
13823 0.05
13823 0.05
13830 1.2
13830 0
13830 4.13
13830 2.21
13830 2
13830 3.15
13830 0
13830 0.05
13830 0.05
13833 1.2
13833 0
13833 4.13
13833 2.21
13833 2
13833 3.15
13833 0
13833 0.05
13833 0.05
13834 1.2
13834 0
13834 4.13
13834 2.21
13834 2
13834 3.15
13834 0
13834 0.05
13834 0.05
13835 1.2
13835 0
13835 4.13
13835 2.21
13835 2
13835 3.15
13835 0
13835 0.05
13835 0.05
13836 1.2
13836 0
13836 4.13
13836 2.21
13836 2
13836 3.15
13836 0
13836 0.05
13836 0.05
13837 1.2
13837 0
13837 4.13
13837 2.21
13837 2
13837 3.15
13837 0
13837 0.05
13837 0.05
13838 1.2
13838 0
13838 4.13
13838 2.21
13838 2
13838 3.15
13838 0
13838 0.05
13838 0.05
13887 1.2
13887 0
13887 4.13
13887 2.21
13887 2
13887 3.15
13887 0
13887 0.05
13887 0.05
13889 1.2
13889 0
13889 4.13
13889 2.21
13889 2
13889 3.15
13889 0
13889 0.05
13889 0.05
13890 1.2
13890 0
13890 4.13
13890 2.21
13890 2
13890 3.15
13890 0
13890 0.05
13890 0.05
13892 1.2
13892 0
13892 4.13
13892 2.21
13892 2
13892 3.15
13892 0
13892 0.05
13892 0.05
13893 1.2
13893 0
13893 4.13
13893 2.21
13893 2
13893 3.15
13893 0
13893 0.05
13893 0.05
13940 1.2
13940 0
13940 4.13
13940 2.21
13940 2
13940 3.15
13940 0
13940 0.05
13940 0.05
13941 1.2
13941 0
13941 4.13
13941 2.21
13941 2
13941 3.15
13941 0
13941 0.05
13941 0.05
13944 1.2
13944 0
13944 4.13
13944 2.21
13944 2
13944 3.15
13944 0
13944 0.05
13944 0.05
13945 1.2
13945 0
13945 4.13
13945 2.21
13945 2
13945 3.15
13945 0
13945 0.05
13945 0.05
13946 1.2
13946 0
13946 4.13
13946 2.21
13946 2
13946 3.15
13946 0
13946 0.05
13946 0.05
13947 1.2
13947 0
13947 4.13
13947 2.21
13947 2
13947 3.15
13947 0
13947 0.05
13947 0.05
13948 1.2
13948 0
13948 4.13
13948 2.21
13948 2
13948 3.15
13948 0
13948 0.05
13948 0.05
13949 1.2
13949 0
13949 4.13
13949 2.21
13949 2
13949 3.15
13949 0
13949 0.05
13949 0.05
13950 1.2
13950 0
13950 4.13
13950 2.21
13950 2
13950 3.15
13950 0
13950 0.05
13950 0.05
13951 1.2
13951 0
13951 4.13
13951 2.21
13951 2
13951 3.15
13951 0
13951 0.05
13951 0.05
13952 1.2
13952 0
13952 4.13
13952 2.21
13952 2
13952 3.15
13952 0
13952 0.05
13952 0.05
13977 1.2
13977 0
13977 4.13
13977 2.21
13977 2
13977 3.15
13977 0
13977 0.05
13977 0.05
13986 1.2
13986 0
13986 4.13
13986 2.21
13986 2
13986 3.15
13986 0
13986 0.05
13986 0.05
13987 1.2
13987 0
13987 4.13
13987 2.21
13987 2
13987 3.15
13987 0
13987 0.05
13987 0.05
13998 1.2
13998 0
13998 4.13
13998 2.21
13998 2
13998 3.15
13998 0
13998 0.05
13998 0.05
14000 1.2
14000 0
14000 4.13
14000 2.21
14000 2
14000 3.15
14000 0
14000 0.05
14000 0.05
14002 1.2
14002 0
14002 4.13
14002 2.21
14002 2
14002 3.15
14002 0
14002 0.05
14002 0.05
14003 1.2
14003 0
14003 4.13
14003 2.21
14003 2
14003 3.15
14003 0
14003 0.05
14003 0.05
14004 1.2
14004 0
14004 4.13
14004 2.21
14004 2
14004 3.15
14004 0
14004 0.05
14004 0.05
14005 1.2
14005 0
14005 4.13
14005 2.21
14005 2
14005 3.15
14005 0
14005 0.05
14005 0.05
14006 1.2
14006 0
14006 4.13
14006 2.21
14006 2
14006 3.15
14006 0
14006 0.05
14006 0.05
14007 1.2
14007 0
14007 4.13
14007 2.21
14007 2
14007 3.15
14007 0
14007 0.05
14007 0.05
14008 1.2
14008 0
14008 4.13
14008 2.21
14008 2
14008 3.15
14008 0
14008 0.05
14008 0.05
14009 1.2
14009 0
14009 4.13
14009 2.21
14009 2
14009 3.15
14009 0
14009 0.05
14009 0.05
14043 1.2
14043 0
14043 4.13
14043 2.21
14043 2
14043 3.15
14043 0
14043 0.05
14043 0.05
14050 1.2
14050 0
14050 4.13
14050 2.21
14050 2
14050 3.15
14050 0
14050 0.05
14050 0.05
14051 1.2
14051 0
14051 4.13
14051 2.21
14051 2
14051 3.15
14051 0
14051 0.05
14051 0.05
14054 1.2
14054 0
14054 4.13
14054 2.21
14054 2
14054 3.15
14054 0
14054 0.05
14054 0.05
14055 1.2
14055 0
14055 4.13
14055 2.21
14055 2
14055 3.15
14055 0
14055 0.05
14055 0.05
14059 1.2
14059 0
14059 4.13
14059 2.21
14059 2
14059 3.15
14059 0
14059 0.05
14059 0.05
14060 1.2
14060 0
14060 4.13
14060 2.21
14060 2
14060 3.15
14060 0
14060 0.05
14060 0.05
14061 1.2
14061 0
14061 4.13
14061 2.21
14061 2
14061 3.15
14061 0
14061 0.05
14061 0.05
14062 1.2
14062 0
14062 4.13
14062 2.21
14062 2
14062 3.15
14062 0
14062 0.05
14062 0.05
14064 1.2
14064 0
14064 4.13
14064 2.21
14064 2
14064 3.15
14064 0
14064 0.05
14064 0.05
14089 1.2
14089 0
14089 4.13
14089 2.21
14089 2
14089 3.15
14089 0
14089 0.05
14089 0.05
14107 1.2
14107 0
14107 4.13
14107 2.21
14107 2
14107 3.15
14107 0
14107 0.05
14107 0.05
14109 1.2
14109 0
14109 4.13
14109 2.21
14109 2
14109 3.15
14109 0
14109 0.05
14109 0.05
14110 1.2
14110 0
14110 4.13
14110 2.21
14110 2
14110 3.15
14110 0
14110 0.05
14110 0.05
14111 1.2
14111 0
14111 4.13
14111 2.21
14111 2
14111 3.15
14111 0
14111 0.05
14111 0.05
14112 1.2
14112 0
14112 4.13
14112 2.21
14112 2
14112 3.15
14112 0
14112 0.05
14112 0.05
14113 1.2
14113 0
14113 4.13
14113 2.21
14113 2
14113 3.15
14113 0
14113 0.05
14113 0.05
14114 1.2
14114 0
14114 4.13
14114 2.21
14114 2
14114 3.15
14114 0
14114 0.05
14114 0.05
14115 1.2
14115 0
14115 4.13
14115 2.21
14115 2
14115 3.15
14115 0
14115 0.05
14115 0.05
14144 1.2
14144 0
14144 4.13
14144 2.21
14144 2
14144 3.15
14144 0
14144 0.05
14144 0.05
14151 1.2
14151 0
14151 4.13
14151 2.21
14151 2
14151 3.15
14151 0
14151 0.05
14151 0.05
14152 1.2
14152 0
14152 4.13
14152 2.21
14152 2
14152 3.15
14152 0
14152 0.05
14152 0.05
14154 1.2
14154 0
14154 4.13
14154 2.21
14154 2
14154 3.15
14154 0
14154 0.05
14154 0.05
14160 1.2
14160 0
14160 4.13
14160 2.21
14160 2
14160 3.15
14160 0
14160 0.05
14160 0.05
14161 1.2
14161 0
14161 4.13
14161 2.21
14161 2
14161 3.15
14161 0
14161 0.05
14161 0.05
14163 1.2
14163 0
14163 4.13
14163 2.21
14163 2
14163 3.15
14163 0
14163 0.05
14163 0.05
14164 1.2
14164 0
14164 4.13
14164 2.21
14164 2
14164 3.15
14164 0
14164 0.05
14164 0.05
14165 1.2
14165 0
14165 4.13
14165 2.21
14165 2
14165 3.15
14165 0
14165 0.05
14165 0.05
14167 1.2
14167 0
14167 4.13
14167 2.21
14167 2
14167 3.15
14167 0
14167 0.05
14167 0.05
14169 1.2
14169 0
14169 4.13
14169 2.21
14169 2
14169 3.15
14169 0
14169 0.05
14169 0.05
14194 1.2
14194 0
14194 4.13
14194 2.21
14194 2
14194 3.15
14194 0
14194 0.05
14194 0.05
14197 1.2
14197 0
14197 4.13
14197 2.21
14197 2
14197 3.15
14197 0
14197 0.05
14197 0.05
14200 1.2
14200 0
14200 4.13
14200 2.21
14200 2
14200 3.15
14200 0
14200 0.05
14200 0.05
14201 1.2
14201 0
14201 4.13
14201 2.21
14201 2
14201 3.15
14201 0
14201 0.05
14201 0.05
14209 1.2
14209 0
14209 4.13
14209 2.21
14209 2
14209 3.15
14209 0
14209 0.05
14209 0.05
14211 1.2
14211 0
14211 4.13
14211 2.21
14211 2
14211 3.15
14211 0
14211 0.05
14211 0.05
14214 1.2
14214 0
14214 4.13
14214 2.21
14214 2
14214 3.15
14214 0
14214 0.05
14214 0.05
14216 1.2
14216 0
14216 4.13
14216 2.21
14216 2
14216 3.15
14216 0
14216 0.05
14216 0.05
14217 1.2
14217 0
14217 4.13
14217 2.21
14217 2
14217 3.15
14217 0
14217 0.05
14217 0.05
14240 1.2
14240 0
14240 4.13
14240 2.21
14240 2
14240 3.15
14240 0
14240 0.05
14240 0.05
14241 1.2
14241 0
14241 4.13
14241 2.21
14241 2
14241 3.15
14241 0
14241 0.05
14241 0.05
14242 1.2
14242 0
14242 4.13
14242 2.21
14242 2
14242 3.15
14242 0
14242 0.05
14242 0.05
14247 1.2
14247 0
14247 4.13
14247 2.21
14247 2
14247 3.15
14247 0
14247 0.05
14247 0.05
14248 1.2
14248 0
14248 4.13
14248 2.21
14248 2
14248 3.15
14248 0
14248 0.05
14248 0.05
14250 1.2
14250 0
14250 4.13
14250 2.21
14250 2
14250 3.15
14250 0
14250 0.05
14250 0.05
14256 1.2
14256 0
14256 4.13
14256 2.21
14256 2
14256 3.15
14256 0
14256 0.05
14256 0.05
14257 1.2
14257 0
14257 4.13
14257 2.21
14257 2
14257 3.15
14257 0
14257 0.05
14257 0.05
14258 1.2
14258 0
14258 4.13
14258 2.21
14258 2
14258 3.15
14258 0
14258 0.05
14258 0.05
14260 1.2
14260 0
14260 4.13
14260 2.21
14260 2
14260 3.15
14260 0
14260 0.05
14260 0.05
14261 1.2
14261 0
14261 4.13
14261 2.21
14261 2
14261 3.15
14261 0
14261 0.05
14261 0.05
14264 1.2
14264 0
14264 4.13
14264 2.21
14264 2
14264 3.15
14264 0
14264 0.05
14264 0.05
14285 1.2
14285 0
14285 4.13
14285 2.21
14285 2
14285 3.15
14285 0
14285 0.05
14285 0.05
14290 1.2
14290 0
14290 4.13
14290 2.21
14290 2
14290 3.15
14290 0
14290 0.05
14290 0.05
14291 1.2
14291 0
14291 4.13
14291 2.21
14291 2
14291 3.15
14291 0
14291 0.05
14291 0.05
14295 1.2
14295 0
14295 4.13
14295 2.21
14295 2
14295 3.15
14295 0
14295 0.05
14295 0.05
14298 1.2
14298 0
14298 4.13
14298 2.21
14298 2
14298 3.15
14298 0
14298 0.05
14298 0.05
14299 1.2
14299 0
14299 4.13
14299 2.21
14299 2
14299 3.15
14299 0
14299 0.05
14299 0.05
14303 1.2
14303 0
14303 4.13
14303 2.21
14303 2
14303 3.15
14303 0
14303 0.05
14303 0.05
14304 1.2
14304 0
14304 4.13
14304 2.21
14304 2
14304 3.15
14304 0
14304 0.05
14304 0.05
14305 1.2
14305 0
14305 4.13
14305 2.21
14305 2
14305 3.15
14305 0
14305 0.05
14305 0.05
14306 1.2
14306 0
14306 4.13
14306 2.21
14306 2
14306 3.15
14306 0
14306 0.05
14306 0.05
14308 1.2
14308 0
14308 4.13
14308 2.21
14308 2
14308 3.15
14308 0
14308 0.05
14308 0.05
14310 1.2
14310 0
14310 4.13
14310 2.21
14310 2
14310 3.15
14310 0
14310 0.05
14310 0.05
14311 1.2
14311 0
14311 4.13
14311 2.21
14311 2
14311 3.15
14311 0
14311 0.05
14311 0.05
14337 1.2
14337 0
14337 4.13
14337 2.21
14337 2
14337 3.15
14337 0
14337 0.05
14337 0.05
14338 1.2
14338 0
14338 4.13
14338 2.21
14338 2
14338 3.15
14338 0
14338 0.05
14338 0.05
14344 1.2
14344 0
14344 4.13
14344 2.21
14344 2
14344 3.15
14344 0
14344 0.05
14344 0.05
14345 1.2
14345 0
14345 4.13
14345 2.21
14345 2
14345 3.15
14345 0
14345 0.05
14345 0.05
14347 1.2
14347 0
14347 4.13
14347 2.21
14347 2
14347 3.15
14347 0
14347 0.05
14347 0.05
14348 1.2
14348 0
14348 4.13
14348 2.21
14348 2
14348 3.15
14348 0
14348 0.05
14348 0.05
14349 1.2
14349 0
14349 4.13
14349 2.21
14349 2
14349 3.15
14349 0
14349 0.05
14349 0.05
14350 1.2
14350 0
14350 4.13
14350 2.21
14350 2
14350 3.15
14350 0
14350 0.05
14350 0.05
14351 1.2
14351 0
14351 4.13
14351 2.21
14351 2
14351 3.15
14351 0
14351 0.05
14351 0.05
14352 1.2
14352 0
14352 4.13
14352 2.21
14352 2
14352 3.15
14352 0
14352 0.05
14352 0.05
14353 1.2
14353 0
14353 4.13
14353 2.21
14353 2
14353 3.15
14353 0
14353 0.05
14353 0.05
14355 1.2
14355 0
14355 4.13
14355 2.21
14355 2
14355 3.15
14355 0
14355 0.05
14355 0.05
14375 1.2
14375 0
14375 4.13
14375 2.21
14375 2
14375 3.15
14375 0
14375 0.05
14375 0.05
14380 1.2
14380 0
14380 4.13
14380 2.21
14380 2
14380 3.15
14380 0
14380 0.05
14380 0.05
14381 1.2
14381 0
14381 4.13
14381 2.21
14381 2
14381 3.15
14381 0
14381 0.05
14381 0.05
14383 1.2
14383 0
14383 4.13
14383 2.21
14383 2
14383 3.15
14383 0
14383 0.05
14383 0.05
14385 1.2
14385 0
14385 4.13
14385 2.21
14385 2
14385 3.15
14385 0
14385 0.05
14385 0.05
14386 1.2
14386 0
14386 4.13
14386 2.21
14386 2
14386 3.15
14386 0
14386 0.05
14386 0.05
14388 1.2
14388 0
14388 4.13
14388 2.21
14388 2
14388 3.15
14388 0
14388 0.05
14388 0.05
14389 1.2
14389 0
14389 4.13
14389 2.21
14389 2
14389 3.15
14389 0
14389 0.05
14389 0.05
14390 1.2
14390 0
14390 4.13
14390 2.21
14390 2
14390 3.15
14390 0
14390 0.05
14390 0.05
14391 1.2
14391 0
14391 4.13
14391 2.21
14391 2
14391 3.15
14391 0
14391 0.05
14391 0.05
14392 1.2
14392 0
14392 4.13
14392 2.21
14392 2
14392 3.15
14392 0
14392 0.05
14392 0.05
14394 1.2
14394 0
14394 4.13
14394 2.21
14394 2
14394 3.15
14394 0
14394 0.05
14394 0.05
14395 1.2
14395 0
14395 4.13
14395 2.21
14395 2
14395 3.15
14395 0
14395 0.05
14395 0.05
14396 1.2
14396 0
14396 4.13
14396 2.21
14396 2
14396 3.15
14396 0
14396 0.05
14396 0.05
14397 1.2
14397 0
14397 4.13
14397 2.21
14397 2
14397 3.15
14397 0
14397 0.05
14397 0.05
14418 1.2
14418 0
14418 4.13
14418 2.21
14418 2
14418 3.15
14418 0
14418 0.05
14418 0.05
14422 1.2
14422 0
14422 4.13
14422 2.21
14422 2
14422 3.15
14422 0
14422 0.05
14422 0.05
14423 1.2
14423 0
14423 4.13
14423 2.21
14423 2
14423 3.15
14423 0
14423 0.05
14423 0.05
14424 1.2
14424 0
14424 4.13
14424 2.21
14424 2
14424 3.15
14424 0
14424 0.05
14424 0.05
14425 1.2
14425 0
14425 4.13
14425 2.21
14425 2
14425 3.15
14425 0
14425 0.05
14425 0.05
14426 1.2
14426 0
14426 4.13
14426 2.21
14426 2
14426 3.15
14426 0
14426 0.05
14426 0.05
14427 1.2
14427 0
14427 4.13
14427 2.21
14427 2
14427 3.15
14427 0
14427 0.05
14427 0.05
14428 1.2
14428 0
14428 4.13
14428 2.21
14428 2
14428 3.15
14428 0
14428 0.05
14428 0.05
14430 1.2
14430 0
14430 4.13
14430 2.21
14430 2
14430 3.15
14430 0
14430 0.05
14430 0.05
14432 1.2
14432 0
14432 4.13
14432 2.21
14432 2
14432 3.15
14432 0
14432 0.05
14432 0.05
14433 1.2
14433 0
14433 4.13
14433 2.21
14433 2
14433 3.15
14433 0
14433 0.05
14433 0.05
14435 1.2
14435 0
14435 4.13
14435 2.21
14435 2
14435 3.15
14435 0
14435 0.05
14435 0.05
14436 1.2
14436 0
14436 4.13
14436 2.21
14436 2
14436 3.15
14436 0
14436 0.05
14436 0.05
14437 1.2
14437 0
14437 4.13
14437 2.21
14437 2
14437 3.15
14437 0
14437 0.05
14437 0.05
14438 1.2
14438 0
14438 4.13
14438 2.21
14438 2
14438 3.15
14438 0
14438 0.05
14438 0.05
14462 1.2
14462 0
14462 4.13
14462 2.21
14462 2
14462 3.15
14462 0
14462 0.05
14462 0.05
14463 1.2
14463 0
14463 4.13
14463 2.21
14463 2
14463 3.15
14463 0
14463 0.05
14463 0.05
14464 1.2
14464 0
14464 4.13
14464 2.21
14464 2
14464 3.15
14464 0
14464 0.05
14464 0.05
14470 1.2
14470 0
14470 4.13
14470 2.21
14470 2
14470 3.15
14470 0
14470 0.05
14470 0.05
14472 1.2
14472 0
14472 4.13
14472 2.21
14472 2
14472 3.15
14472 0
14472 0.05
14472 0.05
14473 1.2
14473 0
14473 4.13
14473 2.21
14473 2
14473 3.15
14473 0
14473 0.05
14473 0.05
14474 1.2
14474 0
14474 4.13
14474 2.21
14474 2
14474 3.15
14474 0
14474 0.05
14474 0.05
14475 1.2
14475 0
14475 4.13
14475 2.21
14475 2
14475 3.15
14475 0
14475 0.05
14475 0.05
14493 1.2
14493 0
14493 4.13
14493 2.21
14493 2
14493 3.15
14493 0
14493 0.05
14493 0.05
14499 1.2
14499 0
14499 4.13
14499 2.21
14499 2
14499 3.15
14499 0
14499 0.05
14499 0.05
14500 1.2
14500 0
14500 4.13
14500 2.21
14500 2
14500 3.15
14500 0
14500 0.05
14500 0.05
14501 1.2
14501 0
14501 4.13
14501 2.21
14501 2
14501 3.15
14501 0
14501 0.05
14501 0.05
14502 1.2
14502 0
14502 4.13
14502 2.21
14502 2
14502 3.15
14502 0
14502 0.05
14502 0.05
14504 1.2
14504 0
14504 4.13
14504 2.21
14504 2
14504 3.15
14504 0
14504 0.05
14504 0.05
14507 1.2
14507 0
14507 4.13
14507 2.21
14507 2
14507 3.15
14507 0
14507 0.05
14507 0.05
14508 1.2
14508 0
14508 4.13
14508 2.21
14508 2
14508 3.15
14508 0
14508 0.05
14508 0.05
14509 1.2
14509 0
14509 4.13
14509 2.21
14509 2
14509 3.15
14509 0
14509 0.05
14509 0.05
14531 1.2
14531 0
14531 4.13
14531 2.21
14531 2
14531 3.15
14531 0
14531 0.05
14531 0.05
14533 1.2
14533 0
14533 4.13
14533 2.21
14533 2
14533 3.15
14533 0
14533 0.05
14533 0.05
14534 1.2
14534 0
14534 4.13
14534 2.21
14534 2
14534 3.15
14534 0
14534 0.05
14534 0.05
14535 1.2
14535 0
14535 4.13
14535 2.21
14535 2
14535 3.15
14535 0
14535 0.05
14535 0.05
14536 1.2
14536 0
14536 4.13
14536 2.21
14536 2
14536 3.15
14536 0
14536 0.05
14536 0.05
14538 1.2
14538 0
14538 4.13
14538 2.21
14538 2
14538 3.15
14538 0
14538 0.05
14538 0.05
14540 1.2
14540 0
14540 4.13
14540 2.21
14540 2
14540 3.15
14540 0
14540 0.05
14540 0.05
14558 1.2
14558 0
14558 4.13
14558 2.21
14558 2
14558 3.15
14558 0
14558 0.05
14558 0.05
14559 1.2
14559 0
14559 4.13
14559 2.21
14559 2
14559 3.15
14559 0
14559 0.05
14559 0.05
14561 1.2
14561 0
14561 4.13
14561 2.21
14561 2
14561 3.15
14561 0
14561 0.05
14561 0.05
14564 1.2
14564 0
14564 4.13
14564 2.21
14564 2
14564 3.15
14564 0
14564 0.05
14564 0.05
14567 1.2
14567 0
14567 4.13
14567 2.21
14567 2
14567 3.15
14567 0
14567 0.05
14567 0.05
14568 1.2
14568 0
14568 4.13
14568 2.21
14568 2
14568 3.15
14568 0
14568 0.05
14568 0.05
14569 1.2
14569 0
14569 4.13
14569 2.21
14569 2
14569 3.15
14569 0
14569 0.05
14569 0.05
14570 1.2
14570 0
14570 4.13
14570 2.21
14570 2
14570 3.15
14570 0
14570 0.05
14570 0.05
14571 1.2
14571 0
14571 4.13
14571 2.21
14571 2
14571 3.15
14571 0
14571 0.05
14571 0.05
14572 1.2
14572 0
14572 4.13
14572 2.21
14572 2
14572 3.15
14572 0
14572 0.05
14572 0.05
14573 1.2
14573 0
14573 4.13
14573 2.21
14573 2
14573 3.15
14573 0
14573 0.05
14573 0.05
14594 1.2
14594 0
14594 4.13
14594 2.21
14594 2
14594 3.15
14594 0
14594 0.05
14594 0.05
14596 1.2
14596 0
14596 4.13
14596 2.21
14596 2
14596 3.15
14596 0
14596 0.05
14596 0.05
14598 1.2
14598 0
14598 4.13
14598 2.21
14598 2
14598 3.15
14598 0
14598 0.05
14598 0.05
14599 1.2
14599 0
14599 4.13
14599 2.21
14599 2
14599 3.15
14599 0
14599 0.05
14599 0.05
14600 1.2
14600 0
14600 4.13
14600 2.21
14600 2
14600 3.15
14600 0
14600 0.05
14600 0.05
14601 1.2
14601 0
14601 4.13
14601 2.21
14601 2
14601 3.15
14601 0
14601 0.05
14601 0.05
14603 1.2
14603 0
14603 4.13
14603 2.21
14603 2
14603 3.15
14603 0
14603 0.05
14603 0.05
14604 1.2
14604 0
14604 4.13
14604 2.21
14604 2
14604 3.15
14604 0
14604 0.05
14604 0.05
14605 1.2
14605 0
14605 4.13
14605 2.21
14605 2
14605 3.15
14605 0
14605 0.05
14605 0.05
14606 1.2
14606 0
14606 4.13
14606 2.21
14606 2
14606 3.15
14606 0
14606 0.05
14606 0.05
14607 1.2
14607 0
14607 4.13
14607 2.21
14607 2
14607 3.15
14607 0
14607 0.05
14607 0.05
14628 1.2
14628 0
14628 4.13
14628 2.21
14628 2
14628 3.15
14628 0
14628 0.05
14628 0.05
14629 1.2
14629 0
14629 4.13
14629 2.21
14629 2
14629 3.15
14629 0
14629 0.05
14629 0.05
14631 1.2
14631 0
14631 4.13
14631 2.21
14631 2
14631 3.15
14631 0
14631 0.05
14631 0.05
14632 1.2
14632 0
14632 4.13
14632 2.21
14632 2
14632 3.15
14632 0
14632 0.05
14632 0.05
14633 1.2
14633 0
14633 4.13
14633 2.21
14633 2
14633 3.15
14633 0
14633 0.05
14633 0.05
14634 1.2
14634 0
14634 4.13
14634 2.21
14634 2
14634 3.15
14634 0
14634 0.05
14634 0.05
14635 1.2
14635 0
14635 4.13
14635 2.21
14635 2
14635 3.15
14635 0
14635 0.05
14635 0.05
14636 1.2
14636 0
14636 4.13
14636 2.21
14636 2
14636 3.15
14636 0
14636 0.05
14636 0.05
14637 1.2
14637 0
14637 4.13
14637 2.21
14637 2
14637 3.15
14637 0
14637 0.05
14637 0.05
14640 1.2
14640 0
14640 4.13
14640 2.21
14640 2
14640 3.15
14640 0
14640 0.05
14640 0.05
14641 1.2
14641 0
14641 4.13
14641 2.21
14641 2
14641 3.15
14641 0
14641 0.05
14641 0.05
14660 1.2
14660 0
14660 4.13
14660 2.21
14660 2
14660 3.15
14660 0
14660 0.05
14660 0.05
14662 1.2
14662 0
14662 4.13
14662 2.21
14662 2
14662 3.15
14662 0
14662 0.05
14662 0.05
14664 1.2
14664 0
14664 4.13
14664 2.21
14664 2
14664 3.15
14664 0
14664 0.05
14664 0.05
14665 1.2
14665 0
14665 4.13
14665 2.21
14665 2
14665 3.15
14665 0
14665 0.05
14665 0.05
14666 1.2
14666 0
14666 4.13
14666 2.21
14666 2
14666 3.15
14666 0
14666 0.05
14666 0.05
14667 1.2
14667 0
14667 4.13
14667 2.21
14667 2
14667 3.15
14667 0
14667 0.05
14667 0.05
14670 1.2
14670 0
14670 4.13
14670 2.21
14670 2
14670 3.15
14670 0
14670 0.05
14670 0.05
14673 1.2
14673 0
14673 4.13
14673 2.21
14673 2
14673 3.15
14673 0
14673 0.05
14673 0.05
14674 1.2
14674 0
14674 4.13
14674 2.21
14674 2
14674 3.15
14674 0
14674 0.05
14674 0.05
14698 1.2
14698 0
14698 4.13
14698 2.21
14698 2
14698 3.15
14698 0
14698 0.05
14698 0.05
14699 1.2
14699 0
14699 4.13
14699 2.21
14699 2
14699 3.15
14699 0
14699 0.05
14699 0.05
14700 1.2
14700 0
14700 4.13
14700 2.21
14700 2
14700 3.15
14700 0
14700 0.05
14700 0.05
14703 1.2
14703 0
14703 4.13
14703 2.21
14703 2
14703 3.15
14703 0
14703 0.05
14703 0.05
14704 1.2
14704 0
14704 4.13
14704 2.21
14704 2
14704 3.15
14704 0
14704 0.05
14704 0.05
14707 1.2
14707 0
14707 4.13
14707 2.21
14707 2
14707 3.15
14707 0
14707 0.05
14707 0.05
14730 1.2
14730 0
14730 4.13
14730 2.21
14730 2
14730 3.15
14730 0
14730 0.05
14730 0.05
14731 1.2
14731 0
14731 4.13
14731 2.21
14731 2
14731 3.15
14731 0
14731 0.05
14731 0.05
14733 1.2
14733 0
14733 4.13
14733 2.21
14733 2
14733 3.15
14733 0
14733 0.05
14733 0.05
14734 1.2
14734 0
14734 4.13
14734 2.21
14734 2
14734 3.15
14734 0
14734 0.05
14734 0.05
14735 1.2
14735 0
14735 4.13
14735 2.21
14735 2
14735 3.15
14735 0
14735 0.05
14735 0.05
14737 1.2
14737 0
14737 4.13
14737 2.21
14737 2
14737 3.15
14737 0
14737 0.05
14737 0.05
14738 1.2
14738 0
14738 4.13
14738 2.21
14738 2
14738 3.15
14738 0
14738 0.05
14738 0.05
14739 1.2
14739 0
14739 4.13
14739 2.21
14739 2
14739 3.15
14739 0
14739 0.05
14739 0.05
14761 1.2
14761 0
14761 4.13
14761 2.21
14761 2
14761 3.15
14761 0
14761 0.05
14761 0.05
14762 1.2
14762 0
14762 4.13
14762 2.21
14762 2
14762 3.15
14762 0
14762 0.05
14762 0.05
14766 1.2
14766 0
14766 4.13
14766 2.21
14766 2
14766 3.15
14766 0
14766 0.05
14766 0.05
14768 1.2
14768 0
14768 4.13
14768 2.21
14768 2
14768 3.15
14768 0
14768 0.05
14768 0.05
14769 1.2
14769 0
14769 4.13
14769 2.21
14769 2
14769 3.15
14769 0
14769 0.05
14769 0.05
14770 1.2
14770 0
14770 4.13
14770 2.21
14770 2
14770 3.15
14770 0
14770 0.05
14770 0.05
14793 1.2
14793 0
14793 4.13
14793 2.21
14793 2
14793 3.15
14793 0
14793 0.05
14793 0.05
14794 1.2
14794 0
14794 4.13
14794 2.21
14794 2
14794 3.15
14794 0
14794 0.05
14794 0.05
14795 1.2
14795 0
14795 4.13
14795 2.21
14795 2
14795 3.15
14795 0
14795 0.05
14795 0.05
14796 1.2
14796 0
14796 4.13
14796 2.21
14796 2
14796 3.15
14796 0
14796 0.05
14796 0.05
14797 1.2
14797 0
14797 4.13
14797 2.21
14797 2
14797 3.15
14797 0
14797 0.05
14797 0.05
14798 1.2
14798 0
14798 4.13
14798 2.21
14798 2
14798 3.15
14798 0
14798 0.05
14798 0.05
14799 1.2
14799 0
14799 4.13
14799 2.21
14799 2
14799 3.15
14799 0
14799 0.05
14799 0.05
14800 1.2
14800 0
14800 4.13
14800 2.21
14800 2
14800 3.15
14800 0
14800 0.05
14800 0.05
14802 1.2
14802 0
14802 4.13
14802 2.21
14802 2
14802 3.15
14802 0
14802 0.05
14802 0.05
14825 1.2
14825 0
14825 4.13
14825 2.21
14825 2
14825 3.15
14825 0
14825 0.05
14825 0.05
14826 1.2
14826 0
14826 4.13
14826 2.21
14826 2
14826 3.15
14826 0
14826 0.05
14826 0.05
14827 1.2
14827 0
14827 4.13
14827 2.21
14827 2
14827 3.15
14827 0
14827 0.05
14827 0.05
14828 1.2
14828 0
14828 4.13
14828 2.21
14828 2
14828 3.15
14828 0
14828 0.05
14828 0.05
14829 1.2
14829 0
14829 4.13
14829 2.21
14829 2
14829 3.15
14829 0
14829 0.05
14829 0.05
14830 1.2
14830 0
14830 4.13
14830 2.21
14830 2
14830 3.15
14830 0
14830 0.05
14830 0.05
14831 1.2
14831 0
14831 4.13
14831 2.21
14831 2
14831 3.15
14831 0
14831 0.05
14831 0.05
14855 1.2
14855 0
14855 4.13
14855 2.21
14855 2
14855 3.15
14855 0
14855 0.05
14855 0.05
14857 1.2
14857 0
14857 4.13
14857 2.21
14857 2
14857 3.15
14857 0
14857 0.05
14857 0.05
14884 1.2
14884 0
14884 4.13
14884 2.21
14884 2
14884 3.15
14884 0
14884 0.05
14884 0.05
14886 1.2
14886 0
14886 4.13
14886 2.21
14886 2
14886 3.15
14886 0
14886 0.05
14886 0.05
14887 1.2
14887 0
14887 4.13
14887 2.21
14887 2
14887 3.15
14887 0
14887 0.05
14887 0.05
14911 1.2
14911 0
14911 4.13
14911 2.21
14911 2
14911 3.15
14911 0
14911 0.05
14911 0.05
14913 1.2
14913 0
14913 4.13
14913 2.21
14913 2
14913 3.15
14913 0
14913 0.05
14913 0.05
14915 1.2
14915 0
14915 4.13
14915 2.21
14915 2
14915 3.15
14915 0
14915 0.05
14915 0.05
14939 1.2
14939 0
14939 4.13
14939 2.21
14939 2
14939 3.15
14939 0
14939 0.05
14939 0.05
14940 1.2
14940 0
14940 4.13
14940 2.21
14940 2
14940 3.15
14940 0
14940 0.05
14940 0.05
14990 1.2
14990 0
14990 4.13
14990 2.21
14990 2
14990 3.15
14990 0
14990 0.05
14990 0.05
15011 1.2
15011 0
15011 4.13
15011 2.21
15011 2
15011 3.15
15011 0
15011 0.05
15011 0.05
15013 1.2
15013 0
15013 4.13
15013 2.21
15013 2
15013 3.15
15013 0
15013 0.05
15013 0.05
15014 1.2
15014 0
15014 4.13
15014 2.21
15014 2
15014 3.15
15014 0
15014 0.05
15014 0.05
15034 1.2
15034 0
15034 4.13
15034 2.21
15034 2
15034 3.15
15034 0
15034 0.05
15034 0.05
15036 1.2
15036 0
15036 4.13
15036 2.21
15036 2
15036 3.15
15036 0
15036 0.05
15036 0.05
15037 1.2
15037 0
15037 4.13
15037 2.21
15037 2
15037 3.15
15037 0
15037 0.05
15037 0.05
15038 1.2
15038 0
15038 4.13
15038 2.21
15038 2
15038 3.15
15038 0
15038 0.05
15038 0.05
15039 1.2
15039 0
15039 4.13
15039 2.21
15039 2
15039 3.15
15039 0
15039 0.05
15039 0.05
15040 1.2
15040 0
15040 4.13
15040 2.21
15040 2
15040 3.15
15040 0
15040 0.05
15040 0.05
15043 1.2
15043 0
15043 4.13
15043 2.21
15043 2
15043 3.15
15043 0
15043 0.05
15043 0.05
15062 1.2
15062 0
15062 4.13
15062 2.21
15062 2
15062 3.15
15062 0
15062 0.05
15062 0.05
15063 1.2
15063 0
15063 4.13
15063 2.21
15063 2
15063 3.15
15063 0
15063 0.05
15063 0.05
15064 1.2
15064 0
15064 4.13
15064 2.21
15064 2
15064 3.15
15064 0
15064 0.05
15064 0.05
15065 1.2
15065 0
15065 4.13
15065 2.21
15065 2
15065 3.15
15065 0
15065 0.05
15065 0.05
15066 1.2
15066 0
15066 4.13
15066 2.21
15066 2
15066 3.15
15066 0
15066 0.05
15066 0.05
15067 1.2
15067 0
15067 4.13
15067 2.21
15067 2
15067 3.15
15067 0
15067 0.05
15067 0.05
15068 1.2
15068 0
15068 4.13
15068 2.21
15068 2
15068 3.15
15068 0
15068 0.05
15068 0.05
15070 1.2
15070 0
15070 4.13
15070 2.21
15070 2
15070 3.15
15070 0
15070 0.05
15070 0.05
15093 1.2
15093 0
15093 4.13
15093 2.21
15093 2
15093 3.15
15093 0
15093 0.05
15093 0.05
15094 1.2
15094 0
15094 4.13
15094 2.21
15094 2
15094 3.15
15094 0
15094 0.05
15094 0.05
15095 1.2
15095 0
15095 4.13
15095 2.21
15095 2
15095 3.15
15095 0
15095 0.05
15095 0.05
15096 1.2
15096 0
15096 4.13
15096 2.21
15096 2
15096 3.15
15096 0
15096 0.05
15096 0.05
15097 1.2
15097 0
15097 4.13
15097 2.21
15097 2
15097 3.15
15097 0
15097 0.05
15097 0.05
15098 1.2
15098 0
15098 4.13
15098 2.21
15098 2
15098 3.15
15098 0
15098 0.05
15098 0.05
15099 1.2
15099 0
15099 4.13
15099 2.21
15099 2
15099 3.15
15099 0
15099 0.05
15099 0.05
15100 1.2
15100 0
15100 4.13
15100 2.21
15100 2
15100 3.15
15100 0
15100 0.05
15100 0.05
15128 1.2
15128 0
15128 4.13
15128 2.21
15128 2
15128 3.15
15128 0
15128 0.05
15128 0.05
15131 1.2
15131 0
15131 4.13
15131 2.21
15131 2
15131 3.15
15131 0
15131 0.05
15131 0.05
15132 1.2
15132 0
15132 4.13
15132 2.21
15132 2
15132 3.15
15132 0
15132 0.05
15132 0.05
15133 1.2
15133 0
15133 4.13
15133 2.21
15133 2
15133 3.15
15133 0
15133 0.05
15133 0.05
15134 1.2
15134 0
15134 4.13
15134 2.21
15134 2
15134 3.15
15134 0
15134 0.05
15134 0.05
15135 1.2
15135 0
15135 4.13
15135 2.21
15135 2
15135 3.15
15135 0
15135 0.05
15135 0.05
15136 1.2
15136 0
15136 4.13
15136 2.21
15136 2
15136 3.15
15136 0
15136 0.05
15136 0.05
15137 1.2
15137 0
15137 4.13
15137 2.21
15137 2
15137 3.15
15137 0
15137 0.05
15137 0.05
15169 1.2
15169 0
15169 4.13
15169 2.21
15169 2
15169 3.15
15169 0
15169 0.05
15169 0.05
15170 1.2
15170 0
15170 4.13
15170 2.21
15170 2
15170 3.15
15170 0
15170 0.05
15170 0.05
15172 1.2
15172 0
15172 4.13
15172 2.21
15172 2
15172 3.15
15172 0
15172 0.05
15172 0.05
15173 1.2
15173 0
15173 4.13
15173 2.21
15173 2
15173 3.15
15173 0
15173 0.05
15173 0.05
15174 1.2
15174 0
15174 4.13
15174 2.21
15174 2
15174 3.15
15174 0
15174 0.05
15174 0.05
15175 1.2
15175 0
15175 4.13
15175 2.21
15175 2
15175 3.15
15175 0
15175 0.05
15175 0.05
15176 1.2
15176 0
15176 4.13
15176 2.21
15176 2
15176 3.15
15176 0
15176 0.05
15176 0.05
15177 1.2
15177 0
15177 4.13
15177 2.21
15177 2
15177 3.15
15177 0
15177 0.05
15177 0.05
15178 1.2
15178 0
15178 4.13
15178 2.21
15178 2
15178 3.15
15178 0
15178 0.05
15178 0.05
15213 1.2
15213 0
15213 4.13
15213 2.21
15213 2
15213 3.15
15213 0
15213 0.05
15213 0.05
15216 1.2
15216 0
15216 4.13
15216 2.21
15216 2
15216 3.15
15216 0
15216 0.05
15216 0.05
15217 1.2
15217 0
15217 4.13
15217 2.21
15217 2
15217 3.15
15217 0
15217 0.05
15217 0.05
15218 1.2
15218 0
15218 4.13
15218 2.21
15218 2
15218 3.15
15218 0
15218 0.05
15218 0.05
15219 1.2
15219 0
15219 4.13
15219 2.21
15219 2
15219 3.15
15219 0
15219 0.05
15219 0.05
15220 1.2
15220 0
15220 4.13
15220 2.21
15220 2
15220 3.15
15220 0
15220 0.05
15220 0.05
15221 1.2
15221 0
15221 4.13
15221 2.21
15221 2
15221 3.15
15221 0
15221 0.05
15221 0.05
15222 1.2
15222 0
15222 4.13
15222 2.21
15222 2
15222 3.15
15222 0
15222 0.05
15222 0.05
15260 1.2
15260 0
15260 4.13
15260 2.21
15260 2
15260 3.15
15260 0
15260 0.05
15260 0.05
15261 1.2
15261 0
15261 4.13
15261 2.21
15261 2
15261 3.15
15261 0
15261 0.05
15261 0.05
15262 1.2
15262 0
15262 4.13
15262 2.21
15262 2
15262 3.15
15262 0
15262 0.05
15262 0.05
15263 1.2
15263 0
15263 4.13
15263 2.21
15263 2
15263 3.15
15263 0
15263 0.05
15263 0.05
15264 1.2
15264 0
15264 4.13
15264 2.21
15264 2
15264 3.15
15264 0
15264 0.05
15264 0.05
15265 1.2
15265 0
15265 4.13
15265 2.21
15265 2
15265 3.15
15265 0
15265 0.05
15265 0.05
15266 1.2
15266 0
15266 4.13
15266 2.21
15266 2
15266 3.15
15266 0
15266 0.05
15266 0.05
15267 1.2
15267 0
15267 4.13
15267 2.21
15267 2
15267 3.15
15267 0
15267 0.05
15267 0.05
15268 1.2
15268 0
15268 4.13
15268 2.21
15268 2
15268 3.15
15268 0
15268 0.05
15268 0.05
15269 1.2
15269 0
15269 4.13
15269 2.21
15269 2
15269 3.15
15269 0
15269 0.05
15269 0.05
15270 1.2
15270 0
15270 4.13
15270 2.21
15270 2
15270 3.15
15270 0
15270 0.05
15270 0.05
15310 1.2
15310 0
15310 4.13
15310 2.21
15310 2
15310 3.15
15310 0
15310 0.05
15310 0.05
15312 1.2
15312 0
15312 4.13
15312 2.21
15312 2
15312 3.15
15312 0
15312 0.05
15312 0.05
15313 1.2
15313 0
15313 4.13
15313 2.21
15313 2
15313 3.15
15313 0
15313 0.05
15313 0.05
15314 1.2
15314 0
15314 4.13
15314 2.21
15314 2
15314 3.15
15314 0
15314 0.05
15314 0.05
15315 1.2
15315 0
15315 4.13
15315 2.21
15315 2
15315 3.15
15315 0
15315 0.05
15315 0.05
15316 1.2
15316 0
15316 4.13
15316 2.21
15316 2
15316 3.15
15316 0
15316 0.05
15316 0.05
15317 1.2
15317 0
15317 4.13
15317 2.21
15317 2
15317 3.15
15317 0
15317 0.05
15317 0.05
15318 1.2
15318 0
15318 4.13
15318 2.21
15318 2
15318 3.15
15318 0
15318 0.05
15318 0.05
15364 1.2
15364 0
15364 4.13
15364 2.21
15364 2
15364 3.15
15364 0
15364 0.05
15364 0.05
15365 1.2
15365 0
15365 4.13
15365 2.21
15365 2
15365 3.15
15365 0
15365 0.05
15365 0.05
15366 1.2
15366 0
15366 4.13
15366 2.21
15366 2
15366 3.15
15366 0
15366 0.05
15366 0.05
15367 1.2
15367 0
15367 4.13
15367 2.21
15367 2
15367 3.15
15367 0
15367 0.05
15367 0.05
15368 1.2
15368 0
15368 4.13
15368 2.21
15368 2
15368 3.15
15368 0
15368 0.05
15368 0.05
15369 1.2
15369 0
15369 4.13
15369 2.21
15369 2
15369 3.15
15369 0
15369 0.05
15369 0.05
15370 1.2
15370 0
15370 4.13
15370 2.21
15370 2
15370 3.15
15370 0
15370 0.05
15370 0.05
15371 1.2
15371 0
15371 4.13
15371 2.21
15371 2
15371 3.15
15371 0
15371 0.05
15371 0.05
15372 1.2
15372 0
15372 4.13
15372 2.21
15372 2
15372 3.15
15372 0
15372 0.05
15372 0.05
15423 1.2
15423 0
15423 4.13
15423 2.21
15423 2
15423 3.15
15423 0
15423 0.05
15423 0.05
15424 1.2
15424 0
15424 4.13
15424 2.21
15424 2
15424 3.15
15424 0
15424 0.05
15424 0.05
15425 1.2
15425 0
15425 4.13
15425 2.21
15425 2
15425 3.15
15425 0
15425 0.05
15425 0.05
15426 1.2
15426 0
15426 4.13
15426 2.21
15426 2
15426 3.15
15426 0
15426 0.05
15426 0.05
15427 1.2
15427 0
15427 4.13
15427 2.21
15427 2
15427 3.15
15427 0
15427 0.05
15427 0.05
15428 1.2
15428 0
15428 4.13
15428 2.21
15428 2
15428 3.15
15428 0
15428 0.05
15428 0.05
15429 1.2
15429 0
15429 4.13
15429 2.21
15429 2
15429 3.15
15429 0
15429 0.05
15429 0.05
15430 1.2
15430 0
15430 4.13
15430 2.21
15430 2
15430 3.15
15430 0
15430 0.05
15430 0.05
15431 1.2
15431 0
15431 4.13
15431 2.21
15431 2
15431 3.15
15431 0
15431 0.05
15431 0.05
15487 1.2
15487 0
15487 4.13
15487 2.21
15487 2
15487 3.15
15487 0
15487 0.05
15487 0.05
15488 1.2
15488 0
15488 4.13
15488 2.21
15488 2
15488 3.15
15488 0
15488 0.05
15488 0.05
15490 1.2
15490 0
15490 4.13
15490 2.21
15490 2
15490 3.15
15490 0
15490 0.05
15490 0.05
15491 1.2
15491 0
15491 4.13
15491 2.21
15491 2
15491 3.15
15491 0
15491 0.05
15491 0.05
15492 1.2
15492 0
15492 4.13
15492 2.21
15492 2
15492 3.15
15492 0
15492 0.05
15492 0.05
15493 1.2
15493 0
15493 4.13
15493 2.21
15493 2
15493 3.15
15493 0
15493 0.05
15493 0.05
15494 1.2
15494 0
15494 4.13
15494 2.21
15494 2
15494 3.15
15494 0
15494 0.05
15494 0.05
15513 1.2
15513 0
15513 4.13
15513 2.21
15513 2
15513 3.15
15513 0
15513 0.05
15513 0.05
15552 1.2
15552 0
15552 4.13
15552 2.21
15552 2
15552 3.15
15552 0
15552 0.05
15552 0.05
15553 1.2
15553 0
15553 4.13
15553 2.21
15553 2
15553 3.15
15553 0
15553 0.05
15553 0.05
15554 1.2
15554 0
15554 4.13
15554 2.21
15554 2
15554 3.15
15554 0
15554 0.05
15554 0.05
15556 1.2
15556 0
15556 4.13
15556 2.21
15556 2
15556 3.15
15556 0
15556 0.05
15556 0.05
15557 1.2
15557 0
15557 4.13
15557 2.21
15557 2
15557 3.15
15557 0
15557 0.05
15557 0.05
15558 1.2
15558 0
15558 4.13
15558 2.21
15558 2
15558 3.15
15558 0
15558 0.05
15558 0.05
15617 1.2
15617 0
15617 4.13
15617 2.21
15617 2
15617 3.15
15617 0
15617 0.05
15617 0.05
15619 1.2
15619 0
15619 4.13
15619 2.21
15619 2
15619 3.15
15619 0
15619 0.05
15619 0.05
15620 1.2
15620 0
15620 4.13
15620 2.21
15620 2
15620 3.15
15620 0
15620 0.05
15620 0.05
15621 1.2
15621 0
15621 4.13
15621 2.21
15621 2
15621 3.15
15621 0
15621 0.05
15621 0.05
15622 1.2
15622 0
15622 4.13
15622 2.21
15622 2
15622 3.15
15622 0
15622 0.05
15622 0.05
15683 1.2
15683 0
15683 4.13
15683 2.21
15683 2
15683 3.15
15683 0
15683 0.05
15683 0.05
15684 1.2
15684 0
15684 4.13
15684 2.21
15684 2
15684 3.15
15684 0
15684 0.05
15684 0.05
15685 1.2
15685 0
15685 4.13
15685 2.21
15685 2
15685 3.15
15685 0
15685 0.05
15685 0.05
15686 1.2
15686 0
15686 4.13
15686 2.21
15686 2
15686 3.15
15686 0
15686 0.05
15686 0.05
15748 1.2
15748 0
15748 4.13
15748 2.21
15748 2
15748 3.15
15748 0
15748 0.05
15748 0.05
15749 1.2
15749 0
15749 4.13
15749 2.21
15749 2
15749 3.15
15749 0
15749 0.05
15749 0.05
15751 1.2
15751 0
15751 4.13
15751 2.21
15751 2
15751 3.15
15751 0
15751 0.05
15751 0.05
15752 1.2
15752 0
15752 4.13
15752 2.21
15752 2
15752 3.15
15752 0
15752 0.05
15752 0.05
15753 1.2
15753 0
15753 4.13
15753 2.21
15753 2
15753 3.15
15753 0
15753 0.05
15753 0.05
15754 1.2
15754 0
15754 4.13
15754 2.21
15754 2
15754 3.15
15754 0
15754 0.05
15754 0.05
15814 1.2
15814 0
15814 4.13
15814 2.21
15814 2
15814 3.15
15814 0
15814 0.05
15814 0.05
15815 1.2
15815 0
15815 4.13
15815 2.21
15815 2
15815 3.15
15815 0
15815 0.05
15815 0.05
15816 1.2
15816 0
15816 4.13
15816 2.21
15816 2
15816 3.15
15816 0
15816 0.05
15816 0.05
15818 1.2
15818 0
15818 4.13
15818 2.21
15818 2
15818 3.15
15818 0
15818 0.05
15818 0.05
15819 1.2
15819 0
15819 4.13
15819 2.21
15819 2
15819 3.15
15819 0
15819 0.05
15819 0.05
15820 1.2
15820 0
15820 4.13
15820 2.21
15820 2
15820 3.15
15820 0
15820 0.05
15820 0.05
15821 1.2
15821 0
15821 4.13
15821 2.21
15821 2
15821 3.15
15821 0
15821 0.05
15821 0.05
15822 1.2
15822 0
15822 4.13
15822 2.21
15822 2
15822 3.15
15822 0
15822 0.05
15822 0.05
15880 1.2
15880 0
15880 4.13
15880 2.21
15880 2
15880 3.15
15880 0
15880 0.05
15880 0.05
15882 1.2
15882 0
15882 4.13
15882 2.21
15882 2
15882 3.15
15882 0
15882 0.05
15882 0.05
15883 1.2
15883 0
15883 4.13
15883 2.21
15883 2
15883 3.15
15883 0
15883 0.05
15883 0.05
15884 1.2
15884 0
15884 4.13
15884 2.21
15884 2
15884 3.15
15884 0
15884 0.05
15884 0.05
15885 1.2
15885 0
15885 4.13
15885 2.21
15885 2
15885 3.15
15885 0
15885 0.05
15885 0.05
15886 1.2
15886 0
15886 4.13
15886 2.21
15886 2
15886 3.15
15886 0
15886 0.05
15886 0.05
15887 1.2
15887 0
15887 4.13
15887 2.21
15887 2
15887 3.15
15887 0
15887 0.05
15887 0.05
15942 1.2
15942 0
15942 4.13
15942 2.21
15942 2
15942 3.15
15942 0
15942 0.05
15942 0.05
15943 1.2
15943 0
15943 4.13
15943 2.21
15943 2
15943 3.15
15943 0
15943 0.05
15943 0.05
15944 1.2
15944 0
15944 4.13
15944 2.21
15944 2
15944 3.15
15944 0
15944 0.05
15944 0.05
15946 1.2
15946 0
15946 4.13
15946 2.21
15946 2
15946 3.15
15946 0
15946 0.05
15946 0.05
15947 1.2
15947 0
15947 4.13
15947 2.21
15947 2
15947 3.15
15947 0
15947 0.05
15947 0.05
15948 1.2
15948 0
15948 4.13
15948 2.21
15948 2
15948 3.15
15948 0
15948 0.05
15948 0.05
15949 1.2
15949 0
15949 4.13
15949 2.21
15949 2
15949 3.15
15949 0
15949 0.05
15949 0.05
15950 1.2
15950 0
15950 4.13
15950 2.21
15950 2
15950 3.15
15950 0
15950 0.05
15950 0.05
15951 1.2
15951 0
15951 4.13
15951 2.21
15951 2
15951 3.15
15951 0
15951 0.05
15951 0.05
15986 1.2
15986 0
15986 4.13
15986 2.21
15986 2
15986 3.15
15986 0
15986 0.05
15986 0.05
15996 1.2
15996 0
15996 4.13
15996 2.21
15996 2
15996 3.15
15996 0
15996 0.05
15996 0.05
15997 1.2
15997 0
15997 4.13
15997 2.21
15997 2
15997 3.15
15997 0
15997 0.05
15997 0.05
16002 1.2
16002 0
16002 4.13
16002 2.21
16002 2
16002 3.15
16002 0
16002 0.05
16002 0.05
16003 1.2
16003 0
16003 4.13
16003 2.21
16003 2
16003 3.15
16003 0
16003 0.05
16003 0.05
16004 1.2
16004 0
16004 4.13
16004 2.21
16004 2
16004 3.15
16004 0
16004 0.05
16004 0.05
16005 1.2
16005 0
16005 4.13
16005 2.21
16005 2
16005 3.15
16005 0
16005 0.05
16005 0.05
16006 1.2
16006 0
16006 4.13
16006 2.21
16006 2
16006 3.15
16006 0
16006 0.05
16006 0.05
16007 1.2
16007 0
16007 4.13
16007 2.21
16007 2
16007 3.15
16007 0
16007 0.05
16007 0.05
16034 1.2
16034 0
16034 4.13
16034 2.21
16034 2
16034 3.15
16034 0
16034 0.05
16034 0.05
16038 1.2
16038 0
16038 4.13
16038 2.21
16038 2
16038 3.15
16038 0
16038 0.05
16038 0.05
16049 1.2
16049 0
16049 4.13
16049 2.21
16049 2
16049 3.15
16049 0
16049 0.05
16049 0.05
16053 1.2
16053 0
16053 4.13
16053 2.21
16053 2
16053 3.15
16053 0
16053 0.05
16053 0.05
16054 1.2
16054 0
16054 4.13
16054 2.21
16054 2
16054 3.15
16054 0
16054 0.05
16054 0.05
16055 1.2
16055 0
16055 4.13
16055 2.21
16055 2
16055 3.15
16055 0
16055 0.05
16055 0.05
16056 1.2
16056 0
16056 4.13
16056 2.21
16056 2
16056 3.15
16056 0
16056 0.05
16056 0.05
16057 1.2
16057 0
16057 4.13
16057 2.21
16057 2
16057 3.15
16057 0
16057 0.05
16057 0.05
16058 1.2
16058 0
16058 4.13
16058 2.21
16058 2
16058 3.15
16058 0
16058 0.05
16058 0.05
16059 1.2
16059 0
16059 4.13
16059 2.21
16059 2
16059 3.15
16059 0
16059 0.05
16059 0.05
16082 1.2
16082 0
16082 4.13
16082 2.21
16082 2
16082 3.15
16082 0
16082 0.05
16082 0.05
16086 1.2
16086 0
16086 4.13
16086 2.21
16086 2
16086 3.15
16086 0
16086 0.05
16086 0.05
16088 1.2
16088 0
16088 4.13
16088 2.21
16088 2
16088 3.15
16088 0
16088 0.05
16088 0.05
16100 1.2
16100 0
16100 4.13
16100 2.21
16100 2
16100 3.15
16100 0
16100 0.05
16100 0.05
16102 1.2
16102 0
16102 4.13
16102 2.21
16102 2
16102 3.15
16102 0
16102 0.05
16102 0.05
16103 1.2
16103 0
16103 4.13
16103 2.21
16103 2
16103 3.15
16103 0
16103 0.05
16103 0.05
16104 1.2
16104 0
16104 4.13
16104 2.21
16104 2
16104 3.15
16104 0
16104 0.05
16104 0.05
16105 1.2
16105 0
16105 4.13
16105 2.21
16105 2
16105 3.15
16105 0
16105 0.05
16105 0.05
16106 1.2
16106 0
16106 4.13
16106 2.21
16106 2
16106 3.15
16106 0
16106 0.05
16106 0.05
16107 1.2
16107 0
16107 4.13
16107 2.21
16107 2
16107 3.15
16107 0
16107 0.05
16107 0.05
16134 1.2
16134 0
16134 4.13
16134 2.21
16134 2
16134 3.15
16134 0
16134 0.05
16134 0.05
16135 1.2
16135 0
16135 4.13
16135 2.21
16135 2
16135 3.15
16135 0
16135 0.05
16135 0.05
16136 1.2
16136 0
16136 4.13
16136 2.21
16136 2
16136 3.15
16136 0
16136 0.05
16136 0.05
16150 1.2
16150 0
16150 4.13
16150 2.21
16150 2
16150 3.15
16150 0
16150 0.05
16150 0.05
16152 1.2
16152 0
16152 4.13
16152 2.21
16152 2
16152 3.15
16152 0
16152 0.05
16152 0.05
16153 1.2
16153 0
16153 4.13
16153 2.21
16153 2
16153 3.15
16153 0
16153 0.05
16153 0.05
16154 1.2
16154 0
16154 4.13
16154 2.21
16154 2
16154 3.15
16154 0
16154 0.05
16154 0.05
16155 1.2
16155 0
16155 4.13
16155 2.21
16155 2
16155 3.15
16155 0
16155 0.05
16155 0.05
16181 1.2
16181 0
16181 4.13
16181 2.21
16181 2
16181 3.15
16181 0
16181 0.05
16181 0.05
16182 1.2
16182 0
16182 4.13
16182 2.21
16182 2
16182 3.15
16182 0
16182 0.05
16182 0.05
16183 1.2
16183 0
16183 4.13
16183 2.21
16183 2
16183 3.15
16183 0
16183 0.05
16183 0.05
16184 1.2
16184 0
16184 4.13
16184 2.21
16184 2
16184 3.15
16184 0
16184 0.05
16184 0.05
16185 1.2
16185 0
16185 4.13
16185 2.21
16185 2
16185 3.15
16185 0
16185 0.05
16185 0.05
16193 1.2
16193 0
16193 4.13
16193 2.21
16193 2
16193 3.15
16193 0
16193 0.05
16193 0.05
16195 1.2
16195 0
16195 4.13
16195 2.21
16195 2
16195 3.15
16195 0
16195 0.05
16195 0.05
16198 1.2
16198 0
16198 4.13
16198 2.21
16198 2
16198 3.15
16198 0
16198 0.05
16198 0.05
16199 1.2
16199 0
16199 4.13
16199 2.21
16199 2
16199 3.15
16199 0
16199 0.05
16199 0.05
16200 1.2
16200 0
16200 4.13
16200 2.21
16200 2
16200 3.15
16200 0
16200 0.05
16200 0.05
16201 1.2
16201 0
16201 4.13
16201 2.21
16201 2
16201 3.15
16201 0
16201 0.05
16201 0.05
16202 1.2
16202 0
16202 4.13
16202 2.21
16202 2
16202 3.15
16202 0
16202 0.05
16202 0.05
16225 1.2
16225 0
16225 4.13
16225 2.21
16225 2
16225 3.15
16225 0
16225 0.05
16225 0.05
16228 1.2
16228 0
16228 4.13
16228 2.21
16228 2
16228 3.15
16228 0
16228 0.05
16228 0.05
16232 1.2
16232 0
16232 4.13
16232 2.21
16232 2
16232 3.15
16232 0
16232 0.05
16232 0.05
16234 1.2
16234 0
16234 4.13
16234 2.21
16234 2
16234 3.15
16234 0
16234 0.05
16234 0.05
16242 1.2
16242 0
16242 4.13
16242 2.21
16242 2
16242 3.15
16242 0
16242 0.05
16242 0.05
16243 1.2
16243 0
16243 4.13
16243 2.21
16243 2
16243 3.15
16243 0
16243 0.05
16243 0.05
16244 1.2
16244 0
16244 4.13
16244 2.21
16244 2
16244 3.15
16244 0
16244 0.05
16244 0.05
16245 1.2
16245 0
16245 4.13
16245 2.21
16245 2
16245 3.15
16245 0
16245 0.05
16245 0.05
16246 1.2
16246 0
16246 4.13
16246 2.21
16246 2
16246 3.15
16246 0
16246 0.05
16246 0.05
16247 1.2
16247 0
16247 4.13
16247 2.21
16247 2
16247 3.15
16247 0
16247 0.05
16247 0.05
16248 1.2
16248 0
16248 4.13
16248 2.21
16248 2
16248 3.15
16248 0
16248 0.05
16248 0.05
16272 1.2
16272 0
16272 4.13
16272 2.21
16272 2
16272 3.15
16272 0
16272 0.05
16272 0.05
16274 1.2
16274 0
16274 4.13
16274 2.21
16274 2
16274 3.15
16274 0
16274 0.05
16274 0.05
16276 1.2
16276 0
16276 4.13
16276 2.21
16276 2
16276 3.15
16276 0
16276 0.05
16276 0.05
16277 1.2
16277 0
16277 4.13
16277 2.21
16277 2
16277 3.15
16277 0
16277 0.05
16277 0.05
16278 1.2
16278 0
16278 4.13
16278 2.21
16278 2
16278 3.15
16278 0
16278 0.05
16278 0.05
16280 1.2
16280 0
16280 4.13
16280 2.21
16280 2
16280 3.15
16280 0
16280 0.05
16280 0.05
16290 1.2
16290 0
16290 4.13
16290 2.21
16290 2
16290 3.15
16290 0
16290 0.05
16290 0.05
16291 1.2
16291 0
16291 4.13
16291 2.21
16291 2
16291 3.15
16291 0
16291 0.05
16291 0.05
16292 1.2
16292 0
16292 4.13
16292 2.21
16292 2
16292 3.15
16292 0
16292 0.05
16292 0.05
16293 1.2
16293 0
16293 4.13
16293 2.21
16293 2
16293 3.15
16293 0
16293 0.05
16293 0.05
16294 1.2
16294 0
16294 4.13
16294 2.21
16294 2
16294 3.15
16294 0
16294 0.05
16294 0.05
16319 1.2
16319 0
16319 4.13
16319 2.21
16319 2
16319 3.15
16319 0
16319 0.05
16319 0.05
16320 1.2
16320 0
16320 4.13
16320 2.21
16320 2
16320 3.15
16320 0
16320 0.05
16320 0.05
16321 1.2
16321 0
16321 4.13
16321 2.21
16321 2
16321 3.15
16321 0
16321 0.05
16321 0.05
16322 1.2
16322 0
16322 4.13
16322 2.21
16322 2
16322 3.15
16322 0
16322 0.05
16322 0.05
16323 1.2
16323 0
16323 4.13
16323 2.21
16323 2
16323 3.15
16323 0
16323 0.05
16323 0.05
16324 1.2
16324 0
16324 4.13
16324 2.21
16324 2
16324 3.15
16324 0
16324 0.05
16324 0.05
16327 1.2
16327 0
16327 4.13
16327 2.21
16327 2
16327 3.15
16327 0
16327 0.05
16327 0.05
16337 1.2
16337 0
16337 4.13
16337 2.21
16337 2
16337 3.15
16337 0
16337 0.05
16337 0.05
16338 1.2
16338 0
16338 4.13
16338 2.21
16338 2
16338 3.15
16338 0
16338 0.05
16338 0.05
16339 1.2
16339 0
16339 4.13
16339 2.21
16339 2
16339 3.15
16339 0
16339 0.05
16339 0.05
16340 1.2
16340 0
16340 4.13
16340 2.21
16340 2
16340 3.15
16340 0
16340 0.05
16340 0.05
16341 1.2
16341 0
16341 4.13
16341 2.21
16341 2
16341 3.15
16341 0
16341 0.05
16341 0.05
16364 1.2
16364 0
16364 4.13
16364 2.21
16364 2
16364 3.15
16364 0
16364 0.05
16364 0.05
16365 1.2
16365 0
16365 4.13
16365 2.21
16365 2
16365 3.15
16365 0
16365 0.05
16365 0.05
16366 1.2
16366 0
16366 4.13
16366 2.21
16366 2
16366 3.15
16366 0
16366 0.05
16366 0.05
16367 1.2
16367 0
16367 4.13
16367 2.21
16367 2
16367 3.15
16367 0
16367 0.05
16367 0.05
16368 1.2
16368 0
16368 4.13
16368 2.21
16368 2
16368 3.15
16368 0
16368 0.05
16368 0.05
16369 1.2
16369 0
16369 4.13
16369 2.21
16369 2
16369 3.15
16369 0
16369 0.05
16369 0.05
16370 1.2
16370 0
16370 4.13
16370 2.21
16370 2
16370 3.15
16370 0
16370 0.05
16370 0.05
16379 1.2
16379 0
16379 4.13
16379 2.21
16379 2
16379 3.15
16379 0
16379 0.05
16379 0.05
16381 1.2
16381 0
16381 4.13
16381 2.21
16381 2
16381 3.15
16381 0
16381 0.05
16381 0.05
16383 1.2
16383 0
16383 4.13
16383 2.21
16383 2
16383 3.15
16383 0
16383 0.05
16383 0.05
16384 1.2
16384 0
16384 4.13
16384 2.21
16384 2
16384 3.15
16384 0
16384 0.05
16384 0.05
16408 1.2
16408 0
16408 4.13
16408 2.21
16408 2
16408 3.15
16408 0
16408 0.05
16408 0.05
16409 1.2
16409 0
16409 4.13
16409 2.21
16409 2
16409 3.15
16409 0
16409 0.05
16409 0.05
16410 1.2
16410 0
16410 4.13
16410 2.21
16410 2
16410 3.15
16410 0
16410 0.05
16410 0.05
16411 1.2
16411 0
16411 4.13
16411 2.21
16411 2
16411 3.15
16411 0
16411 0.05
16411 0.05
16412 1.2
16412 0
16412 4.13
16412 2.21
16412 2
16412 3.15
16412 0
16412 0.05
16412 0.05
16413 1.2
16413 0
16413 4.13
16413 2.21
16413 2
16413 3.15
16413 0
16413 0.05
16413 0.05
16416 1.2
16416 0
16416 4.13
16416 2.21
16416 2
16416 3.15
16416 0
16416 0.05
16416 0.05
16417 1.2
16417 0
16417 4.13
16417 2.21
16417 2
16417 3.15
16417 0
16417 0.05
16417 0.05
16418 1.2
16418 0
16418 4.13
16418 2.21
16418 2
16418 3.15
16418 0
16418 0.05
16418 0.05
16421 1.2
16421 0
16421 4.13
16421 2.21
16421 2
16421 3.15
16421 0
16421 0.05
16421 0.05
16422 1.2
16422 0
16422 4.13
16422 2.21
16422 2
16422 3.15
16422 0
16422 0.05
16422 0.05
16424 1.2
16424 0
16424 4.13
16424 2.21
16424 2
16424 3.15
16424 0
16424 0.05
16424 0.05
16425 1.2
16425 0
16425 4.13
16425 2.21
16425 2
16425 3.15
16425 0
16425 0.05
16425 0.05
16426 1.2
16426 0
16426 4.13
16426 2.21
16426 2
16426 3.15
16426 0
16426 0.05
16426 0.05
16450 1.2
16450 0
16450 4.13
16450 2.21
16450 2
16450 3.15
16450 0
16450 0.05
16450 0.05
16451 1.2
16451 0
16451 4.13
16451 2.21
16451 2
16451 3.15
16451 0
16451 0.05
16451 0.05
16452 1.2
16452 0
16452 4.13
16452 2.21
16452 2
16452 3.15
16452 0
16452 0.05
16452 0.05
16453 1.2
16453 0
16453 4.13
16453 2.21
16453 2
16453 3.15
16453 0
16453 0.05
16453 0.05
16454 1.2
16454 0
16454 4.13
16454 2.21
16454 2
16454 3.15
16454 0
16454 0.05
16454 0.05
16456 1.2
16456 0
16456 4.13
16456 2.21
16456 2
16456 3.15
16456 0
16456 0.05
16456 0.05
16457 1.2
16457 0
16457 4.13
16457 2.21
16457 2
16457 3.15
16457 0
16457 0.05
16457 0.05
16458 1.2
16458 0
16458 4.13
16458 2.21
16458 2
16458 3.15
16458 0
16458 0.05
16458 0.05
16459 1.2
16459 0
16459 4.13
16459 2.21
16459 2
16459 3.15
16459 0
16459 0.05
16459 0.05
16462 1.2
16462 0
16462 4.13
16462 2.21
16462 2
16462 3.15
16462 0
16462 0.05
16462 0.05
16465 1.2
16465 0
16465 4.13
16465 2.21
16465 2
16465 3.15
16465 0
16465 0.05
16465 0.05
16467 1.2
16467 0
16467 4.13
16467 2.21
16467 2
16467 3.15
16467 0
16467 0.05
16467 0.05
16468 1.2
16468 0
16468 4.13
16468 2.21
16468 2
16468 3.15
16468 0
16468 0.05
16468 0.05
16469 1.2
16469 0
16469 4.13
16469 2.21
16469 2
16469 3.15
16469 0
16469 0.05
16469 0.05
16470 1.2
16470 0
16470 4.13
16470 2.21
16470 2
16470 3.15
16470 0
16470 0.05
16470 0.05
16494 1.2
16494 0
16494 4.13
16494 2.21
16494 2
16494 3.15
16494 0
16494 0.05
16494 0.05
16495 1.2
16495 0
16495 4.13
16495 2.21
16495 2
16495 3.15
16495 0
16495 0.05
16495 0.05
16496 1.2
16496 0
16496 4.13
16496 2.21
16496 2
16496 3.15
16496 0
16496 0.05
16496 0.05
16497 1.2
16497 0
16497 4.13
16497 2.21
16497 2
16497 3.15
16497 0
16497 0.05
16497 0.05
16498 1.2
16498 0
16498 4.13
16498 2.21
16498 2
16498 3.15
16498 0
16498 0.05
16498 0.05
16499 1.2
16499 0
16499 4.13
16499 2.21
16499 2
16499 3.15
16499 0
16499 0.05
16499 0.05
16500 1.2
16500 0
16500 4.13
16500 2.21
16500 2
16500 3.15
16500 0
16500 0.05
16500 0.05
16503 1.2
16503 0
16503 4.13
16503 2.21
16503 2
16503 3.15
16503 0
16503 0.05
16503 0.05
16508 1.2
16508 0
16508 4.13
16508 2.21
16508 2
16508 3.15
16508 0
16508 0.05
16508 0.05
16509 1.2
16509 0
16509 4.13
16509 2.21
16509 2
16509 3.15
16509 0
16509 0.05
16509 0.05
16510 1.2
16510 0
16510 4.13
16510 2.21
16510 2
16510 3.15
16510 0
16510 0.05
16510 0.05
16511 1.2
16511 0
16511 4.13
16511 2.21
16511 2
16511 3.15
16511 0
16511 0.05
16511 0.05
16512 1.2
16512 0
16512 4.13
16512 2.21
16512 2
16512 3.15
16512 0
16512 0.05
16512 0.05
16513 1.2
16513 0
16513 4.13
16513 2.21
16513 2
16513 3.15
16513 0
16513 0.05
16513 0.05
16514 1.2
16514 0
16514 4.13
16514 2.21
16514 2
16514 3.15
16514 0
16514 0.05
16514 0.05
16515 1.2
16515 0
16515 4.13
16515 2.21
16515 2
16515 3.15
16515 0
16515 0.05
16515 0.05
16540 1.2
16540 0
16540 4.13
16540 2.21
16540 2
16540 3.15
16540 0
16540 0.05
16540 0.05
16542 1.2
16542 0
16542 4.13
16542 2.21
16542 2
16542 3.15
16542 0
16542 0.05
16542 0.05
16545 1.2
16545 0
16545 4.13
16545 2.21
16545 2
16545 3.15
16545 0
16545 0.05
16545 0.05
16548 1.2
16548 0
16548 4.13
16548 2.21
16548 2
16548 3.15
16548 0
16548 0.05
16548 0.05
16551 1.2
16551 0
16551 4.13
16551 2.21
16551 2
16551 3.15
16551 0
16551 0.05
16551 0.05
16552 1.2
16552 0
16552 4.13
16552 2.21
16552 2
16552 3.15
16552 0
16552 0.05
16552 0.05
16553 1.2
16553 0
16553 4.13
16553 2.21
16553 2
16553 3.15
16553 0
16553 0.05
16553 0.05
16554 1.2
16554 0
16554 4.13
16554 2.21
16554 2
16554 3.15
16554 0
16554 0.05
16554 0.05
16556 1.2
16556 0
16556 4.13
16556 2.21
16556 2
16556 3.15
16556 0
16556 0.05
16556 0.05
16557 1.2
16557 0
16557 4.13
16557 2.21
16557 2
16557 3.15
16557 0
16557 0.05
16557 0.05
16558 1.2
16558 0
16558 4.13
16558 2.21
16558 2
16558 3.15
16558 0
16558 0.05
16558 0.05
16583 1.2
16583 0
16583 4.13
16583 2.21
16583 2
16583 3.15
16583 0
16583 0.05
16583 0.05
16587 1.2
16587 0
16587 4.13
16587 2.21
16587 2
16587 3.15
16587 0
16587 0.05
16587 0.05
16592 1.2
16592 0
16592 4.13
16592 2.21
16592 2
16592 3.15
16592 0
16592 0.05
16592 0.05
16594 1.2
16594 0
16594 4.13
16594 2.21
16594 2
16594 3.15
16594 0
16594 0.05
16594 0.05
16597 1.2
16597 0
16597 4.13
16597 2.21
16597 2
16597 3.15
16597 0
16597 0.05
16597 0.05
16598 1.2
16598 0
16598 4.13
16598 2.21
16598 2
16598 3.15
16598 0
16598 0.05
16598 0.05
16599 1.2
16599 0
16599 4.13
16599 2.21
16599 2
16599 3.15
16599 0
16599 0.05
16599 0.05
16600 1.2
16600 0
16600 4.13
16600 2.21
16600 2
16600 3.15
16600 0
16600 0.05
16600 0.05
16601 1.2
16601 0
16601 4.13
16601 2.21
16601 2
16601 3.15
16601 0
16601 0.05
16601 0.05
16627 1.2
16627 0
16627 4.13
16627 2.21
16627 2
16627 3.15
16627 0
16627 0.05
16627 0.05
16629 1.2
16629 0
16629 4.13
16629 2.21
16629 2
16629 3.15
16629 0
16629 0.05
16629 0.05
16630 1.2
16630 0
16630 4.13
16630 2.21
16630 2
16630 3.15
16630 0
16630 0.05
16630 0.05
16631 1.2
16631 0
16631 4.13
16631 2.21
16631 2
16631 3.15
16631 0
16631 0.05
16631 0.05
16632 1.2
16632 0
16632 4.13
16632 2.21
16632 2
16632 3.15
16632 0
16632 0.05
16632 0.05
16633 1.2
16633 0
16633 4.13
16633 2.21
16633 2
16633 3.15
16633 0
16633 0.05
16633 0.05
16634 1.2
16634 0
16634 4.13
16634 2.21
16634 2
16634 3.15
16634 0
16634 0.05
16634 0.05
16635 1.2
16635 0
16635 4.13
16635 2.21
16635 2
16635 3.15
16635 0
16635 0.05
16635 0.05
16636 1.2
16636 0
16636 4.13
16636 2.21
16636 2
16636 3.15
16636 0
16636 0.05
16636 0.05
16638 1.2
16638 0
16638 4.13
16638 2.21
16638 2
16638 3.15
16638 0
16638 0.05
16638 0.05
16640 1.2
16640 0
16640 4.13
16640 2.21
16640 2
16640 3.15
16640 0
16640 0.05
16640 0.05
16641 1.2
16641 0
16641 4.13
16641 2.21
16641 2
16641 3.15
16641 0
16641 0.05
16641 0.05
16644 1.2
16644 0
16644 4.13
16644 2.21
16644 2
16644 3.15
16644 0
16644 0.05
16644 0.05
16645 1.2
16645 0
16645 4.13
16645 2.21
16645 2
16645 3.15
16645 0
16645 0.05
16645 0.05
16671 1.2
16671 0
16671 4.13
16671 2.21
16671 2
16671 3.15
16671 0
16671 0.05
16671 0.05
16672 1.2
16672 0
16672 4.13
16672 2.21
16672 2
16672 3.15
16672 0
16672 0.05
16672 0.05
16673 1.2
16673 0
16673 4.13
16673 2.21
16673 2
16673 3.15
16673 0
16673 0.05
16673 0.05
16674 1.2
16674 0
16674 4.13
16674 2.21
16674 2
16674 3.15
16674 0
16674 0.05
16674 0.05
16676 1.2
16676 0
16676 4.13
16676 2.21
16676 2
16676 3.15
16676 0
16676 0.05
16676 0.05
16677 1.2
16677 0
16677 4.13
16677 2.21
16677 2
16677 3.15
16677 0
16677 0.05
16677 0.05
16682 1.2
16682 0
16682 4.13
16682 2.21
16682 2
16682 3.15
16682 0
16682 0.05
16682 0.05
16685 1.2
16685 0
16685 4.13
16685 2.21
16685 2
16685 3.15
16685 0
16685 0.05
16685 0.05
16686 1.2
16686 0
16686 4.13
16686 2.21
16686 2
16686 3.15
16686 0
16686 0.05
16686 0.05
16687 1.2
16687 0
16687 4.13
16687 2.21
16687 2
16687 3.15
16687 0
16687 0.05
16687 0.05
16688 1.2
16688 0
16688 4.13
16688 2.21
16688 2
16688 3.15
16688 0
16688 0.05
16688 0.05
16689 1.2
16689 0
16689 4.13
16689 2.21
16689 2
16689 3.15
16689 0
16689 0.05
16689 0.05
16716 1.2
16716 0
16716 4.13
16716 2.21
16716 2
16716 3.15
16716 0
16716 0.05
16716 0.05
16717 1.2
16717 0
16717 4.13
16717 2.21
16717 2
16717 3.15
16717 0
16717 0.05
16717 0.05
16718 1.2
16718 0
16718 4.13
16718 2.21
16718 2
16718 3.15
16718 0
16718 0.05
16718 0.05
16719 1.2
16719 0
16719 4.13
16719 2.21
16719 2
16719 3.15
16719 0
16719 0.05
16719 0.05
16721 1.2
16721 0
16721 4.13
16721 2.21
16721 2
16721 3.15
16721 0
16721 0.05
16721 0.05
16722 1.2
16722 0
16722 4.13
16722 2.21
16722 2
16722 3.15
16722 0
16722 0.05
16722 0.05
16723 1.2
16723 0
16723 4.13
16723 2.21
16723 2
16723 3.15
16723 0
16723 0.05
16723 0.05
16725 1.2
16725 0
16725 4.13
16725 2.21
16725 2
16725 3.15
16725 0
16725 0.05
16725 0.05
16726 1.2
16726 0
16726 4.13
16726 2.21
16726 2
16726 3.15
16726 0
16726 0.05
16726 0.05
16727 1.2
16727 0
16727 4.13
16727 2.21
16727 2
16727 3.15
16727 0
16727 0.05
16727 0.05
16728 1.2
16728 0
16728 4.13
16728 2.21
16728 2
16728 3.15
16728 0
16728 0.05
16728 0.05
16731 1.2
16731 0
16731 4.13
16731 2.21
16731 2
16731 3.15
16731 0
16731 0.05
16731 0.05
16733 1.2
16733 0
16733 4.13
16733 2.21
16733 2
16733 3.15
16733 0
16733 0.05
16733 0.05
16734 1.2
16734 0
16734 4.13
16734 2.21
16734 2
16734 3.15
16734 0
16734 0.05
16734 0.05
16762 1.2
16762 0
16762 4.13
16762 2.21
16762 2
16762 3.15
16762 0
16762 0.05
16762 0.05
16763 1.2
16763 0
16763 4.13
16763 2.21
16763 2
16763 3.15
16763 0
16763 0.05
16763 0.05
16764 1.2
16764 0
16764 4.13
16764 2.21
16764 2
16764 3.15
16764 0
16764 0.05
16764 0.05
16765 1.2
16765 0
16765 4.13
16765 2.21
16765 2
16765 3.15
16765 0
16765 0.05
16765 0.05
16767 1.2
16767 0
16767 4.13
16767 2.21
16767 2
16767 3.15
16767 0
16767 0.05
16767 0.05
16770 1.2
16770 0
16770 4.13
16770 2.21
16770 2
16770 3.15
16770 0
16770 0.05
16770 0.05
16774 1.2
16774 0
16774 4.13
16774 2.21
16774 2
16774 3.15
16774 0
16774 0.05
16774 0.05
16775 1.2
16775 0
16775 4.13
16775 2.21
16775 2
16775 3.15
16775 0
16775 0.05
16775 0.05
16776 1.2
16776 0
16776 4.13
16776 2.21
16776 2
16776 3.15
16776 0
16776 0.05
16776 0.05
16778 1.2
16778 0
16778 4.13
16778 2.21
16778 2
16778 3.15
16778 0
16778 0.05
16778 0.05
16779 1.2
16779 0
16779 4.13
16779 2.21
16779 2
16779 3.15
16779 0
16779 0.05
16779 0.05
16780 1.2
16780 0
16780 4.13
16780 2.21
16780 2
16780 3.15
16780 0
16780 0.05
16780 0.05
16781 1.2
16781 0
16781 4.13
16781 2.21
16781 2
16781 3.15
16781 0
16781 0.05
16781 0.05
16811 1.2
16811 0
16811 4.13
16811 2.21
16811 2
16811 3.15
16811 0
16811 0.05
16811 0.05
16812 1.2
16812 0
16812 4.13
16812 2.21
16812 2
16812 3.15
16812 0
16812 0.05
16812 0.05
16813 1.2
16813 0
16813 4.13
16813 2.21
16813 2
16813 3.15
16813 0
16813 0.05
16813 0.05
16816 1.2
16816 0
16816 4.13
16816 2.21
16816 2
16816 3.15
16816 0
16816 0.05
16816 0.05
16817 1.2
16817 0
16817 4.13
16817 2.21
16817 2
16817 3.15
16817 0
16817 0.05
16817 0.05
16820 1.2
16820 0
16820 4.13
16820 2.21
16820 2
16820 3.15
16820 0
16820 0.05
16820 0.05
16821 1.2
16821 0
16821 4.13
16821 2.21
16821 2
16821 3.15
16821 0
16821 0.05
16821 0.05
16822 1.2
16822 0
16822 4.13
16822 2.21
16822 2
16822 3.15
16822 0
16822 0.05
16822 0.05
16823 1.2
16823 0
16823 4.13
16823 2.21
16823 2
16823 3.15
16823 0
16823 0.05
16823 0.05
16825 1.2
16825 0
16825 4.13
16825 2.21
16825 2
16825 3.15
16825 0
16825 0.05
16825 0.05
16826 1.2
16826 0
16826 4.13
16826 2.21
16826 2
16826 3.15
16826 0
16826 0.05
16826 0.05
16827 1.2
16827 0
16827 4.13
16827 2.21
16827 2
16827 3.15
16827 0
16827 0.05
16827 0.05
16828 1.2
16828 0
16828 4.13
16828 2.21
16828 2
16828 3.15
16828 0
16828 0.05
16828 0.05
16829 1.2
16829 0
16829 4.13
16829 2.21
16829 2
16829 3.15
16829 0
16829 0.05
16829 0.05
16830 1.2
16830 0
16830 4.13
16830 2.21
16830 2
16830 3.15
16830 0
16830 0.05
16830 0.05
16861 1.2
16861 0
16861 4.13
16861 2.21
16861 2
16861 3.15
16861 0
16861 0.05
16861 0.05
16862 1.2
16862 0
16862 4.13
16862 2.21
16862 2
16862 3.15
16862 0
16862 0.05
16862 0.05
16865 1.2
16865 0
16865 4.13
16865 2.21
16865 2
16865 3.15
16865 0
16865 0.05
16865 0.05
16867 1.2
16867 0
16867 4.13
16867 2.21
16867 2
16867 3.15
16867 0
16867 0.05
16867 0.05
16868 1.2
16868 0
16868 4.13
16868 2.21
16868 2
16868 3.15
16868 0
16868 0.05
16868 0.05
16869 1.2
16869 0
16869 4.13
16869 2.21
16869 2
16869 3.15
16869 0
16869 0.05
16869 0.05
16872 1.2
16872 0
16872 4.13
16872 2.21
16872 2
16872 3.15
16872 0
16872 0.05
16872 0.05
16873 1.2
16873 0
16873 4.13
16873 2.21
16873 2
16873 3.15
16873 0
16873 0.05
16873 0.05
16874 1.2
16874 0
16874 4.13
16874 2.21
16874 2
16874 3.15
16874 0
16874 0.05
16874 0.05
16875 1.2
16875 0
16875 4.13
16875 2.21
16875 2
16875 3.15
16875 0
16875 0.05
16875 0.05
16876 1.2
16876 0
16876 4.13
16876 2.21
16876 2
16876 3.15
16876 0
16876 0.05
16876 0.05
16877 1.2
16877 0
16877 4.13
16877 2.21
16877 2
16877 3.15
16877 0
16877 0.05
16877 0.05
16878 1.2
16878 0
16878 4.13
16878 2.21
16878 2
16878 3.15
16878 0
16878 0.05
16878 0.05
16879 1.2
16879 0
16879 4.13
16879 2.21
16879 2
16879 3.15
16879 0
16879 0.05
16879 0.05
16912 1.2
16912 0
16912 4.13
16912 2.21
16912 2
16912 3.15
16912 0
16912 0.05
16912 0.05
16913 1.2
16913 0
16913 4.13
16913 2.21
16913 2
16913 3.15
16913 0
16913 0.05
16913 0.05
16914 1.2
16914 0
16914 4.13
16914 2.21
16914 2
16914 3.15
16914 0
16914 0.05
16914 0.05
16916 1.2
16916 0
16916 4.13
16916 2.21
16916 2
16916 3.15
16916 0
16916 0.05
16916 0.05
16922 1.2
16922 0
16922 4.13
16922 2.21
16922 2
16922 3.15
16922 0
16922 0.05
16922 0.05
16923 1.2
16923 0
16923 4.13
16923 2.21
16923 2
16923 3.15
16923 0
16923 0.05
16923 0.05
16956 1.2
16956 0
16956 4.13
16956 2.21
16956 2
16956 3.15
16956 0
16956 0.05
16956 0.05
16960 1.2
16960 0
16960 4.13
16960 2.21
16960 2
16960 3.15
16960 0
16960 0.05
16960 0.05
16962 1.2
16962 0
16962 4.13
16962 2.21
16962 2
16962 3.15
16962 0
16962 0.05
16962 0.05
16965 1.2
16965 0
16965 4.13
16965 2.21
16965 2
16965 3.15
16965 0
16965 0.05
16965 0.05
16966 1.2
16966 0
16966 4.13
16966 2.21
16966 2
16966 3.15
16966 0
16966 0.05
16966 0.05
17000 1.2
17000 0
17000 4.13
17000 2.21
17000 2
17000 3.15
17000 0
17000 0.05
17000 0.05
17001 1.2
17001 0
17001 4.13
17001 2.21
17001 2
17001 3.15
17001 0
17001 0.05
17001 0.05
17002 1.2
17002 0
17002 4.13
17002 2.21
17002 2
17002 3.15
17002 0
17002 0.05
17002 0.05
17003 1.2
17003 0
17003 4.13
17003 2.21
17003 2
17003 3.15
17003 0
17003 0.05
17003 0.05
17004 1.2
17004 0
17004 4.13
17004 2.21
17004 2
17004 3.15
17004 0
17004 0.05
17004 0.05
17005 1.2
17005 0
17005 4.13
17005 2.21
17005 2
17005 3.15
17005 0
17005 0.05
17005 0.05
17008 1.2
17008 0
17008 4.13
17008 2.21
17008 2
17008 3.15
17008 0
17008 0.05
17008 0.05
17043 1.2
17043 0
17043 4.13
17043 2.21
17043 2
17043 3.15
17043 0
17043 0.05
17043 0.05
17045 1.2
17045 0
17045 4.13
17045 2.21
17045 2
17045 3.15
17045 0
17045 0.05
17045 0.05
17046 1.2
17046 0
17046 4.13
17046 2.21
17046 2
17046 3.15
17046 0
17046 0.05
17046 0.05
17048 1.2
17048 0
17048 4.13
17048 2.21
17048 2
17048 3.15
17048 0
17048 0.05
17048 0.05
17049 1.2
17049 0
17049 4.13
17049 2.21
17049 2
17049 3.15
17049 0
17049 0.05
17049 0.05
17086 1.2
17086 0
17086 4.13
17086 2.21
17086 2
17086 3.15
17086 0
17086 0.05
17086 0.05
17129 1.2
17129 0
17129 4.13
17129 2.21
17129 2
17129 3.15
17129 0
17129 0.05
17129 0.05
17130 1.2
17130 0
17130 4.13
17130 2.21
17130 2
17130 3.15
17130 0
17130 0.05
17130 0.05
17131 1.2
17131 0
17131 4.13
17131 2.21
17131 2
17131 3.15
17131 0
17131 0.05
17131 0.05
17132 1.2
17132 0
17132 4.13
17132 2.21
17132 2
17132 3.15
17132 0
17132 0.05
17132 0.05
17133 1.2
17133 0
17133 4.13
17133 2.21
17133 2
17133 3.15
17133 0
17133 0.05
17133 0.05
17172 1.2
17172 0
17172 4.13
17172 2.21
17172 2
17172 3.15
17172 0
17172 0.05
17172 0.05
17173 1.2
17173 0
17173 4.13
17173 2.21
17173 2
17173 3.15
17173 0
17173 0.05
17173 0.05
17175 1.2
17175 0
17175 4.13
17175 2.21
17175 2
17175 3.15
17175 0
17175 0.05
17175 0.05
17216 1.2
17216 0
17216 4.13
17216 2.21
17216 2
17216 3.15
17216 0
17216 0.05
17216 0.05
17217 1.2
17217 0
17217 4.13
17217 2.21
17217 2
17217 3.15
17217 0
17217 0.05
17217 0.05
17256 1.2
17256 0
17256 4.13
17256 2.21
17256 2
17256 3.15
17256 0
17256 0.05
17256 0.05
