pt_graph scale
12520 1.1152380952381
12520 0
12520 3.2597619047619
12520 2.12547619047619
12520 2
12520 2.68047619047619
12520 0.0019047619047619
12520 0.0169047619047619
12520 0.0133333333333333
12521 1.1152380952381
12521 0
12521 3.2597619047619
12521 2.12547619047619
12521 2
12521 2.68047619047619
12521 0.0019047619047619
12521 0.0169047619047619
12521 0.0133333333333333
12522 1.1152380952381
12522 0
12522 3.2597619047619
12522 2.12547619047619
12522 2
12522 2.68047619047619
12522 0.0019047619047619
12522 0.0169047619047619
12522 0.0133333333333333
12523 1.1152380952381
12523 0
12523 3.2597619047619
12523 2.12547619047619
12523 2
12523 2.68047619047619
12523 0.0019047619047619
12523 0.0169047619047619
12523 0.0133333333333333
12524 1.1152380952381
12524 0
12524 3.2597619047619
12524 2.12547619047619
12524 2
12524 2.68047619047619
12524 0.0019047619047619
12524 0.0169047619047619
12524 0.0133333333333333
12525 1.1152380952381
12525 0
12525 3.2597619047619
12525 2.12547619047619
12525 2
12525 2.68047619047619
12525 0.0019047619047619
12525 0.0169047619047619
12525 0.0133333333333333
12526 1.1152380952381
12526 0
12526 3.2597619047619
12526 2.12547619047619
12526 2
12526 2.68047619047619
12526 0.0019047619047619
12526 0.0169047619047619
12526 0.0133333333333333
12527 1.1152380952381
12527 0
12527 3.2597619047619
12527 2.12547619047619
12527 2
12527 2.68047619047619
12527 0.0019047619047619
12527 0.0169047619047619
12527 0.0133333333333333
12528 1.1152380952381
12528 0
12528 3.2597619047619
12528 2.12547619047619
12528 2
12528 2.68047619047619
12528 0.0019047619047619
12528 0.0169047619047619
12528 0.0133333333333333
12529 1.1152380952381
12529 0
12529 3.2597619047619
12529 2.12547619047619
12529 2
12529 2.68047619047619
12529 0.0019047619047619
12529 0.0169047619047619
12529 0.0133333333333333
12530 1.1152380952381
12530 0
12530 3.2597619047619
12530 2.12547619047619
12530 2
12530 2.68047619047619
12530 0.0019047619047619
12530 0.0169047619047619
12530 0.0133333333333333
12531 1.1152380952381
12531 0
12531 3.2597619047619
12531 2.12547619047619
12531 2
12531 2.68047619047619
12531 0.0019047619047619
12531 0.0169047619047619
12531 0.0133333333333333
12532 1.1152380952381
12532 0
12532 3.2597619047619
12532 2.12547619047619
12532 2
12532 2.68047619047619
12532 0.0019047619047619
12532 0.0169047619047619
12532 0.0133333333333333
12644 1.1152380952381
12644 0
12644 3.2597619047619
12644 2.12547619047619
12644 2
12644 2.68047619047619
12644 0.0019047619047619
12644 0.0169047619047619
12644 0.0133333333333333
12646 1.1152380952381
12646 0
12646 3.2597619047619
12646 2.12547619047619
12646 2
12646 2.68047619047619
12646 0.0019047619047619
12646 0.0169047619047619
12646 0.0133333333333333
12648 1.1152380952381
12648 0
12648 3.2597619047619
12648 2.12547619047619
12648 2
12648 2.68047619047619
12648 0.0019047619047619
12648 0.0169047619047619
12648 0.0133333333333333
12649 1.1152380952381
12649 0
12649 3.2597619047619
12649 2.12547619047619
12649 2
12649 2.68047619047619
12649 0.0019047619047619
12649 0.0169047619047619
12649 0.0133333333333333
12650 1.1152380952381
12650 0
12650 3.2597619047619
12650 2.12547619047619
12650 2
12650 2.68047619047619
12650 0.0019047619047619
12650 0.0169047619047619
12650 0.0133333333333333
12651 1.1152380952381
12651 0
12651 3.2597619047619
12651 2.12547619047619
12651 2
12651 2.68047619047619
12651 0.0019047619047619
12651 0.0169047619047619
12651 0.0133333333333333
12652 1.1152380952381
12652 0
12652 3.2597619047619
12652 2.12547619047619
12652 2
12652 2.68047619047619
12652 0.0019047619047619
12652 0.0169047619047619
12652 0.0133333333333333
12654 1.1152380952381
12654 0
12654 3.2597619047619
12654 2.12547619047619
12654 2
12654 2.68047619047619
12654 0.0019047619047619
12654 0.0169047619047619
12654 0.0133333333333333
12655 1.1152380952381
12655 0
12655 3.2597619047619
12655 2.12547619047619
12655 2
12655 2.68047619047619
12655 0.0019047619047619
12655 0.0169047619047619
12655 0.0133333333333333
12656 1.1152380952381
12656 0
12656 3.2597619047619
12656 2.12547619047619
12656 2
12656 2.68047619047619
12656 0.0019047619047619
12656 0.0169047619047619
12656 0.0133333333333333
12657 1.1152380952381
12657 0
12657 3.2597619047619
12657 2.12547619047619
12657 2
12657 2.68047619047619
12657 0.0019047619047619
12657 0.0169047619047619
12657 0.0133333333333333
12658 1.1152380952381
12658 0
12658 3.2597619047619
12658 2.12547619047619
12658 2
12658 2.68047619047619
12658 0.0019047619047619
12658 0.0169047619047619
12658 0.0133333333333333
12659 1.1152380952381
12659 0
12659 3.2597619047619
12659 2.12547619047619
12659 2
12659 2.68047619047619
12659 0.0019047619047619
12659 0.0169047619047619
12659 0.0133333333333333
12660 1.1152380952381
12660 0
12660 3.2597619047619
12660 2.12547619047619
12660 2
12660 2.68047619047619
12660 0.0019047619047619
12660 0.0169047619047619
12660 0.0133333333333333
12661 1.1152380952381
12661 0
12661 3.2597619047619
12661 2.12547619047619
12661 2
12661 2.68047619047619
12661 0.0019047619047619
12661 0.0169047619047619
12661 0.0133333333333333
12764 1.1152380952381
12764 0
12764 3.2597619047619
12764 2.12547619047619
12764 2
12764 2.68047619047619
12764 0.0019047619047619
12764 0.0169047619047619
12764 0.0133333333333333
12765 1.1152380952381
12765 0
12765 3.2597619047619
12765 2.12547619047619
12765 2
12765 2.68047619047619
12765 0.0019047619047619
12765 0.0169047619047619
12765 0.0133333333333333
12768 1.1152380952381
12768 0
12768 3.2597619047619
12768 2.12547619047619
12768 2
12768 2.68047619047619
12768 0.0019047619047619
12768 0.0169047619047619
12768 0.0133333333333333
12769 1.1152380952381
12769 0
12769 3.2597619047619
12769 2.12547619047619
12769 2
12769 2.68047619047619
12769 0.0019047619047619
12769 0.0169047619047619
12769 0.0133333333333333
12881 1.1152380952381
12881 0
12881 3.2597619047619
12881 2.12547619047619
12881 2
12881 2.68047619047619
12881 0.0019047619047619
12881 0.0169047619047619
12881 0.0133333333333333
12883 1.1152380952381
12883 0
12883 3.2597619047619
12883 2.12547619047619
12883 2
12883 2.68047619047619
12883 0.0019047619047619
12883 0.0169047619047619
12883 0.0133333333333333
12887 1.1152380952381
12887 0
12887 3.2597619047619
12887 2.12547619047619
12887 2
12887 2.68047619047619
12887 0.0019047619047619
12887 0.0169047619047619
12887 0.0133333333333333
12888 1.1152380952381
12888 0
12888 3.2597619047619
12888 2.12547619047619
12888 2
12888 2.68047619047619
12888 0.0019047619047619
12888 0.0169047619047619
12888 0.0133333333333333
12889 1.1152380952381
12889 0
12889 3.2597619047619
12889 2.12547619047619
12889 2
12889 2.68047619047619
12889 0.0019047619047619
12889 0.0169047619047619
12889 0.0133333333333333
13003 1.1152380952381
13003 0
13003 3.2597619047619
13003 2.12547619047619
13003 2
13003 2.68047619047619
13003 0.0019047619047619
13003 0.0169047619047619
13003 0.0133333333333333
13006 1.1152380952381
13006 0
13006 3.2597619047619
13006 2.12547619047619
13006 2
13006 2.68047619047619
13006 0.0019047619047619
13006 0.0169047619047619
13006 0.0133333333333333
13007 1.1152380952381
13007 0
13007 3.2597619047619
13007 2.12547619047619
13007 2
13007 2.68047619047619
13007 0.0019047619047619
13007 0.0169047619047619
13007 0.0133333333333333
13008 1.1152380952381
13008 0
13008 3.2597619047619
13008 2.12547619047619
13008 2
13008 2.68047619047619
13008 0.0019047619047619
13008 0.0169047619047619
13008 0.0133333333333333
13009 1.1152380952381
13009 0
13009 3.2597619047619
13009 2.12547619047619
13009 2
13009 2.68047619047619
13009 0.0019047619047619
13009 0.0169047619047619
13009 0.0133333333333333
13010 1.1152380952381
13010 0
13010 3.2597619047619
13010 2.12547619047619
13010 2
13010 2.68047619047619
13010 0.0019047619047619
13010 0.0169047619047619
13010 0.0133333333333333
13111 1.1152380952381
13111 0
13111 3.2597619047619
13111 2.12547619047619
13111 2
13111 2.68047619047619
13111 0.0019047619047619
13111 0.0169047619047619
13111 0.0133333333333333
13119 1.1152380952381
13119 0
13119 3.2597619047619
13119 2.12547619047619
13119 2
13119 2.68047619047619
13119 0.0019047619047619
13119 0.0169047619047619
13119 0.0133333333333333
13123 1.1152380952381
13123 0
13123 3.2597619047619
13123 2.12547619047619
13123 2
13123 2.68047619047619
13123 0.0019047619047619
13123 0.0169047619047619
13123 0.0133333333333333
13215 1.1152380952381
13215 0
13215 3.2597619047619
13215 2.12547619047619
13215 2
13215 2.68047619047619
13215 0.0019047619047619
13215 0.0169047619047619
13215 0.0133333333333333
13225 1.1152380952381
13225 0
13225 3.2597619047619
13225 2.12547619047619
13225 2
13225 2.68047619047619
13225 0.0019047619047619
13225 0.0169047619047619
13225 0.0133333333333333
13226 1.1152380952381
13226 0
13226 3.2597619047619
13226 2.12547619047619
13226 2
13226 2.68047619047619
13226 0.0019047619047619
13226 0.0169047619047619
13226 0.0133333333333333
13313 1.1152380952381
13313 0
13313 3.2597619047619
13313 2.12547619047619
13313 2
13313 2.68047619047619
13313 0.0019047619047619
13313 0.0169047619047619
13313 0.0133333333333333
13316 1.1152380952381
13316 0
13316 3.2597619047619
13316 2.12547619047619
13316 2
13316 2.68047619047619
13316 0.0019047619047619
13316 0.0169047619047619
13316 0.0133333333333333
13318 1.1152380952381
13318 0
13318 3.2597619047619
13318 2.12547619047619
13318 2
13318 2.68047619047619
13318 0.0019047619047619
13318 0.0169047619047619
13318 0.0133333333333333
13319 1.1152380952381
13319 0
13319 3.2597619047619
13319 2.12547619047619
13319 2
13319 2.68047619047619
13319 0.0019047619047619
13319 0.0169047619047619
13319 0.0133333333333333
13320 1.1152380952381
13320 0
13320 3.2597619047619
13320 2.12547619047619
13320 2
13320 2.68047619047619
13320 0.0019047619047619
13320 0.0169047619047619
13320 0.0133333333333333
13322 1.1152380952381
13322 0
13322 3.2597619047619
13322 2.12547619047619
13322 2
13322 2.68047619047619
13322 0.0019047619047619
13322 0.0169047619047619
13322 0.0133333333333333
13323 1.1152380952381
13323 0
13323 3.2597619047619
13323 2.12547619047619
13323 2
13323 2.68047619047619
13323 0.0019047619047619
13323 0.0169047619047619
13323 0.0133333333333333
13324 1.1152380952381
13324 0
13324 3.2597619047619
13324 2.12547619047619
13324 2
13324 2.68047619047619
13324 0.0019047619047619
13324 0.0169047619047619
13324 0.0133333333333333
13390 1.1152380952381
13390 0
13390 3.2597619047619
13390 2.12547619047619
13390 2
13390 2.68047619047619
13390 0.0019047619047619
13390 0.0169047619047619
13390 0.0133333333333333
13391 1.1152380952381
13391 0
13391 3.2597619047619
13391 2.12547619047619
13391 2
13391 2.68047619047619
13391 0.0019047619047619
13391 0.0169047619047619
13391 0.0133333333333333
13400 1.1152380952381
13400 0
13400 3.2597619047619
13400 2.12547619047619
13400 2
13400 2.68047619047619
13400 0.0019047619047619
13400 0.0169047619047619
13400 0.0133333333333333
13404 1.1152380952381
13404 0
13404 3.2597619047619
13404 2.12547619047619
13404 2
13404 2.68047619047619
13404 0.0019047619047619
13404 0.0169047619047619
13404 0.0133333333333333
13406 1.1152380952381
13406 0
13406 3.2597619047619
13406 2.12547619047619
13406 2
13406 2.68047619047619
13406 0.0019047619047619
13406 0.0169047619047619
13406 0.0133333333333333
13407 1.1152380952381
13407 0
13407 3.2597619047619
13407 2.12547619047619
13407 2
13407 2.68047619047619
13407 0.0019047619047619
13407 0.0169047619047619
13407 0.0133333333333333
13408 1.1152380952381
13408 0
13408 3.2597619047619
13408 2.12547619047619
13408 2
13408 2.68047619047619
13408 0.0019047619047619
13408 0.0169047619047619
13408 0.0133333333333333
13409 1.1152380952381
13409 0
13409 3.2597619047619
13409 2.12547619047619
13409 2
13409 2.68047619047619
13409 0.0019047619047619
13409 0.0169047619047619
13409 0.0133333333333333
13481 1.1152380952381
13481 0
13481 3.2597619047619
13481 2.12547619047619
13481 2
13481 2.68047619047619
13481 0.0019047619047619
13481 0.0169047619047619
13481 0.0133333333333333
13483 1.1152380952381
13483 0
13483 3.2597619047619
13483 2.12547619047619
13483 2
13483 2.68047619047619
13483 0.0019047619047619
13483 0.0169047619047619
13483 0.0133333333333333
13485 1.1152380952381
13485 0
13485 3.2597619047619
13485 2.12547619047619
13485 2
13485 2.68047619047619
13485 0.0019047619047619
13485 0.0169047619047619
13485 0.0133333333333333
13490 1.1152380952381
13490 0
13490 3.2597619047619
13490 2.12547619047619
13490 2
13490 2.68047619047619
13490 0.0019047619047619
13490 0.0169047619047619
13490 0.0133333333333333
13552 1.1152380952381
13552 0
13552 3.2597619047619
13552 2.12547619047619
13552 2
13552 2.68047619047619
13552 0.0019047619047619
13552 0.0169047619047619
13552 0.0133333333333333
13553 1.1152380952381
13553 0
13553 3.2597619047619
13553 2.12547619047619
13553 2
13553 2.68047619047619
13553 0.0019047619047619
13553 0.0169047619047619
13553 0.0133333333333333
13556 1.1152380952381
13556 0
13556 3.2597619047619
13556 2.12547619047619
13556 2
13556 2.68047619047619
13556 0.0019047619047619
13556 0.0169047619047619
13556 0.0133333333333333
13558 1.1152380952381
13558 0
13558 3.2597619047619
13558 2.12547619047619
13558 2
13558 2.68047619047619
13558 0.0019047619047619
13558 0.0169047619047619
13558 0.0133333333333333
13559 1.1152380952381
13559 0
13559 3.2597619047619
13559 2.12547619047619
13559 2
13559 2.68047619047619
13559 0.0019047619047619
13559 0.0169047619047619
13559 0.0133333333333333
13608 1.1152380952381
13608 0
13608 3.2597619047619
13608 2.12547619047619
13608 2
13608 2.68047619047619
13608 0.0019047619047619
13608 0.0169047619047619
13608 0.0133333333333333
13609 1.1152380952381
13609 0
13609 3.2597619047619
13609 2.12547619047619
13609 2
13609 2.68047619047619
13609 0.0019047619047619
13609 0.0169047619047619
13609 0.0133333333333333
13610 1.1152380952381
13610 0
13610 3.2597619047619
13610 2.12547619047619
13610 2
13610 2.68047619047619
13610 0.0019047619047619
13610 0.0169047619047619
13610 0.0133333333333333
13613 1.1152380952381
13613 0
13613 3.2597619047619
13613 2.12547619047619
13613 2
13613 2.68047619047619
13613 0.0019047619047619
13613 0.0169047619047619
13613 0.0133333333333333
13614 1.1152380952381
13614 0
13614 3.2597619047619
13614 2.12547619047619
13614 2
13614 2.68047619047619
13614 0.0019047619047619
13614 0.0169047619047619
13614 0.0133333333333333
13615 1.1152380952381
13615 0
13615 3.2597619047619
13615 2.12547619047619
13615 2
13615 2.68047619047619
13615 0.0019047619047619
13615 0.0169047619047619
13615 0.0133333333333333
13616 1.1152380952381
13616 0
13616 3.2597619047619
13616 2.12547619047619
13616 2
13616 2.68047619047619
13616 0.0019047619047619
13616 0.0169047619047619
13616 0.0133333333333333
13617 1.1152380952381
13617 0
13617 3.2597619047619
13617 2.12547619047619
13617 2
13617 2.68047619047619
13617 0.0019047619047619
13617 0.0169047619047619
13617 0.0133333333333333
13618 1.1152380952381
13618 0
13618 3.2597619047619
13618 2.12547619047619
13618 2
13618 2.68047619047619
13618 0.0019047619047619
13618 0.0169047619047619
13618 0.0133333333333333
13619 1.1152380952381
13619 0
13619 3.2597619047619
13619 2.12547619047619
13619 2
13619 2.68047619047619
13619 0.0019047619047619
13619 0.0169047619047619
13619 0.0133333333333333
13656 1.1152380952381
13656 0
13656 3.2597619047619
13656 2.12547619047619
13656 2
13656 2.68047619047619
13656 0.0019047619047619
13656 0.0169047619047619
13656 0.0133333333333333
13670 1.1152380952381
13670 0
13670 3.2597619047619
13670 2.12547619047619
13670 2
13670 2.68047619047619
13670 0.0019047619047619
13670 0.0169047619047619
13670 0.0133333333333333
13671 1.1152380952381
13671 0
13671 3.2597619047619
13671 2.12547619047619
13671 2
13671 2.68047619047619
13671 0.0019047619047619
13671 0.0169047619047619
13671 0.0133333333333333
13672 1.1152380952381
13672 0
13672 3.2597619047619
13672 2.12547619047619
13672 2
13672 2.68047619047619
13672 0.0019047619047619
13672 0.0169047619047619
13672 0.0133333333333333
13673 1.1152380952381
13673 0
13673 3.2597619047619
13673 2.12547619047619
13673 2
13673 2.68047619047619
13673 0.0019047619047619
13673 0.0169047619047619
13673 0.0133333333333333
13674 1.1152380952381
13674 0
13674 3.2597619047619
13674 2.12547619047619
13674 2
13674 2.68047619047619
13674 0.0019047619047619
13674 0.0169047619047619
13674 0.0133333333333333
13675 1.1152380952381
13675 0
13675 3.2597619047619
13675 2.12547619047619
13675 2
13675 2.68047619047619
13675 0.0019047619047619
13675 0.0169047619047619
13675 0.0133333333333333
13676 1.1152380952381
13676 0
13676 3.2597619047619
13676 2.12547619047619
13676 2
13676 2.68047619047619
13676 0.0019047619047619
13676 0.0169047619047619
13676 0.0133333333333333
13709 1.1152380952381
13709 0
13709 3.2597619047619
13709 2.12547619047619
13709 2
13709 2.68047619047619
13709 0.0019047619047619
13709 0.0169047619047619
13709 0.0133333333333333
13715 1.1152380952381
13715 0
13715 3.2597619047619
13715 2.12547619047619
13715 2
13715 2.68047619047619
13715 0.0019047619047619
13715 0.0169047619047619
13715 0.0133333333333333
13717 1.1152380952381
13717 0
13717 3.2597619047619
13717 2.12547619047619
13717 2
13717 2.68047619047619
13717 0.0019047619047619
13717 0.0169047619047619
13717 0.0133333333333333
13724 1.1152380952381
13724 0
13724 3.2597619047619
13724 2.12547619047619
13724 2
13724 2.68047619047619
13724 0.0019047619047619
13724 0.0169047619047619
13724 0.0133333333333333
13725 1.1152380952381
13725 0
13725 3.2597619047619
13725 2.12547619047619
13725 2
13725 2.68047619047619
13725 0.0019047619047619
13725 0.0169047619047619
13725 0.0133333333333333
13726 1.1152380952381
13726 0
13726 3.2597619047619
13726 2.12547619047619
13726 2
13726 2.68047619047619
13726 0.0019047619047619
13726 0.0169047619047619
13726 0.0133333333333333
13727 1.1152380952381
13727 0
13727 3.2597619047619
13727 2.12547619047619
13727 2
13727 2.68047619047619
13727 0.0019047619047619
13727 0.0169047619047619
13727 0.0133333333333333
13728 1.1152380952381
13728 0
13728 3.2597619047619
13728 2.12547619047619
13728 2
13728 2.68047619047619
13728 0.0019047619047619
13728 0.0169047619047619
13728 0.0133333333333333
13729 1.1152380952381
13729 0
13729 3.2597619047619
13729 2.12547619047619
13729 2
13729 2.68047619047619
13729 0.0019047619047619
13729 0.0169047619047619
13729 0.0133333333333333
13730 1.1152380952381
13730 0
13730 3.2597619047619
13730 2.12547619047619
13730 2
13730 2.68047619047619
13730 0.0019047619047619
13730 0.0169047619047619
13730 0.0133333333333333
13731 1.1152380952381
13731 0
13731 3.2597619047619
13731 2.12547619047619
13731 2
13731 2.68047619047619
13731 0.0019047619047619
13731 0.0169047619047619
13731 0.0133333333333333
13764 1.1152380952381
13764 0
13764 3.2597619047619
13764 2.12547619047619
13764 2
13764 2.68047619047619
13764 0.0019047619047619
13764 0.0169047619047619
13764 0.0133333333333333
13766 1.1152380952381
13766 0
13766 3.2597619047619
13766 2.12547619047619
13766 2
13766 2.68047619047619
13766 0.0019047619047619
13766 0.0169047619047619
13766 0.0133333333333333
13780 1.1152380952381
13780 0
13780 3.2597619047619
13780 2.12547619047619
13780 2
13780 2.68047619047619
13780 0.0019047619047619
13780 0.0169047619047619
13780 0.0133333333333333
13781 1.1152380952381
13781 0
13781 3.2597619047619
13781 2.12547619047619
13781 2
13781 2.68047619047619
13781 0.0019047619047619
13781 0.0169047619047619
13781 0.0133333333333333
13783 1.1152380952381
13783 0
13783 3.2597619047619
13783 2.12547619047619
13783 2
13783 2.68047619047619
13783 0.0019047619047619
13783 0.0169047619047619
13783 0.0133333333333333
13784 1.1152380952381
13784 0
13784 3.2597619047619
13784 2.12547619047619
13784 2
13784 2.68047619047619
13784 0.0019047619047619
13784 0.0169047619047619
13784 0.0133333333333333
13785 1.1152380952381
13785 0
13785 3.2597619047619
13785 2.12547619047619
13785 2
13785 2.68047619047619
13785 0.0019047619047619
13785 0.0169047619047619
13785 0.0133333333333333
13822 1.1152380952381
13822 0
13822 3.2597619047619
13822 2.12547619047619
13822 2
13822 2.68047619047619
13822 0.0019047619047619
13822 0.0169047619047619
13822 0.0133333333333333
13826 1.1152380952381
13826 0
13826 3.2597619047619
13826 2.12547619047619
13826 2
13826 2.68047619047619
13826 0.0019047619047619
13826 0.0169047619047619
13826 0.0133333333333333
13829 1.1152380952381
13829 0
13829 3.2597619047619
13829 2.12547619047619
13829 2
13829 2.68047619047619
13829 0.0019047619047619
13829 0.0169047619047619
13829 0.0133333333333333
13831 1.1152380952381
13831 0
13831 3.2597619047619
13831 2.12547619047619
13831 2
13831 2.68047619047619
13831 0.0019047619047619
13831 0.0169047619047619
13831 0.0133333333333333
13832 1.1152380952381
13832 0
13832 3.2597619047619
13832 2.12547619047619
13832 2
13832 2.68047619047619
13832 0.0019047619047619
13832 0.0169047619047619
13832 0.0133333333333333
13833 1.1152380952381
13833 0
13833 3.2597619047619
13833 2.12547619047619
13833 2
13833 2.68047619047619
13833 0.0019047619047619
13833 0.0169047619047619
13833 0.0133333333333333
13834 1.1152380952381
13834 0
13834 3.2597619047619
13834 2.12547619047619
13834 2
13834 2.68047619047619
13834 0.0019047619047619
13834 0.0169047619047619
13834 0.0133333333333333
13835 1.1152380952381
13835 0
13835 3.2597619047619
13835 2.12547619047619
13835 2
13835 2.68047619047619
13835 0.0019047619047619
13835 0.0169047619047619
13835 0.0133333333333333
13836 1.1152380952381
13836 0
13836 3.2597619047619
13836 2.12547619047619
13836 2
13836 2.68047619047619
13836 0.0019047619047619
13836 0.0169047619047619
13836 0.0133333333333333
13837 1.1152380952381
13837 0
13837 3.2597619047619
13837 2.12547619047619
13837 2
13837 2.68047619047619
13837 0.0019047619047619
13837 0.0169047619047619
13837 0.0133333333333333
13838 1.1152380952381
13838 0
13838 3.2597619047619
13838 2.12547619047619
13838 2
13838 2.68047619047619
13838 0.0019047619047619
13838 0.0169047619047619
13838 0.0133333333333333
13880 1.1152380952381
13880 0
13880 3.2597619047619
13880 2.12547619047619
13880 2
13880 2.68047619047619
13880 0.0019047619047619
13880 0.0169047619047619
13880 0.0133333333333333
13887 1.1152380952381
13887 0
13887 3.2597619047619
13887 2.12547619047619
13887 2
13887 2.68047619047619
13887 0.0019047619047619
13887 0.0169047619047619
13887 0.0133333333333333
13888 1.1152380952381
13888 0
13888 3.2597619047619
13888 2.12547619047619
13888 2
13888 2.68047619047619
13888 0.0019047619047619
13888 0.0169047619047619
13888 0.0133333333333333
13889 1.1152380952381
13889 0
13889 3.2597619047619
13889 2.12547619047619
13889 2
13889 2.68047619047619
13889 0.0019047619047619
13889 0.0169047619047619
13889 0.0133333333333333
13890 1.1152380952381
13890 0
13890 3.2597619047619
13890 2.12547619047619
13890 2
13890 2.68047619047619
13890 0.0019047619047619
13890 0.0169047619047619
13890 0.0133333333333333
13892 1.1152380952381
13892 0
13892 3.2597619047619
13892 2.12547619047619
13892 2
13892 2.68047619047619
13892 0.0019047619047619
13892 0.0169047619047619
13892 0.0133333333333333
13893 1.1152380952381
13893 0
13893 3.2597619047619
13893 2.12547619047619
13893 2
13893 2.68047619047619
13893 0.0019047619047619
13893 0.0169047619047619
13893 0.0133333333333333
13928 1.1152380952381
13928 0
13928 3.2597619047619
13928 2.12547619047619
13928 2
13928 2.68047619047619
13928 0.0019047619047619
13928 0.0169047619047619
13928 0.0133333333333333
13936 1.1152380952381
13936 0
13936 3.2597619047619
13936 2.12547619047619
13936 2
13936 2.68047619047619
13936 0.0019047619047619
13936 0.0169047619047619
13936 0.0133333333333333
13944 1.1152380952381
13944 0
13944 3.2597619047619
13944 2.12547619047619
13944 2
13944 2.68047619047619
13944 0.0019047619047619
13944 0.0169047619047619
13944 0.0133333333333333
13945 1.1152380952381
13945 0
13945 3.2597619047619
13945 2.12547619047619
13945 2
13945 2.68047619047619
13945 0.0019047619047619
13945 0.0169047619047619
13945 0.0133333333333333
13946 1.1152380952381
13946 0
13946 3.2597619047619
13946 2.12547619047619
13946 2
13946 2.68047619047619
13946 0.0019047619047619
13946 0.0169047619047619
13946 0.0133333333333333
13947 1.1152380952381
13947 0
13947 3.2597619047619
13947 2.12547619047619
13947 2
13947 2.68047619047619
13947 0.0019047619047619
13947 0.0169047619047619
13947 0.0133333333333333
13948 1.1152380952381
13948 0
13948 3.2597619047619
13948 2.12547619047619
13948 2
13948 2.68047619047619
13948 0.0019047619047619
13948 0.0169047619047619
13948 0.0133333333333333
13949 1.1152380952381
13949 0
13949 3.2597619047619
13949 2.12547619047619
13949 2
13949 2.68047619047619
13949 0.0019047619047619
13949 0.0169047619047619
13949 0.0133333333333333
13950 1.1152380952381
13950 0
13950 3.2597619047619
13950 2.12547619047619
13950 2
13950 2.68047619047619
13950 0.0019047619047619
13950 0.0169047619047619
13950 0.0133333333333333
13951 1.1152380952381
13951 0
13951 3.2597619047619
13951 2.12547619047619
13951 2
13951 2.68047619047619
13951 0.0019047619047619
13951 0.0169047619047619
13951 0.0133333333333333
13952 1.1152380952381
13952 0
13952 3.2597619047619
13952 2.12547619047619
13952 2
13952 2.68047619047619
13952 0.0019047619047619
13952 0.0169047619047619
13952 0.0133333333333333
13986 1.1152380952381
13986 0
13986 3.2597619047619
13986 2.12547619047619
13986 2
13986 2.68047619047619
13986 0.0019047619047619
13986 0.0169047619047619
13986 0.0133333333333333
13999 1.1152380952381
13999 0
13999 3.2597619047619
13999 2.12547619047619
13999 2
13999 2.68047619047619
13999 0.0019047619047619
13999 0.0169047619047619
13999 0.0133333333333333
14002 1.1152380952381
14002 0
14002 3.2597619047619
14002 2.12547619047619
14002 2
14002 2.68047619047619
14002 0.0019047619047619
14002 0.0169047619047619
14002 0.0133333333333333
14003 1.1152380952381
14003 0
14003 3.2597619047619
14003 2.12547619047619
14003 2
14003 2.68047619047619
14003 0.0019047619047619
14003 0.0169047619047619
14003 0.0133333333333333
14004 1.1152380952381
14004 0
14004 3.2597619047619
14004 2.12547619047619
14004 2
14004 2.68047619047619
14004 0.0019047619047619
14004 0.0169047619047619
14004 0.0133333333333333
14005 1.1152380952381
14005 0
14005 3.2597619047619
14005 2.12547619047619
14005 2
14005 2.68047619047619
14005 0.0019047619047619
14005 0.0169047619047619
14005 0.0133333333333333
14006 1.1152380952381
14006 0
14006 3.2597619047619
14006 2.12547619047619
14006 2
14006 2.68047619047619
14006 0.0019047619047619
14006 0.0169047619047619
14006 0.0133333333333333
14007 1.1152380952381
14007 0
14007 3.2597619047619
14007 2.12547619047619
14007 2
14007 2.68047619047619
14007 0.0019047619047619
14007 0.0169047619047619
14007 0.0133333333333333
14008 1.1152380952381
14008 0
14008 3.2597619047619
14008 2.12547619047619
14008 2
14008 2.68047619047619
14008 0.0019047619047619
14008 0.0169047619047619
14008 0.0133333333333333
14009 1.1152380952381
14009 0
14009 3.2597619047619
14009 2.12547619047619
14009 2
14009 2.68047619047619
14009 0.0019047619047619
14009 0.0169047619047619
14009 0.0133333333333333
14045 1.1152380952381
14045 0
14045 3.2597619047619
14045 2.12547619047619
14045 2
14045 2.68047619047619
14045 0.0019047619047619
14045 0.0169047619047619
14045 0.0133333333333333
14055 1.1152380952381
14055 0
14055 3.2597619047619
14055 2.12547619047619
14055 2
14055 2.68047619047619
14055 0.0019047619047619
14055 0.0169047619047619
14055 0.0133333333333333
14057 1.1152380952381
14057 0
14057 3.2597619047619
14057 2.12547619047619
14057 2
14057 2.68047619047619
14057 0.0019047619047619
14057 0.0169047619047619
14057 0.0133333333333333
14058 1.1152380952381
14058 0
14058 3.2597619047619
14058 2.12547619047619
14058 2
14058 2.68047619047619
14058 0.0019047619047619
14058 0.0169047619047619
14058 0.0133333333333333
14059 1.1152380952381
14059 0
14059 3.2597619047619
14059 2.12547619047619
14059 2
14059 2.68047619047619
14059 0.0019047619047619
14059 0.0169047619047619
14059 0.0133333333333333
14060 1.1152380952381
14060 0
14060 3.2597619047619
14060 2.12547619047619
14060 2
14060 2.68047619047619
14060 0.0019047619047619
14060 0.0169047619047619
14060 0.0133333333333333
14061 1.1152380952381
14061 0
14061 3.2597619047619
14061 2.12547619047619
14061 2
14061 2.68047619047619
14061 0.0019047619047619
14061 0.0169047619047619
14061 0.0133333333333333
14062 1.1152380952381
14062 0
14062 3.2597619047619
14062 2.12547619047619
14062 2
14062 2.68047619047619
14062 0.0019047619047619
14062 0.0169047619047619
14062 0.0133333333333333
14064 1.1152380952381
14064 0
14064 3.2597619047619
14064 2.12547619047619
14064 2
14064 2.68047619047619
14064 0.0019047619047619
14064 0.0169047619047619
14064 0.0133333333333333
14092 1.1152380952381
14092 0
14092 3.2597619047619
14092 2.12547619047619
14092 2
14092 2.68047619047619
14092 0.0019047619047619
14092 0.0169047619047619
14092 0.0133333333333333
14107 1.1152380952381
14107 0
14107 3.2597619047619
14107 2.12547619047619
14107 2
14107 2.68047619047619
14107 0.0019047619047619
14107 0.0169047619047619
14107 0.0133333333333333
14108 1.1152380952381
14108 0
14108 3.2597619047619
14108 2.12547619047619
14108 2
14108 2.68047619047619
14108 0.0019047619047619
14108 0.0169047619047619
14108 0.0133333333333333
14109 1.1152380952381
14109 0
14109 3.2597619047619
14109 2.12547619047619
14109 2
14109 2.68047619047619
14109 0.0019047619047619
14109 0.0169047619047619
14109 0.0133333333333333
14110 1.1152380952381
14110 0
14110 3.2597619047619
14110 2.12547619047619
14110 2
14110 2.68047619047619
14110 0.0019047619047619
14110 0.0169047619047619
14110 0.0133333333333333
14113 1.1152380952381
14113 0
14113 3.2597619047619
14113 2.12547619047619
14113 2
14113 2.68047619047619
14113 0.0019047619047619
14113 0.0169047619047619
14113 0.0133333333333333
14114 1.1152380952381
14114 0
14114 3.2597619047619
14114 2.12547619047619
14114 2
14114 2.68047619047619
14114 0.0019047619047619
14114 0.0169047619047619
14114 0.0133333333333333
14115 1.1152380952381
14115 0
14115 3.2597619047619
14115 2.12547619047619
14115 2
14115 2.68047619047619
14115 0.0019047619047619
14115 0.0169047619047619
14115 0.0133333333333333
14145 1.1152380952381
14145 0
14145 3.2597619047619
14145 2.12547619047619
14145 2
14145 2.68047619047619
14145 0.0019047619047619
14145 0.0169047619047619
14145 0.0133333333333333
14152 1.1152380952381
14152 0
14152 3.2597619047619
14152 2.12547619047619
14152 2
14152 2.68047619047619
14152 0.0019047619047619
14152 0.0169047619047619
14152 0.0133333333333333
14155 1.1152380952381
14155 0
14155 3.2597619047619
14155 2.12547619047619
14155 2
14155 2.68047619047619
14155 0.0019047619047619
14155 0.0169047619047619
14155 0.0133333333333333
14160 1.1152380952381
14160 0
14160 3.2597619047619
14160 2.12547619047619
14160 2
14160 2.68047619047619
14160 0.0019047619047619
14160 0.0169047619047619
14160 0.0133333333333333
14161 1.1152380952381
14161 0
14161 3.2597619047619
14161 2.12547619047619
14161 2
14161 2.68047619047619
14161 0.0019047619047619
14161 0.0169047619047619
14161 0.0133333333333333
14163 1.1152380952381
14163 0
14163 3.2597619047619
14163 2.12547619047619
14163 2
14163 2.68047619047619
14163 0.0019047619047619
14163 0.0169047619047619
14163 0.0133333333333333
14164 1.1152380952381
14164 0
14164 3.2597619047619
14164 2.12547619047619
14164 2
14164 2.68047619047619
14164 0.0019047619047619
14164 0.0169047619047619
14164 0.0133333333333333
14169 1.1152380952381
14169 0
14169 3.2597619047619
14169 2.12547619047619
14169 2
14169 2.68047619047619
14169 0.0019047619047619
14169 0.0169047619047619
14169 0.0133333333333333
14193 1.1152380952381
14193 0
14193 3.2597619047619
14193 2.12547619047619
14193 2
14193 2.68047619047619
14193 0.0019047619047619
14193 0.0169047619047619
14193 0.0133333333333333
14195 1.1152380952381
14195 0
14195 3.2597619047619
14195 2.12547619047619
14195 2
14195 2.68047619047619
14195 0.0019047619047619
14195 0.0169047619047619
14195 0.0133333333333333
14201 1.1152380952381
14201 0
14201 3.2597619047619
14201 2.12547619047619
14201 2
14201 2.68047619047619
14201 0.0019047619047619
14201 0.0169047619047619
14201 0.0133333333333333
14210 1.1152380952381
14210 0
14210 3.2597619047619
14210 2.12547619047619
14210 2
14210 2.68047619047619
14210 0.0019047619047619
14210 0.0169047619047619
14210 0.0133333333333333
14211 1.1152380952381
14211 0
14211 3.2597619047619
14211 2.12547619047619
14211 2
14211 2.68047619047619
14211 0.0019047619047619
14211 0.0169047619047619
14211 0.0133333333333333
14212 1.1152380952381
14212 0
14212 3.2597619047619
14212 2.12547619047619
14212 2
14212 2.68047619047619
14212 0.0019047619047619
14212 0.0169047619047619
14212 0.0133333333333333
14214 1.1152380952381
14214 0
14214 3.2597619047619
14214 2.12547619047619
14214 2
14214 2.68047619047619
14214 0.0019047619047619
14214 0.0169047619047619
14214 0.0133333333333333
14241 1.1152380952381
14241 0
14241 3.2597619047619
14241 2.12547619047619
14241 2
14241 2.68047619047619
14241 0.0019047619047619
14241 0.0169047619047619
14241 0.0133333333333333
14242 1.1152380952381
14242 0
14242 3.2597619047619
14242 2.12547619047619
14242 2
14242 2.68047619047619
14242 0.0019047619047619
14242 0.0169047619047619
14242 0.0133333333333333
14247 1.1152380952381
14247 0
14247 3.2597619047619
14247 2.12547619047619
14247 2
14247 2.68047619047619
14247 0.0019047619047619
14247 0.0169047619047619
14247 0.0133333333333333
14249 1.1152380952381
14249 0
14249 3.2597619047619
14249 2.12547619047619
14249 2
14249 2.68047619047619
14249 0.0019047619047619
14249 0.0169047619047619
14249 0.0133333333333333
14250 1.1152380952381
14250 0
14250 3.2597619047619
14250 2.12547619047619
14250 2
14250 2.68047619047619
14250 0.0019047619047619
14250 0.0169047619047619
14250 0.0133333333333333
14253 1.1152380952381
14253 0
14253 3.2597619047619
14253 2.12547619047619
14253 2
14253 2.68047619047619
14253 0.0019047619047619
14253 0.0169047619047619
14253 0.0133333333333333
14254 1.1152380952381
14254 0
14254 3.2597619047619
14254 2.12547619047619
14254 2
14254 2.68047619047619
14254 0.0019047619047619
14254 0.0169047619047619
14254 0.0133333333333333
14255 1.1152380952381
14255 0
14255 3.2597619047619
14255 2.12547619047619
14255 2
14255 2.68047619047619
14255 0.0019047619047619
14255 0.0169047619047619
14255 0.0133333333333333
14256 1.1152380952381
14256 0
14256 3.2597619047619
14256 2.12547619047619
14256 2
14256 2.68047619047619
14256 0.0019047619047619
14256 0.0169047619047619
14256 0.0133333333333333
14257 1.1152380952381
14257 0
14257 3.2597619047619
14257 2.12547619047619
14257 2
14257 2.68047619047619
14257 0.0019047619047619
14257 0.0169047619047619
14257 0.0133333333333333
14258 1.1152380952381
14258 0
14258 3.2597619047619
14258 2.12547619047619
14258 2
14258 2.68047619047619
14258 0.0019047619047619
14258 0.0169047619047619
14258 0.0133333333333333
14259 1.1152380952381
14259 0
14259 3.2597619047619
14259 2.12547619047619
14259 2
14259 2.68047619047619
14259 0.0019047619047619
14259 0.0169047619047619
14259 0.0133333333333333
14261 1.1152380952381
14261 0
14261 3.2597619047619
14261 2.12547619047619
14261 2
14261 2.68047619047619
14261 0.0019047619047619
14261 0.0169047619047619
14261 0.0133333333333333
14264 1.1152380952381
14264 0
14264 3.2597619047619
14264 2.12547619047619
14264 2
14264 2.68047619047619
14264 0.0019047619047619
14264 0.0169047619047619
14264 0.0133333333333333
14287 1.1152380952381
14287 0
14287 3.2597619047619
14287 2.12547619047619
14287 2
14287 2.68047619047619
14287 0.0019047619047619
14287 0.0169047619047619
14287 0.0133333333333333
14291 1.1152380952381
14291 0
14291 3.2597619047619
14291 2.12547619047619
14291 2
14291 2.68047619047619
14291 0.0019047619047619
14291 0.0169047619047619
14291 0.0133333333333333
14293 1.1152380952381
14293 0
14293 3.2597619047619
14293 2.12547619047619
14293 2
14293 2.68047619047619
14293 0.0019047619047619
14293 0.0169047619047619
14293 0.0133333333333333
14299 1.1152380952381
14299 0
14299 3.2597619047619
14299 2.12547619047619
14299 2
14299 2.68047619047619
14299 0.0019047619047619
14299 0.0169047619047619
14299 0.0133333333333333
14300 1.1152380952381
14300 0
14300 3.2597619047619
14300 2.12547619047619
14300 2
14300 2.68047619047619
14300 0.0019047619047619
14300 0.0169047619047619
14300 0.0133333333333333
14301 1.1152380952381
14301 0
14301 3.2597619047619
14301 2.12547619047619
14301 2
14301 2.68047619047619
14301 0.0019047619047619
14301 0.0169047619047619
14301 0.0133333333333333
14302 1.1152380952381
14302 0
14302 3.2597619047619
14302 2.12547619047619
14302 2
14302 2.68047619047619
14302 0.0019047619047619
14302 0.0169047619047619
14302 0.0133333333333333
14303 1.1152380952381
14303 0
14303 3.2597619047619
14303 2.12547619047619
14303 2
14303 2.68047619047619
14303 0.0019047619047619
14303 0.0169047619047619
14303 0.0133333333333333
14305 1.1152380952381
14305 0
14305 3.2597619047619
14305 2.12547619047619
14305 2
14305 2.68047619047619
14305 0.0019047619047619
14305 0.0169047619047619
14305 0.0133333333333333
14306 1.1152380952381
14306 0
14306 3.2597619047619
14306 2.12547619047619
14306 2
14306 2.68047619047619
14306 0.0019047619047619
14306 0.0169047619047619
14306 0.0133333333333333
14307 1.1152380952381
14307 0
14307 3.2597619047619
14307 2.12547619047619
14307 2
14307 2.68047619047619
14307 0.0019047619047619
14307 0.0169047619047619
14307 0.0133333333333333
14309 1.1152380952381
14309 0
14309 3.2597619047619
14309 2.12547619047619
14309 2
14309 2.68047619047619
14309 0.0019047619047619
14309 0.0169047619047619
14309 0.0133333333333333
14311 1.1152380952381
14311 0
14311 3.2597619047619
14311 2.12547619047619
14311 2
14311 2.68047619047619
14311 0.0019047619047619
14311 0.0169047619047619
14311 0.0133333333333333
14331 1.1152380952381
14331 0
14331 3.2597619047619
14331 2.12547619047619
14331 2
14331 2.68047619047619
14331 0.0019047619047619
14331 0.0169047619047619
14331 0.0133333333333333
14337 1.1152380952381
14337 0
14337 3.2597619047619
14337 2.12547619047619
14337 2
14337 2.68047619047619
14337 0.0019047619047619
14337 0.0169047619047619
14337 0.0133333333333333
14338 1.1152380952381
14338 0
14338 3.2597619047619
14338 2.12547619047619
14338 2
14338 2.68047619047619
14338 0.0019047619047619
14338 0.0169047619047619
14338 0.0133333333333333
14343 1.1152380952381
14343 0
14343 3.2597619047619
14343 2.12547619047619
14343 2
14343 2.68047619047619
14343 0.0019047619047619
14343 0.0169047619047619
14343 0.0133333333333333
14344 1.1152380952381
14344 0
14344 3.2597619047619
14344 2.12547619047619
14344 2
14344 2.68047619047619
14344 0.0019047619047619
14344 0.0169047619047619
14344 0.0133333333333333
14346 1.1152380952381
14346 0
14346 3.2597619047619
14346 2.12547619047619
14346 2
14346 2.68047619047619
14346 0.0019047619047619
14346 0.0169047619047619
14346 0.0133333333333333
14349 1.1152380952381
14349 0
14349 3.2597619047619
14349 2.12547619047619
14349 2
14349 2.68047619047619
14349 0.0019047619047619
14349 0.0169047619047619
14349 0.0133333333333333
14350 1.1152380952381
14350 0
14350 3.2597619047619
14350 2.12547619047619
14350 2
14350 2.68047619047619
14350 0.0019047619047619
14350 0.0169047619047619
14350 0.0133333333333333
14351 1.1152380952381
14351 0
14351 3.2597619047619
14351 2.12547619047619
14351 2
14351 2.68047619047619
14351 0.0019047619047619
14351 0.0169047619047619
14351 0.0133333333333333
14352 1.1152380952381
14352 0
14352 3.2597619047619
14352 2.12547619047619
14352 2
14352 2.68047619047619
14352 0.0019047619047619
14352 0.0169047619047619
14352 0.0133333333333333
14353 1.1152380952381
14353 0
14353 3.2597619047619
14353 2.12547619047619
14353 2
14353 2.68047619047619
14353 0.0019047619047619
14353 0.0169047619047619
14353 0.0133333333333333
14355 1.1152380952381
14355 0
14355 3.2597619047619
14355 2.12547619047619
14355 2
14355 2.68047619047619
14355 0.0019047619047619
14355 0.0169047619047619
14355 0.0133333333333333
14375 1.1152380952381
14375 0
14375 3.2597619047619
14375 2.12547619047619
14375 2
14375 2.68047619047619
14375 0.0019047619047619
14375 0.0169047619047619
14375 0.0133333333333333
14380 1.1152380952381
14380 0
14380 3.2597619047619
14380 2.12547619047619
14380 2
14380 2.68047619047619
14380 0.0019047619047619
14380 0.0169047619047619
14380 0.0133333333333333
14381 1.1152380952381
14381 0
14381 3.2597619047619
14381 2.12547619047619
14381 2
14381 2.68047619047619
14381 0.0019047619047619
14381 0.0169047619047619
14381 0.0133333333333333
14385 1.1152380952381
14385 0
14385 3.2597619047619
14385 2.12547619047619
14385 2
14385 2.68047619047619
14385 0.0019047619047619
14385 0.0169047619047619
14385 0.0133333333333333
14386 1.1152380952381
14386 0
14386 3.2597619047619
14386 2.12547619047619
14386 2
14386 2.68047619047619
14386 0.0019047619047619
14386 0.0169047619047619
14386 0.0133333333333333
14390 1.1152380952381
14390 0
14390 3.2597619047619
14390 2.12547619047619
14390 2
14390 2.68047619047619
14390 0.0019047619047619
14390 0.0169047619047619
14390 0.0133333333333333
14391 1.1152380952381
14391 0
14391 3.2597619047619
14391 2.12547619047619
14391 2
14391 2.68047619047619
14391 0.0019047619047619
14391 0.0169047619047619
14391 0.0133333333333333
14392 1.1152380952381
14392 0
14392 3.2597619047619
14392 2.12547619047619
14392 2
14392 2.68047619047619
14392 0.0019047619047619
14392 0.0169047619047619
14392 0.0133333333333333
14394 1.1152380952381
14394 0
14394 3.2597619047619
14394 2.12547619047619
14394 2
14394 2.68047619047619
14394 0.0019047619047619
14394 0.0169047619047619
14394 0.0133333333333333
14395 1.1152380952381
14395 0
14395 3.2597619047619
14395 2.12547619047619
14395 2
14395 2.68047619047619
14395 0.0019047619047619
14395 0.0169047619047619
14395 0.0133333333333333
14397 1.1152380952381
14397 0
14397 3.2597619047619
14397 2.12547619047619
14397 2
14397 2.68047619047619
14397 0.0019047619047619
14397 0.0169047619047619
14397 0.0133333333333333
14422 1.1152380952381
14422 0
14422 3.2597619047619
14422 2.12547619047619
14422 2
14422 2.68047619047619
14422 0.0019047619047619
14422 0.0169047619047619
14422 0.0133333333333333
14423 1.1152380952381
14423 0
14423 3.2597619047619
14423 2.12547619047619
14423 2
14423 2.68047619047619
14423 0.0019047619047619
14423 0.0169047619047619
14423 0.0133333333333333
14425 1.1152380952381
14425 0
14425 3.2597619047619
14425 2.12547619047619
14425 2
14425 2.68047619047619
14425 0.0019047619047619
14425 0.0169047619047619
14425 0.0133333333333333
14426 1.1152380952381
14426 0
14426 3.2597619047619
14426 2.12547619047619
14426 2
14426 2.68047619047619
14426 0.0019047619047619
14426 0.0169047619047619
14426 0.0133333333333333
14427 1.1152380952381
14427 0
14427 3.2597619047619
14427 2.12547619047619
14427 2
14427 2.68047619047619
14427 0.0019047619047619
14427 0.0169047619047619
14427 0.0133333333333333
14428 1.1152380952381
14428 0
14428 3.2597619047619
14428 2.12547619047619
14428 2
14428 2.68047619047619
14428 0.0019047619047619
14428 0.0169047619047619
14428 0.0133333333333333
14432 1.1152380952381
14432 0
14432 3.2597619047619
14432 2.12547619047619
14432 2
14432 2.68047619047619
14432 0.0019047619047619
14432 0.0169047619047619
14432 0.0133333333333333
14433 1.1152380952381
14433 0
14433 3.2597619047619
14433 2.12547619047619
14433 2
14433 2.68047619047619
14433 0.0019047619047619
14433 0.0169047619047619
14433 0.0133333333333333
14435 1.1152380952381
14435 0
14435 3.2597619047619
14435 2.12547619047619
14435 2
14435 2.68047619047619
14435 0.0019047619047619
14435 0.0169047619047619
14435 0.0133333333333333
14436 1.1152380952381
14436 0
14436 3.2597619047619
14436 2.12547619047619
14436 2
14436 2.68047619047619
14436 0.0019047619047619
14436 0.0169047619047619
14436 0.0133333333333333
14437 1.1152380952381
14437 0
14437 3.2597619047619
14437 2.12547619047619
14437 2
14437 2.68047619047619
14437 0.0019047619047619
14437 0.0169047619047619
14437 0.0133333333333333
14438 1.1152380952381
14438 0
14438 3.2597619047619
14438 2.12547619047619
14438 2
14438 2.68047619047619
14438 0.0019047619047619
14438 0.0169047619047619
14438 0.0133333333333333
14463 1.1152380952381
14463 0
14463 3.2597619047619
14463 2.12547619047619
14463 2
14463 2.68047619047619
14463 0.0019047619047619
14463 0.0169047619047619
14463 0.0133333333333333
14464 1.1152380952381
14464 0
14464 3.2597619047619
14464 2.12547619047619
14464 2
14464 2.68047619047619
14464 0.0019047619047619
14464 0.0169047619047619
14464 0.0133333333333333
14466 1.1152380952381
14466 0
14466 3.2597619047619
14466 2.12547619047619
14466 2
14466 2.68047619047619
14466 0.0019047619047619
14466 0.0169047619047619
14466 0.0133333333333333
14467 1.1152380952381
14467 0
14467 3.2597619047619
14467 2.12547619047619
14467 2
14467 2.68047619047619
14467 0.0019047619047619
14467 0.0169047619047619
14467 0.0133333333333333
14468 1.1152380952381
14468 0
14468 3.2597619047619
14468 2.12547619047619
14468 2
14468 2.68047619047619
14468 0.0019047619047619
14468 0.0169047619047619
14468 0.0133333333333333
14469 1.1152380952381
14469 0
14469 3.2597619047619
14469 2.12547619047619
14469 2
14469 2.68047619047619
14469 0.0019047619047619
14469 0.0169047619047619
14469 0.0133333333333333
14470 1.1152380952381
14470 0
14470 3.2597619047619
14470 2.12547619047619
14470 2
14470 2.68047619047619
14470 0.0019047619047619
14470 0.0169047619047619
14470 0.0133333333333333
14472 1.1152380952381
14472 0
14472 3.2597619047619
14472 2.12547619047619
14472 2
14472 2.68047619047619
14472 0.0019047619047619
14472 0.0169047619047619
14472 0.0133333333333333
14473 1.1152380952381
14473 0
14473 3.2597619047619
14473 2.12547619047619
14473 2
14473 2.68047619047619
14473 0.0019047619047619
14473 0.0169047619047619
14473 0.0133333333333333
14475 1.1152380952381
14475 0
14475 3.2597619047619
14475 2.12547619047619
14475 2
14475 2.68047619047619
14475 0.0019047619047619
14475 0.0169047619047619
14475 0.0133333333333333
14495 1.1152380952381
14495 0
14495 3.2597619047619
14495 2.12547619047619
14495 2
14495 2.68047619047619
14495 0.0019047619047619
14495 0.0169047619047619
14495 0.0133333333333333
14496 1.1152380952381
14496 0
14496 3.2597619047619
14496 2.12547619047619
14496 2
14496 2.68047619047619
14496 0.0019047619047619
14496 0.0169047619047619
14496 0.0133333333333333
14499 1.1152380952381
14499 0
14499 3.2597619047619
14499 2.12547619047619
14499 2
14499 2.68047619047619
14499 0.0019047619047619
14499 0.0169047619047619
14499 0.0133333333333333
14500 1.1152380952381
14500 0
14500 3.2597619047619
14500 2.12547619047619
14500 2
14500 2.68047619047619
14500 0.0019047619047619
14500 0.0169047619047619
14500 0.0133333333333333
14501 1.1152380952381
14501 0
14501 3.2597619047619
14501 2.12547619047619
14501 2
14501 2.68047619047619
14501 0.0019047619047619
14501 0.0169047619047619
14501 0.0133333333333333
14503 1.1152380952381
14503 0
14503 3.2597619047619
14503 2.12547619047619
14503 2
14503 2.68047619047619
14503 0.0019047619047619
14503 0.0169047619047619
14503 0.0133333333333333
14504 1.1152380952381
14504 0
14504 3.2597619047619
14504 2.12547619047619
14504 2
14504 2.68047619047619
14504 0.0019047619047619
14504 0.0169047619047619
14504 0.0133333333333333
14506 1.1152380952381
14506 0
14506 3.2597619047619
14506 2.12547619047619
14506 2
14506 2.68047619047619
14506 0.0019047619047619
14506 0.0169047619047619
14506 0.0133333333333333
14507 1.1152380952381
14507 0
14507 3.2597619047619
14507 2.12547619047619
14507 2
14507 2.68047619047619
14507 0.0019047619047619
14507 0.0169047619047619
14507 0.0133333333333333
14508 1.1152380952381
14508 0
14508 3.2597619047619
14508 2.12547619047619
14508 2
14508 2.68047619047619
14508 0.0019047619047619
14508 0.0169047619047619
14508 0.0133333333333333
14509 1.1152380952381
14509 0
14509 3.2597619047619
14509 2.12547619047619
14509 2
14509 2.68047619047619
14509 0.0019047619047619
14509 0.0169047619047619
14509 0.0133333333333333
14531 1.1152380952381
14531 0
14531 3.2597619047619
14531 2.12547619047619
14531 2
14531 2.68047619047619
14531 0.0019047619047619
14531 0.0169047619047619
14531 0.0133333333333333
14533 1.1152380952381
14533 0
14533 3.2597619047619
14533 2.12547619047619
14533 2
14533 2.68047619047619
14533 0.0019047619047619
14533 0.0169047619047619
14533 0.0133333333333333
14538 1.1152380952381
14538 0
14538 3.2597619047619
14538 2.12547619047619
14538 2
14538 2.68047619047619
14538 0.0019047619047619
14538 0.0169047619047619
14538 0.0133333333333333
14540 1.1152380952381
14540 0
14540 3.2597619047619
14540 2.12547619047619
14540 2
14540 2.68047619047619
14540 0.0019047619047619
14540 0.0169047619047619
14540 0.0133333333333333
14559 1.1152380952381
14559 0
14559 3.2597619047619
14559 2.12547619047619
14559 2
14559 2.68047619047619
14559 0.0019047619047619
14559 0.0169047619047619
14559 0.0133333333333333
14561 1.1152380952381
14561 0
14561 3.2597619047619
14561 2.12547619047619
14561 2
14561 2.68047619047619
14561 0.0019047619047619
14561 0.0169047619047619
14561 0.0133333333333333
14565 1.1152380952381
14565 0
14565 3.2597619047619
14565 2.12547619047619
14565 2
14565 2.68047619047619
14565 0.0019047619047619
14565 0.0169047619047619
14565 0.0133333333333333
14568 1.1152380952381
14568 0
14568 3.2597619047619
14568 2.12547619047619
14568 2
14568 2.68047619047619
14568 0.0019047619047619
14568 0.0169047619047619
14568 0.0133333333333333
14569 1.1152380952381
14569 0
14569 3.2597619047619
14569 2.12547619047619
14569 2
14569 2.68047619047619
14569 0.0019047619047619
14569 0.0169047619047619
14569 0.0133333333333333
14570 1.1152380952381
14570 0
14570 3.2597619047619
14570 2.12547619047619
14570 2
14570 2.68047619047619
14570 0.0019047619047619
14570 0.0169047619047619
14570 0.0133333333333333
14571 1.1152380952381
14571 0
14571 3.2597619047619
14571 2.12547619047619
14571 2
14571 2.68047619047619
14571 0.0019047619047619
14571 0.0169047619047619
14571 0.0133333333333333
14572 1.1152380952381
14572 0
14572 3.2597619047619
14572 2.12547619047619
14572 2
14572 2.68047619047619
14572 0.0019047619047619
14572 0.0169047619047619
14572 0.0133333333333333
14573 1.1152380952381
14573 0
14573 3.2597619047619
14573 2.12547619047619
14573 2
14573 2.68047619047619
14573 0.0019047619047619
14573 0.0169047619047619
14573 0.0133333333333333
14593 1.1152380952381
14593 0
14593 3.2597619047619
14593 2.12547619047619
14593 2
14593 2.68047619047619
14593 0.0019047619047619
14593 0.0169047619047619
14593 0.0133333333333333
14598 1.1152380952381
14598 0
14598 3.2597619047619
14598 2.12547619047619
14598 2
14598 2.68047619047619
14598 0.0019047619047619
14598 0.0169047619047619
14598 0.0133333333333333
14600 1.1152380952381
14600 0
14600 3.2597619047619
14600 2.12547619047619
14600 2
14600 2.68047619047619
14600 0.0019047619047619
14600 0.0169047619047619
14600 0.0133333333333333
14601 1.1152380952381
14601 0
14601 3.2597619047619
14601 2.12547619047619
14601 2
14601 2.68047619047619
14601 0.0019047619047619
14601 0.0169047619047619
14601 0.0133333333333333
14603 1.1152380952381
14603 0
14603 3.2597619047619
14603 2.12547619047619
14603 2
14603 2.68047619047619
14603 0.0019047619047619
14603 0.0169047619047619
14603 0.0133333333333333
14604 1.1152380952381
14604 0
14604 3.2597619047619
14604 2.12547619047619
14604 2
14604 2.68047619047619
14604 0.0019047619047619
14604 0.0169047619047619
14604 0.0133333333333333
14605 1.1152380952381
14605 0
14605 3.2597619047619
14605 2.12547619047619
14605 2
14605 2.68047619047619
14605 0.0019047619047619
14605 0.0169047619047619
14605 0.0133333333333333
14606 1.1152380952381
14606 0
14606 3.2597619047619
14606 2.12547619047619
14606 2
14606 2.68047619047619
14606 0.0019047619047619
14606 0.0169047619047619
14606 0.0133333333333333
14607 1.1152380952381
14607 0
14607 3.2597619047619
14607 2.12547619047619
14607 2
14607 2.68047619047619
14607 0.0019047619047619
14607 0.0169047619047619
14607 0.0133333333333333
14626 1.1152380952381
14626 0
14626 3.2597619047619
14626 2.12547619047619
14626 2
14626 2.68047619047619
14626 0.0019047619047619
14626 0.0169047619047619
14626 0.0133333333333333
14629 1.1152380952381
14629 0
14629 3.2597619047619
14629 2.12547619047619
14629 2
14629 2.68047619047619
14629 0.0019047619047619
14629 0.0169047619047619
14629 0.0133333333333333
14631 1.1152380952381
14631 0
14631 3.2597619047619
14631 2.12547619047619
14631 2
14631 2.68047619047619
14631 0.0019047619047619
14631 0.0169047619047619
14631 0.0133333333333333
14634 1.1152380952381
14634 0
14634 3.2597619047619
14634 2.12547619047619
14634 2
14634 2.68047619047619
14634 0.0019047619047619
14634 0.0169047619047619
14634 0.0133333333333333
14636 1.1152380952381
14636 0
14636 3.2597619047619
14636 2.12547619047619
14636 2
14636 2.68047619047619
14636 0.0019047619047619
14636 0.0169047619047619
14636 0.0133333333333333
14637 1.1152380952381
14637 0
14637 3.2597619047619
14637 2.12547619047619
14637 2
14637 2.68047619047619
14637 0.0019047619047619
14637 0.0169047619047619
14637 0.0133333333333333
14640 1.1152380952381
14640 0
14640 3.2597619047619
14640 2.12547619047619
14640 2
14640 2.68047619047619
14640 0.0019047619047619
14640 0.0169047619047619
14640 0.0133333333333333
14641 1.1152380952381
14641 0
14641 3.2597619047619
14641 2.12547619047619
14641 2
14641 2.68047619047619
14641 0.0019047619047619
14641 0.0169047619047619
14641 0.0133333333333333
14661 1.1152380952381
14661 0
14661 3.2597619047619
14661 2.12547619047619
14661 2
14661 2.68047619047619
14661 0.0019047619047619
14661 0.0169047619047619
14661 0.0133333333333333
14662 1.1152380952381
14662 0
14662 3.2597619047619
14662 2.12547619047619
14662 2
14662 2.68047619047619
14662 0.0019047619047619
14662 0.0169047619047619
14662 0.0133333333333333
14665 1.1152380952381
14665 0
14665 3.2597619047619
14665 2.12547619047619
14665 2
14665 2.68047619047619
14665 0.0019047619047619
14665 0.0169047619047619
14665 0.0133333333333333
14666 1.1152380952381
14666 0
14666 3.2597619047619
14666 2.12547619047619
14666 2
14666 2.68047619047619
14666 0.0019047619047619
14666 0.0169047619047619
14666 0.0133333333333333
14667 1.1152380952381
14667 0
14667 3.2597619047619
14667 2.12547619047619
14667 2
14667 2.68047619047619
14667 0.0019047619047619
14667 0.0169047619047619
14667 0.0133333333333333
14670 1.1152380952381
14670 0
14670 3.2597619047619
14670 2.12547619047619
14670 2
14670 2.68047619047619
14670 0.0019047619047619
14670 0.0169047619047619
14670 0.0133333333333333
14672 1.1152380952381
14672 0
14672 3.2597619047619
14672 2.12547619047619
14672 2
14672 2.68047619047619
14672 0.0019047619047619
14672 0.0169047619047619
14672 0.0133333333333333
14673 1.1152380952381
14673 0
14673 3.2597619047619
14673 2.12547619047619
14673 2
14673 2.68047619047619
14673 0.0019047619047619
14673 0.0169047619047619
14673 0.0133333333333333
14674 1.1152380952381
14674 0
14674 3.2597619047619
14674 2.12547619047619
14674 2
14674 2.68047619047619
14674 0.0019047619047619
14674 0.0169047619047619
14674 0.0133333333333333
14694 1.1152380952381
14694 0
14694 3.2597619047619
14694 2.12547619047619
14694 2
14694 2.68047619047619
14694 0.0019047619047619
14694 0.0169047619047619
14694 0.0133333333333333
14699 1.1152380952381
14699 0
14699 3.2597619047619
14699 2.12547619047619
14699 2
14699 2.68047619047619
14699 0.0019047619047619
14699 0.0169047619047619
14699 0.0133333333333333
14701 1.1152380952381
14701 0
14701 3.2597619047619
14701 2.12547619047619
14701 2
14701 2.68047619047619
14701 0.0019047619047619
14701 0.0169047619047619
14701 0.0133333333333333
14703 1.1152380952381
14703 0
14703 3.2597619047619
14703 2.12547619047619
14703 2
14703 2.68047619047619
14703 0.0019047619047619
14703 0.0169047619047619
14703 0.0133333333333333
14706 1.1152380952381
14706 0
14706 3.2597619047619
14706 2.12547619047619
14706 2
14706 2.68047619047619
14706 0.0019047619047619
14706 0.0169047619047619
14706 0.0133333333333333
14707 1.1152380952381
14707 0
14707 3.2597619047619
14707 2.12547619047619
14707 2
14707 2.68047619047619
14707 0.0019047619047619
14707 0.0169047619047619
14707 0.0133333333333333
14731 1.1152380952381
14731 0
14731 3.2597619047619
14731 2.12547619047619
14731 2
14731 2.68047619047619
14731 0.0019047619047619
14731 0.0169047619047619
14731 0.0133333333333333
14732 1.1152380952381
14732 0
14732 3.2597619047619
14732 2.12547619047619
14732 2
14732 2.68047619047619
14732 0.0019047619047619
14732 0.0169047619047619
14732 0.0133333333333333
14733 1.1152380952381
14733 0
14733 3.2597619047619
14733 2.12547619047619
14733 2
14733 2.68047619047619
14733 0.0019047619047619
14733 0.0169047619047619
14733 0.0133333333333333
14737 1.1152380952381
14737 0
14737 3.2597619047619
14737 2.12547619047619
14737 2
14737 2.68047619047619
14737 0.0019047619047619
14737 0.0169047619047619
14737 0.0133333333333333
14738 1.1152380952381
14738 0
14738 3.2597619047619
14738 2.12547619047619
14738 2
14738 2.68047619047619
14738 0.0019047619047619
14738 0.0169047619047619
14738 0.0133333333333333
14739 1.1152380952381
14739 0
14739 3.2597619047619
14739 2.12547619047619
14739 2
14739 2.68047619047619
14739 0.0019047619047619
14739 0.0169047619047619
14739 0.0133333333333333
14758 1.1152380952381
14758 0
14758 3.2597619047619
14758 2.12547619047619
14758 2
14758 2.68047619047619
14758 0.0019047619047619
14758 0.0169047619047619
14758 0.0133333333333333
14761 1.1152380952381
14761 0
14761 3.2597619047619
14761 2.12547619047619
14761 2
14761 2.68047619047619
14761 0.0019047619047619
14761 0.0169047619047619
14761 0.0133333333333333
14762 1.1152380952381
14762 0
14762 3.2597619047619
14762 2.12547619047619
14762 2
14762 2.68047619047619
14762 0.0019047619047619
14762 0.0169047619047619
14762 0.0133333333333333
14765 1.1152380952381
14765 0
14765 3.2597619047619
14765 2.12547619047619
14765 2
14765 2.68047619047619
14765 0.0019047619047619
14765 0.0169047619047619
14765 0.0133333333333333
14766 1.1152380952381
14766 0
14766 3.2597619047619
14766 2.12547619047619
14766 2
14766 2.68047619047619
14766 0.0019047619047619
14766 0.0169047619047619
14766 0.0133333333333333
14767 1.1152380952381
14767 0
14767 3.2597619047619
14767 2.12547619047619
14767 2
14767 2.68047619047619
14767 0.0019047619047619
14767 0.0169047619047619
14767 0.0133333333333333
14768 1.1152380952381
14768 0
14768 3.2597619047619
14768 2.12547619047619
14768 2
14768 2.68047619047619
14768 0.0019047619047619
14768 0.0169047619047619
14768 0.0133333333333333
14770 1.1152380952381
14770 0
14770 3.2597619047619
14770 2.12547619047619
14770 2
14770 2.68047619047619
14770 0.0019047619047619
14770 0.0169047619047619
14770 0.0133333333333333
14793 1.1152380952381
14793 0
14793 3.2597619047619
14793 2.12547619047619
14793 2
14793 2.68047619047619
14793 0.0019047619047619
14793 0.0169047619047619
14793 0.0133333333333333
14794 1.1152380952381
14794 0
14794 3.2597619047619
14794 2.12547619047619
14794 2
14794 2.68047619047619
14794 0.0019047619047619
14794 0.0169047619047619
14794 0.0133333333333333
14795 1.1152380952381
14795 0
14795 3.2597619047619
14795 2.12547619047619
14795 2
14795 2.68047619047619
14795 0.0019047619047619
14795 0.0169047619047619
14795 0.0133333333333333
14797 1.1152380952381
14797 0
14797 3.2597619047619
14797 2.12547619047619
14797 2
14797 2.68047619047619
14797 0.0019047619047619
14797 0.0169047619047619
14797 0.0133333333333333
14798 1.1152380952381
14798 0
14798 3.2597619047619
14798 2.12547619047619
14798 2
14798 2.68047619047619
14798 0.0019047619047619
14798 0.0169047619047619
14798 0.0133333333333333
14799 1.1152380952381
14799 0
14799 3.2597619047619
14799 2.12547619047619
14799 2
14799 2.68047619047619
14799 0.0019047619047619
14799 0.0169047619047619
14799 0.0133333333333333
14800 1.1152380952381
14800 0
14800 3.2597619047619
14800 2.12547619047619
14800 2
14800 2.68047619047619
14800 0.0019047619047619
14800 0.0169047619047619
14800 0.0133333333333333
14801 1.1152380952381
14801 0
14801 3.2597619047619
14801 2.12547619047619
14801 2
14801 2.68047619047619
14801 0.0019047619047619
14801 0.0169047619047619
14801 0.0133333333333333
14802 1.1152380952381
14802 0
14802 3.2597619047619
14802 2.12547619047619
14802 2
14802 2.68047619047619
14802 0.0019047619047619
14802 0.0169047619047619
14802 0.0133333333333333
14825 1.1152380952381
14825 0
14825 3.2597619047619
14825 2.12547619047619
14825 2
14825 2.68047619047619
14825 0.0019047619047619
14825 0.0169047619047619
14825 0.0133333333333333
14826 1.1152380952381
14826 0
14826 3.2597619047619
14826 2.12547619047619
14826 2
14826 2.68047619047619
14826 0.0019047619047619
14826 0.0169047619047619
14826 0.0133333333333333
14827 1.1152380952381
14827 0
14827 3.2597619047619
14827 2.12547619047619
14827 2
14827 2.68047619047619
14827 0.0019047619047619
14827 0.0169047619047619
14827 0.0133333333333333
14828 1.1152380952381
14828 0
14828 3.2597619047619
14828 2.12547619047619
14828 2
14828 2.68047619047619
14828 0.0019047619047619
14828 0.0169047619047619
14828 0.0133333333333333
14830 1.1152380952381
14830 0
14830 3.2597619047619
14830 2.12547619047619
14830 2
14830 2.68047619047619
14830 0.0019047619047619
14830 0.0169047619047619
14830 0.0133333333333333
14831 1.1152380952381
14831 0
14831 3.2597619047619
14831 2.12547619047619
14831 2
14831 2.68047619047619
14831 0.0019047619047619
14831 0.0169047619047619
14831 0.0133333333333333
14855 1.1152380952381
14855 0
14855 3.2597619047619
14855 2.12547619047619
14855 2
14855 2.68047619047619
14855 0.0019047619047619
14855 0.0169047619047619
14855 0.0133333333333333
14857 1.1152380952381
14857 0
14857 3.2597619047619
14857 2.12547619047619
14857 2
14857 2.68047619047619
14857 0.0019047619047619
14857 0.0169047619047619
14857 0.0133333333333333
14879 1.1152380952381
14879 0
14879 3.2597619047619
14879 2.12547619047619
14879 2
14879 2.68047619047619
14879 0.0019047619047619
14879 0.0169047619047619
14879 0.0133333333333333
14884 1.1152380952381
14884 0
14884 3.2597619047619
14884 2.12547619047619
14884 2
14884 2.68047619047619
14884 0.0019047619047619
14884 0.0169047619047619
14884 0.0133333333333333
14885 1.1152380952381
14885 0
14885 3.2597619047619
14885 2.12547619047619
14885 2
14885 2.68047619047619
14885 0.0019047619047619
14885 0.0169047619047619
14885 0.0133333333333333
14886 1.1152380952381
14886 0
14886 3.2597619047619
14886 2.12547619047619
14886 2
14886 2.68047619047619
14886 0.0019047619047619
14886 0.0169047619047619
14886 0.0133333333333333
14887 1.1152380952381
14887 0
14887 3.2597619047619
14887 2.12547619047619
14887 2
14887 2.68047619047619
14887 0.0019047619047619
14887 0.0169047619047619
14887 0.0133333333333333
14912 1.1152380952381
14912 0
14912 3.2597619047619
14912 2.12547619047619
14912 2
14912 2.68047619047619
14912 0.0019047619047619
14912 0.0169047619047619
14912 0.0133333333333333
14915 1.1152380952381
14915 0
14915 3.2597619047619
14915 2.12547619047619
14915 2
14915 2.68047619047619
14915 0.0019047619047619
14915 0.0169047619047619
14915 0.0133333333333333
14964 1.1152380952381
14964 0
14964 3.2597619047619
14964 2.12547619047619
14964 2
14964 2.68047619047619
14964 0.0019047619047619
14964 0.0169047619047619
14964 0.0133333333333333
14988 1.1152380952381
14988 0
14988 3.2597619047619
14988 2.12547619047619
14988 2
14988 2.68047619047619
14988 0.0019047619047619
14988 0.0169047619047619
14988 0.0133333333333333
14990 1.1152380952381
14990 0
14990 3.2597619047619
14990 2.12547619047619
14990 2
14990 2.68047619047619
14990 0.0019047619047619
14990 0.0169047619047619
14990 0.0133333333333333
15011 1.1152380952381
15011 0
15011 3.2597619047619
15011 2.12547619047619
15011 2
15011 2.68047619047619
15011 0.0019047619047619
15011 0.0169047619047619
15011 0.0133333333333333
15014 1.1152380952381
15014 0
15014 3.2597619047619
15014 2.12547619047619
15014 2
15014 2.68047619047619
15014 0.0019047619047619
15014 0.0169047619047619
15014 0.0133333333333333
15037 1.1152380952381
15037 0
15037 3.2597619047619
15037 2.12547619047619
15037 2
15037 2.68047619047619
15037 0.0019047619047619
15037 0.0169047619047619
15037 0.0133333333333333
15038 1.1152380952381
15038 0
15038 3.2597619047619
15038 2.12547619047619
15038 2
15038 2.68047619047619
15038 0.0019047619047619
15038 0.0169047619047619
15038 0.0133333333333333
15039 1.1152380952381
15039 0
15039 3.2597619047619
15039 2.12547619047619
15039 2
15039 2.68047619047619
15039 0.0019047619047619
15039 0.0169047619047619
15039 0.0133333333333333
15040 1.1152380952381
15040 0
15040 3.2597619047619
15040 2.12547619047619
15040 2
15040 2.68047619047619
15040 0.0019047619047619
15040 0.0169047619047619
15040 0.0133333333333333
15043 1.1152380952381
15043 0
15043 3.2597619047619
15043 2.12547619047619
15043 2
15043 2.68047619047619
15043 0.0019047619047619
15043 0.0169047619047619
15043 0.0133333333333333
15061 1.1152380952381
15061 0
15061 3.2597619047619
15061 2.12547619047619
15061 2
15061 2.68047619047619
15061 0.0019047619047619
15061 0.0169047619047619
15061 0.0133333333333333
15064 1.1152380952381
15064 0
15064 3.2597619047619
15064 2.12547619047619
15064 2
15064 2.68047619047619
15064 0.0019047619047619
15064 0.0169047619047619
15064 0.0133333333333333
15065 1.1152380952381
15065 0
15065 3.2597619047619
15065 2.12547619047619
15065 2
15065 2.68047619047619
15065 0.0019047619047619
15065 0.0169047619047619
15065 0.0133333333333333
15066 1.1152380952381
15066 0
15066 3.2597619047619
15066 2.12547619047619
15066 2
15066 2.68047619047619
15066 0.0019047619047619
15066 0.0169047619047619
15066 0.0133333333333333
15067 1.1152380952381
15067 0
15067 3.2597619047619
15067 2.12547619047619
15067 2
15067 2.68047619047619
15067 0.0019047619047619
15067 0.0169047619047619
15067 0.0133333333333333
15068 1.1152380952381
15068 0
15068 3.2597619047619
15068 2.12547619047619
15068 2
15068 2.68047619047619
15068 0.0019047619047619
15068 0.0169047619047619
15068 0.0133333333333333
15070 1.1152380952381
15070 0
15070 3.2597619047619
15070 2.12547619047619
15070 2
15070 2.68047619047619
15070 0.0019047619047619
15070 0.0169047619047619
15070 0.0133333333333333
15094 1.1152380952381
15094 0
15094 3.2597619047619
15094 2.12547619047619
15094 2
15094 2.68047619047619
15094 0.0019047619047619
15094 0.0169047619047619
15094 0.0133333333333333
15095 1.1152380952381
15095 0
15095 3.2597619047619
15095 2.12547619047619
15095 2
15095 2.68047619047619
15095 0.0019047619047619
15095 0.0169047619047619
15095 0.0133333333333333
15096 1.1152380952381
15096 0
15096 3.2597619047619
15096 2.12547619047619
15096 2
15096 2.68047619047619
15096 0.0019047619047619
15096 0.0169047619047619
15096 0.0133333333333333
15097 1.1152380952381
15097 0
15097 3.2597619047619
15097 2.12547619047619
15097 2
15097 2.68047619047619
15097 0.0019047619047619
15097 0.0169047619047619
15097 0.0133333333333333
15098 1.1152380952381
15098 0
15098 3.2597619047619
15098 2.12547619047619
15098 2
15098 2.68047619047619
15098 0.0019047619047619
15098 0.0169047619047619
15098 0.0133333333333333
15099 1.1152380952381
15099 0
15099 3.2597619047619
15099 2.12547619047619
15099 2
15099 2.68047619047619
15099 0.0019047619047619
15099 0.0169047619047619
15099 0.0133333333333333
15100 1.1152380952381
15100 0
15100 3.2597619047619
15100 2.12547619047619
15100 2
15100 2.68047619047619
15100 0.0019047619047619
15100 0.0169047619047619
15100 0.0133333333333333
15126 1.1152380952381
15126 0
15126 3.2597619047619
15126 2.12547619047619
15126 2
15126 2.68047619047619
15126 0.0019047619047619
15126 0.0169047619047619
15126 0.0133333333333333
15130 1.1152380952381
15130 0
15130 3.2597619047619
15130 2.12547619047619
15130 2
15130 2.68047619047619
15130 0.0019047619047619
15130 0.0169047619047619
15130 0.0133333333333333
15131 1.1152380952381
15131 0
15131 3.2597619047619
15131 2.12547619047619
15131 2
15131 2.68047619047619
15131 0.0019047619047619
15131 0.0169047619047619
15131 0.0133333333333333
15132 1.1152380952381
15132 0
15132 3.2597619047619
15132 2.12547619047619
15132 2
15132 2.68047619047619
15132 0.0019047619047619
15132 0.0169047619047619
15132 0.0133333333333333
15133 1.1152380952381
15133 0
15133 3.2597619047619
15133 2.12547619047619
15133 2
15133 2.68047619047619
15133 0.0019047619047619
15133 0.0169047619047619
15133 0.0133333333333333
15134 1.1152380952381
15134 0
15134 3.2597619047619
15134 2.12547619047619
15134 2
15134 2.68047619047619
15134 0.0019047619047619
15134 0.0169047619047619
15134 0.0133333333333333
15135 1.1152380952381
15135 0
15135 3.2597619047619
15135 2.12547619047619
15135 2
15135 2.68047619047619
15135 0.0019047619047619
15135 0.0169047619047619
15135 0.0133333333333333
15136 1.1152380952381
15136 0
15136 3.2597619047619
15136 2.12547619047619
15136 2
15136 2.68047619047619
15136 0.0019047619047619
15136 0.0169047619047619
15136 0.0133333333333333
15137 1.1152380952381
15137 0
15137 3.2597619047619
15137 2.12547619047619
15137 2
15137 2.68047619047619
15137 0.0019047619047619
15137 0.0169047619047619
15137 0.0133333333333333
15169 1.1152380952381
15169 0
15169 3.2597619047619
15169 2.12547619047619
15169 2
15169 2.68047619047619
15169 0.0019047619047619
15169 0.0169047619047619
15169 0.0133333333333333
15173 1.1152380952381
15173 0
15173 3.2597619047619
15173 2.12547619047619
15173 2
15173 2.68047619047619
15173 0.0019047619047619
15173 0.0169047619047619
15173 0.0133333333333333
15174 1.1152380952381
15174 0
15174 3.2597619047619
15174 2.12547619047619
15174 2
15174 2.68047619047619
15174 0.0019047619047619
15174 0.0169047619047619
15174 0.0133333333333333
15175 1.1152380952381
15175 0
15175 3.2597619047619
15175 2.12547619047619
15175 2
15175 2.68047619047619
15175 0.0019047619047619
15175 0.0169047619047619
15175 0.0133333333333333
15176 1.1152380952381
15176 0
15176 3.2597619047619
15176 2.12547619047619
15176 2
15176 2.68047619047619
15176 0.0019047619047619
15176 0.0169047619047619
15176 0.0133333333333333
15177 1.1152380952381
15177 0
15177 3.2597619047619
15177 2.12547619047619
15177 2
15177 2.68047619047619
15177 0.0019047619047619
15177 0.0169047619047619
15177 0.0133333333333333
15178 1.1152380952381
15178 0
15178 3.2597619047619
15178 2.12547619047619
15178 2
15178 2.68047619047619
15178 0.0019047619047619
15178 0.0169047619047619
15178 0.0133333333333333
15212 1.1152380952381
15212 0
15212 3.2597619047619
15212 2.12547619047619
15212 2
15212 2.68047619047619
15212 0.0019047619047619
15212 0.0169047619047619
15212 0.0133333333333333
15214 1.1152380952381
15214 0
15214 3.2597619047619
15214 2.12547619047619
15214 2
15214 2.68047619047619
15214 0.0019047619047619
15214 0.0169047619047619
15214 0.0133333333333333
15216 1.1152380952381
15216 0
15216 3.2597619047619
15216 2.12547619047619
15216 2
15216 2.68047619047619
15216 0.0019047619047619
15216 0.0169047619047619
15216 0.0133333333333333
15217 1.1152380952381
15217 0
15217 3.2597619047619
15217 2.12547619047619
15217 2
15217 2.68047619047619
15217 0.0019047619047619
15217 0.0169047619047619
15217 0.0133333333333333
15218 1.1152380952381
15218 0
15218 3.2597619047619
15218 2.12547619047619
15218 2
15218 2.68047619047619
15218 0.0019047619047619
15218 0.0169047619047619
15218 0.0133333333333333
15219 1.1152380952381
15219 0
15219 3.2597619047619
15219 2.12547619047619
15219 2
15219 2.68047619047619
15219 0.0019047619047619
15219 0.0169047619047619
15219 0.0133333333333333
15220 1.1152380952381
15220 0
15220 3.2597619047619
15220 2.12547619047619
15220 2
15220 2.68047619047619
15220 0.0019047619047619
15220 0.0169047619047619
15220 0.0133333333333333
15221 1.1152380952381
15221 0
15221 3.2597619047619
15221 2.12547619047619
15221 2
15221 2.68047619047619
15221 0.0019047619047619
15221 0.0169047619047619
15221 0.0133333333333333
15222 1.1152380952381
15222 0
15222 3.2597619047619
15222 2.12547619047619
15222 2
15222 2.68047619047619
15222 0.0019047619047619
15222 0.0169047619047619
15222 0.0133333333333333
15260 1.1152380952381
15260 0
15260 3.2597619047619
15260 2.12547619047619
15260 2
15260 2.68047619047619
15260 0.0019047619047619
15260 0.0169047619047619
15260 0.0133333333333333
15262 1.1152380952381
15262 0
15262 3.2597619047619
15262 2.12547619047619
15262 2
15262 2.68047619047619
15262 0.0019047619047619
15262 0.0169047619047619
15262 0.0133333333333333
15263 1.1152380952381
15263 0
15263 3.2597619047619
15263 2.12547619047619
15263 2
15263 2.68047619047619
15263 0.0019047619047619
15263 0.0169047619047619
15263 0.0133333333333333
15265 1.1152380952381
15265 0
15265 3.2597619047619
15265 2.12547619047619
15265 2
15265 2.68047619047619
15265 0.0019047619047619
15265 0.0169047619047619
15265 0.0133333333333333
15266 1.1152380952381
15266 0
15266 3.2597619047619
15266 2.12547619047619
15266 2
15266 2.68047619047619
15266 0.0019047619047619
15266 0.0169047619047619
15266 0.0133333333333333
15267 1.1152380952381
15267 0
15267 3.2597619047619
15267 2.12547619047619
15267 2
15267 2.68047619047619
15267 0.0019047619047619
15267 0.0169047619047619
15267 0.0133333333333333
15268 1.1152380952381
15268 0
15268 3.2597619047619
15268 2.12547619047619
15268 2
15268 2.68047619047619
15268 0.0019047619047619
15268 0.0169047619047619
15268 0.0133333333333333
15269 1.1152380952381
15269 0
15269 3.2597619047619
15269 2.12547619047619
15269 2
15269 2.68047619047619
15269 0.0019047619047619
15269 0.0169047619047619
15269 0.0133333333333333
15270 1.1152380952381
15270 0
15270 3.2597619047619
15270 2.12547619047619
15270 2
15270 2.68047619047619
15270 0.0019047619047619
15270 0.0169047619047619
15270 0.0133333333333333
15311 1.1152380952381
15311 0
15311 3.2597619047619
15311 2.12547619047619
15311 2
15311 2.68047619047619
15311 0.0019047619047619
15311 0.0169047619047619
15311 0.0133333333333333
15312 1.1152380952381
15312 0
15312 3.2597619047619
15312 2.12547619047619
15312 2
15312 2.68047619047619
15312 0.0019047619047619
15312 0.0169047619047619
15312 0.0133333333333333
15313 1.1152380952381
15313 0
15313 3.2597619047619
15313 2.12547619047619
15313 2
15313 2.68047619047619
15313 0.0019047619047619
15313 0.0169047619047619
15313 0.0133333333333333
15314 1.1152380952381
15314 0
15314 3.2597619047619
15314 2.12547619047619
15314 2
15314 2.68047619047619
15314 0.0019047619047619
15314 0.0169047619047619
15314 0.0133333333333333
15315 1.1152380952381
15315 0
15315 3.2597619047619
15315 2.12547619047619
15315 2
15315 2.68047619047619
15315 0.0019047619047619
15315 0.0169047619047619
15315 0.0133333333333333
15316 1.1152380952381
15316 0
15316 3.2597619047619
15316 2.12547619047619
15316 2
15316 2.68047619047619
15316 0.0019047619047619
15316 0.0169047619047619
15316 0.0133333333333333
15317 1.1152380952381
15317 0
15317 3.2597619047619
15317 2.12547619047619
15317 2
15317 2.68047619047619
15317 0.0019047619047619
15317 0.0169047619047619
15317 0.0133333333333333
15318 1.1152380952381
15318 0
15318 3.2597619047619
15318 2.12547619047619
15318 2
15318 2.68047619047619
15318 0.0019047619047619
15318 0.0169047619047619
15318 0.0133333333333333
15364 1.1152380952381
15364 0
15364 3.2597619047619
15364 2.12547619047619
15364 2
15364 2.68047619047619
15364 0.0019047619047619
15364 0.0169047619047619
15364 0.0133333333333333
15365 1.1152380952381
15365 0
15365 3.2597619047619
15365 2.12547619047619
15365 2
15365 2.68047619047619
15365 0.0019047619047619
15365 0.0169047619047619
15365 0.0133333333333333
15366 1.1152380952381
15366 0
15366 3.2597619047619
15366 2.12547619047619
15366 2
15366 2.68047619047619
15366 0.0019047619047619
15366 0.0169047619047619
15366 0.0133333333333333
15367 1.1152380952381
15367 0
15367 3.2597619047619
15367 2.12547619047619
15367 2
15367 2.68047619047619
15367 0.0019047619047619
15367 0.0169047619047619
15367 0.0133333333333333
15368 1.1152380952381
15368 0
15368 3.2597619047619
15368 2.12547619047619
15368 2
15368 2.68047619047619
15368 0.0019047619047619
15368 0.0169047619047619
15368 0.0133333333333333
15369 1.1152380952381
15369 0
15369 3.2597619047619
15369 2.12547619047619
15369 2
15369 2.68047619047619
15369 0.0019047619047619
15369 0.0169047619047619
15369 0.0133333333333333
15370 1.1152380952381
15370 0
15370 3.2597619047619
15370 2.12547619047619
15370 2
15370 2.68047619047619
15370 0.0019047619047619
15370 0.0169047619047619
15370 0.0133333333333333
15371 1.1152380952381
15371 0
15371 3.2597619047619
15371 2.12547619047619
15371 2
15371 2.68047619047619
15371 0.0019047619047619
15371 0.0169047619047619
15371 0.0133333333333333
15372 1.1152380952381
15372 0
15372 3.2597619047619
15372 2.12547619047619
15372 2
15372 2.68047619047619
15372 0.0019047619047619
15372 0.0169047619047619
15372 0.0133333333333333
15425 1.1152380952381
15425 0
15425 3.2597619047619
15425 2.12547619047619
15425 2
15425 2.68047619047619
15425 0.0019047619047619
15425 0.0169047619047619
15425 0.0133333333333333
15426 1.1152380952381
15426 0
15426 3.2597619047619
15426 2.12547619047619
15426 2
15426 2.68047619047619
15426 0.0019047619047619
15426 0.0169047619047619
15426 0.0133333333333333
15427 1.1152380952381
15427 0
15427 3.2597619047619
15427 2.12547619047619
15427 2
15427 2.68047619047619
15427 0.0019047619047619
15427 0.0169047619047619
15427 0.0133333333333333
15428 1.1152380952381
15428 0
15428 3.2597619047619
15428 2.12547619047619
15428 2
15428 2.68047619047619
15428 0.0019047619047619
15428 0.0169047619047619
15428 0.0133333333333333
15429 1.1152380952381
15429 0
15429 3.2597619047619
15429 2.12547619047619
15429 2
15429 2.68047619047619
15429 0.0019047619047619
15429 0.0169047619047619
15429 0.0133333333333333
15430 1.1152380952381
15430 0
15430 3.2597619047619
15430 2.12547619047619
15430 2
15430 2.68047619047619
15430 0.0019047619047619
15430 0.0169047619047619
15430 0.0133333333333333
15431 1.1152380952381
15431 0
15431 3.2597619047619
15431 2.12547619047619
15431 2
15431 2.68047619047619
15431 0.0019047619047619
15431 0.0169047619047619
15431 0.0133333333333333
15487 1.1152380952381
15487 0
15487 3.2597619047619
15487 2.12547619047619
15487 2
15487 2.68047619047619
15487 0.0019047619047619
15487 0.0169047619047619
15487 0.0133333333333333
15490 1.1152380952381
15490 0
15490 3.2597619047619
15490 2.12547619047619
15490 2
15490 2.68047619047619
15490 0.0019047619047619
15490 0.0169047619047619
15490 0.0133333333333333
15491 1.1152380952381
15491 0
15491 3.2597619047619
15491 2.12547619047619
15491 2
15491 2.68047619047619
15491 0.0019047619047619
15491 0.0169047619047619
15491 0.0133333333333333
15492 1.1152380952381
15492 0
15492 3.2597619047619
15492 2.12547619047619
15492 2
15492 2.68047619047619
15492 0.0019047619047619
15492 0.0169047619047619
15492 0.0133333333333333
15493 1.1152380952381
15493 0
15493 3.2597619047619
15493 2.12547619047619
15493 2
15493 2.68047619047619
15493 0.0019047619047619
15493 0.0169047619047619
15493 0.0133333333333333
15494 1.1152380952381
15494 0
15494 3.2597619047619
15494 2.12547619047619
15494 2
15494 2.68047619047619
15494 0.0019047619047619
15494 0.0169047619047619
15494 0.0133333333333333
15553 1.1152380952381
15553 0
15553 3.2597619047619
15553 2.12547619047619
15553 2
15553 2.68047619047619
15553 0.0019047619047619
15553 0.0169047619047619
15553 0.0133333333333333
15555 1.1152380952381
15555 0
15555 3.2597619047619
15555 2.12547619047619
15555 2
15555 2.68047619047619
15555 0.0019047619047619
15555 0.0169047619047619
15555 0.0133333333333333
15556 1.1152380952381
15556 0
15556 3.2597619047619
15556 2.12547619047619
15556 2
15556 2.68047619047619
15556 0.0019047619047619
15556 0.0169047619047619
15556 0.0133333333333333
15557 1.1152380952381
15557 0
15557 3.2597619047619
15557 2.12547619047619
15557 2
15557 2.68047619047619
15557 0.0019047619047619
15557 0.0169047619047619
15557 0.0133333333333333
15558 1.1152380952381
15558 0
15558 3.2597619047619
15558 2.12547619047619
15558 2
15558 2.68047619047619
15558 0.0019047619047619
15558 0.0169047619047619
15558 0.0133333333333333
15615 1.1152380952381
15615 0
15615 3.2597619047619
15615 2.12547619047619
15615 2
15615 2.68047619047619
15615 0.0019047619047619
15615 0.0169047619047619
15615 0.0133333333333333
15618 1.1152380952381
15618 0
15618 3.2597619047619
15618 2.12547619047619
15618 2
15618 2.68047619047619
15618 0.0019047619047619
15618 0.0169047619047619
15618 0.0133333333333333
15619 1.1152380952381
15619 0
15619 3.2597619047619
15619 2.12547619047619
15619 2
15619 2.68047619047619
15619 0.0019047619047619
15619 0.0169047619047619
15619 0.0133333333333333
15620 1.1152380952381
15620 0
15620 3.2597619047619
15620 2.12547619047619
15620 2
15620 2.68047619047619
15620 0.0019047619047619
15620 0.0169047619047619
15620 0.0133333333333333
15621 1.1152380952381
15621 0
15621 3.2597619047619
15621 2.12547619047619
15621 2
15621 2.68047619047619
15621 0.0019047619047619
15621 0.0169047619047619
15621 0.0133333333333333
15622 1.1152380952381
15622 0
15622 3.2597619047619
15622 2.12547619047619
15622 2
15622 2.68047619047619
15622 0.0019047619047619
15622 0.0169047619047619
15622 0.0133333333333333
15680 1.1152380952381
15680 0
15680 3.2597619047619
15680 2.12547619047619
15680 2
15680 2.68047619047619
15680 0.0019047619047619
15680 0.0169047619047619
15680 0.0133333333333333
15682 1.1152380952381
15682 0
15682 3.2597619047619
15682 2.12547619047619
15682 2
15682 2.68047619047619
15682 0.0019047619047619
15682 0.0169047619047619
15682 0.0133333333333333
15683 1.1152380952381
15683 0
15683 3.2597619047619
15683 2.12547619047619
15683 2
15683 2.68047619047619
15683 0.0019047619047619
15683 0.0169047619047619
15683 0.0133333333333333
15685 1.1152380952381
15685 0
15685 3.2597619047619
15685 2.12547619047619
15685 2
15685 2.68047619047619
15685 0.0019047619047619
15685 0.0169047619047619
15685 0.0133333333333333
15686 1.1152380952381
15686 0
15686 3.2597619047619
15686 2.12547619047619
15686 2
15686 2.68047619047619
15686 0.0019047619047619
15686 0.0169047619047619
15686 0.0133333333333333
15751 1.1152380952381
15751 0
15751 3.2597619047619
15751 2.12547619047619
15751 2
15751 2.68047619047619
15751 0.0019047619047619
15751 0.0169047619047619
15751 0.0133333333333333
15752 1.1152380952381
15752 0
15752 3.2597619047619
15752 2.12547619047619
15752 2
15752 2.68047619047619
15752 0.0019047619047619
15752 0.0169047619047619
15752 0.0133333333333333
15753 1.1152380952381
15753 0
15753 3.2597619047619
15753 2.12547619047619
15753 2
15753 2.68047619047619
15753 0.0019047619047619
15753 0.0169047619047619
15753 0.0133333333333333
15754 1.1152380952381
15754 0
15754 3.2597619047619
15754 2.12547619047619
15754 2
15754 2.68047619047619
15754 0.0019047619047619
15754 0.0169047619047619
15754 0.0133333333333333
15815 1.1152380952381
15815 0
15815 3.2597619047619
15815 2.12547619047619
15815 2
15815 2.68047619047619
15815 0.0019047619047619
15815 0.0169047619047619
15815 0.0133333333333333
15818 1.1152380952381
15818 0
15818 3.2597619047619
15818 2.12547619047619
15818 2
15818 2.68047619047619
15818 0.0019047619047619
15818 0.0169047619047619
15818 0.0133333333333333
15819 1.1152380952381
15819 0
15819 3.2597619047619
15819 2.12547619047619
15819 2
15819 2.68047619047619
15819 0.0019047619047619
15819 0.0169047619047619
15819 0.0133333333333333
15820 1.1152380952381
15820 0
15820 3.2597619047619
15820 2.12547619047619
15820 2
15820 2.68047619047619
15820 0.0019047619047619
15820 0.0169047619047619
15820 0.0133333333333333
15822 1.1152380952381
15822 0
15822 3.2597619047619
15822 2.12547619047619
15822 2
15822 2.68047619047619
15822 0.0019047619047619
15822 0.0169047619047619
15822 0.0133333333333333
15878 1.1152380952381
15878 0
15878 3.2597619047619
15878 2.12547619047619
15878 2
15878 2.68047619047619
15878 0.0019047619047619
15878 0.0169047619047619
15878 0.0133333333333333
15879 1.1152380952381
15879 0
15879 3.2597619047619
15879 2.12547619047619
15879 2
15879 2.68047619047619
15879 0.0019047619047619
15879 0.0169047619047619
15879 0.0133333333333333
15881 1.1152380952381
15881 0
15881 3.2597619047619
15881 2.12547619047619
15881 2
15881 2.68047619047619
15881 0.0019047619047619
15881 0.0169047619047619
15881 0.0133333333333333
15882 1.1152380952381
15882 0
15882 3.2597619047619
15882 2.12547619047619
15882 2
15882 2.68047619047619
15882 0.0019047619047619
15882 0.0169047619047619
15882 0.0133333333333333
15884 1.1152380952381
15884 0
15884 3.2597619047619
15884 2.12547619047619
15884 2
15884 2.68047619047619
15884 0.0019047619047619
15884 0.0169047619047619
15884 0.0133333333333333
15885 1.1152380952381
15885 0
15885 3.2597619047619
15885 2.12547619047619
15885 2
15885 2.68047619047619
15885 0.0019047619047619
15885 0.0169047619047619
15885 0.0133333333333333
15886 1.1152380952381
15886 0
15886 3.2597619047619
15886 2.12547619047619
15886 2
15886 2.68047619047619
15886 0.0019047619047619
15886 0.0169047619047619
15886 0.0133333333333333
15887 1.1152380952381
15887 0
15887 3.2597619047619
15887 2.12547619047619
15887 2
15887 2.68047619047619
15887 0.0019047619047619
15887 0.0169047619047619
15887 0.0133333333333333
15943 1.1152380952381
15943 0
15943 3.2597619047619
15943 2.12547619047619
15943 2
15943 2.68047619047619
15943 0.0019047619047619
15943 0.0169047619047619
15943 0.0133333333333333
15945 1.1152380952381
15945 0
15945 3.2597619047619
15945 2.12547619047619
15945 2
15945 2.68047619047619
15945 0.0019047619047619
15945 0.0169047619047619
15945 0.0133333333333333
15946 1.1152380952381
15946 0
15946 3.2597619047619
15946 2.12547619047619
15946 2
15946 2.68047619047619
15946 0.0019047619047619
15946 0.0169047619047619
15946 0.0133333333333333
15948 1.1152380952381
15948 0
15948 3.2597619047619
15948 2.12547619047619
15948 2
15948 2.68047619047619
15948 0.0019047619047619
15948 0.0169047619047619
15948 0.0133333333333333
15949 1.1152380952381
15949 0
15949 3.2597619047619
15949 2.12547619047619
15949 2
15949 2.68047619047619
15949 0.0019047619047619
15949 0.0169047619047619
15949 0.0133333333333333
15950 1.1152380952381
15950 0
15950 3.2597619047619
15950 2.12547619047619
15950 2
15950 2.68047619047619
15950 0.0019047619047619
15950 0.0169047619047619
15950 0.0133333333333333
15951 1.1152380952381
15951 0
15951 3.2597619047619
15951 2.12547619047619
15951 2
15951 2.68047619047619
15951 0.0019047619047619
15951 0.0169047619047619
15951 0.0133333333333333
15998 1.1152380952381
15998 0
15998 3.2597619047619
15998 2.12547619047619
15998 2
15998 2.68047619047619
15998 0.0019047619047619
15998 0.0169047619047619
15998 0.0133333333333333
15999 1.1152380952381
15999 0
15999 3.2597619047619
15999 2.12547619047619
15999 2
15999 2.68047619047619
15999 0.0019047619047619
15999 0.0169047619047619
15999 0.0133333333333333
16000 1.1152380952381
16000 0
16000 3.2597619047619
16000 2.12547619047619
16000 2
16000 2.68047619047619
16000 0.0019047619047619
16000 0.0169047619047619
16000 0.0133333333333333
16001 1.1152380952381
16001 0
16001 3.2597619047619
16001 2.12547619047619
16001 2
16001 2.68047619047619
16001 0.0019047619047619
16001 0.0169047619047619
16001 0.0133333333333333
16002 1.1152380952381
16002 0
16002 3.2597619047619
16002 2.12547619047619
16002 2
16002 2.68047619047619
16002 0.0019047619047619
16002 0.0169047619047619
16002 0.0133333333333333
16003 1.1152380952381
16003 0
16003 3.2597619047619
16003 2.12547619047619
16003 2
16003 2.68047619047619
16003 0.0019047619047619
16003 0.0169047619047619
16003 0.0133333333333333
16004 1.1152380952381
16004 0
16004 3.2597619047619
16004 2.12547619047619
16004 2
16004 2.68047619047619
16004 0.0019047619047619
16004 0.0169047619047619
16004 0.0133333333333333
16005 1.1152380952381
16005 0
16005 3.2597619047619
16005 2.12547619047619
16005 2
16005 2.68047619047619
16005 0.0019047619047619
16005 0.0169047619047619
16005 0.0133333333333333
16006 1.1152380952381
16006 0
16006 3.2597619047619
16006 2.12547619047619
16006 2
16006 2.68047619047619
16006 0.0019047619047619
16006 0.0169047619047619
16006 0.0133333333333333
16007 1.1152380952381
16007 0
16007 3.2597619047619
16007 2.12547619047619
16007 2
16007 2.68047619047619
16007 0.0019047619047619
16007 0.0169047619047619
16007 0.0133333333333333
16048 1.1152380952381
16048 0
16048 3.2597619047619
16048 2.12547619047619
16048 2
16048 2.68047619047619
16048 0.0019047619047619
16048 0.0169047619047619
16048 0.0133333333333333
16050 1.1152380952381
16050 0
16050 3.2597619047619
16050 2.12547619047619
16050 2
16050 2.68047619047619
16050 0.0019047619047619
16050 0.0169047619047619
16050 0.0133333333333333
16052 1.1152380952381
16052 0
16052 3.2597619047619
16052 2.12547619047619
16052 2
16052 2.68047619047619
16052 0.0019047619047619
16052 0.0169047619047619
16052 0.0133333333333333
16053 1.1152380952381
16053 0
16053 3.2597619047619
16053 2.12547619047619
16053 2
16053 2.68047619047619
16053 0.0019047619047619
16053 0.0169047619047619
16053 0.0133333333333333
16054 1.1152380952381
16054 0
16054 3.2597619047619
16054 2.12547619047619
16054 2
16054 2.68047619047619
16054 0.0019047619047619
16054 0.0169047619047619
16054 0.0133333333333333
16055 1.1152380952381
16055 0
16055 3.2597619047619
16055 2.12547619047619
16055 2
16055 2.68047619047619
16055 0.0019047619047619
16055 0.0169047619047619
16055 0.0133333333333333
16056 1.1152380952381
16056 0
16056 3.2597619047619
16056 2.12547619047619
16056 2
16056 2.68047619047619
16056 0.0019047619047619
16056 0.0169047619047619
16056 0.0133333333333333
16057 1.1152380952381
16057 0
16057 3.2597619047619
16057 2.12547619047619
16057 2
16057 2.68047619047619
16057 0.0019047619047619
16057 0.0169047619047619
16057 0.0133333333333333
16058 1.1152380952381
16058 0
16058 3.2597619047619
16058 2.12547619047619
16058 2
16058 2.68047619047619
16058 0.0019047619047619
16058 0.0169047619047619
16058 0.0133333333333333
16059 1.1152380952381
16059 0
16059 3.2597619047619
16059 2.12547619047619
16059 2
16059 2.68047619047619
16059 0.0019047619047619
16059 0.0169047619047619
16059 0.0133333333333333
16100 1.1152380952381
16100 0
16100 3.2597619047619
16100 2.12547619047619
16100 2
16100 2.68047619047619
16100 0.0019047619047619
16100 0.0169047619047619
16100 0.0133333333333333
16101 1.1152380952381
16101 0
16101 3.2597619047619
16101 2.12547619047619
16101 2
16101 2.68047619047619
16101 0.0019047619047619
16101 0.0169047619047619
16101 0.0133333333333333
16102 1.1152380952381
16102 0
16102 3.2597619047619
16102 2.12547619047619
16102 2
16102 2.68047619047619
16102 0.0019047619047619
16102 0.0169047619047619
16102 0.0133333333333333
16103 1.1152380952381
16103 0
16103 3.2597619047619
16103 2.12547619047619
16103 2
16103 2.68047619047619
16103 0.0019047619047619
16103 0.0169047619047619
16103 0.0133333333333333
16104 1.1152380952381
16104 0
16104 3.2597619047619
16104 2.12547619047619
16104 2
16104 2.68047619047619
16104 0.0019047619047619
16104 0.0169047619047619
16104 0.0133333333333333
16105 1.1152380952381
16105 0
16105 3.2597619047619
16105 2.12547619047619
16105 2
16105 2.68047619047619
16105 0.0019047619047619
16105 0.0169047619047619
16105 0.0133333333333333
16106 1.1152380952381
16106 0
16106 3.2597619047619
16106 2.12547619047619
16106 2
16106 2.68047619047619
16106 0.0019047619047619
16106 0.0169047619047619
16106 0.0133333333333333
16107 1.1152380952381
16107 0
16107 3.2597619047619
16107 2.12547619047619
16107 2
16107 2.68047619047619
16107 0.0019047619047619
16107 0.0169047619047619
16107 0.0133333333333333
16150 1.1152380952381
16150 0
16150 3.2597619047619
16150 2.12547619047619
16150 2
16150 2.68047619047619
16150 0.0019047619047619
16150 0.0169047619047619
16150 0.0133333333333333
16151 1.1152380952381
16151 0
16151 3.2597619047619
16151 2.12547619047619
16151 2
16151 2.68047619047619
16151 0.0019047619047619
16151 0.0169047619047619
16151 0.0133333333333333
16152 1.1152380952381
16152 0
16152 3.2597619047619
16152 2.12547619047619
16152 2
16152 2.68047619047619
16152 0.0019047619047619
16152 0.0169047619047619
16152 0.0133333333333333
16153 1.1152380952381
16153 0
16153 3.2597619047619
16153 2.12547619047619
16153 2
16153 2.68047619047619
16153 0.0019047619047619
16153 0.0169047619047619
16153 0.0133333333333333
16154 1.1152380952381
16154 0
16154 3.2597619047619
16154 2.12547619047619
16154 2
16154 2.68047619047619
16154 0.0019047619047619
16154 0.0169047619047619
16154 0.0133333333333333
16155 1.1152380952381
16155 0
16155 3.2597619047619
16155 2.12547619047619
16155 2
16155 2.68047619047619
16155 0.0019047619047619
16155 0.0169047619047619
16155 0.0133333333333333
16196 1.1152380952381
16196 0
16196 3.2597619047619
16196 2.12547619047619
16196 2
16196 2.68047619047619
16196 0.0019047619047619
16196 0.0169047619047619
16196 0.0133333333333333
16197 1.1152380952381
16197 0
16197 3.2597619047619
16197 2.12547619047619
16197 2
16197 2.68047619047619
16197 0.0019047619047619
16197 0.0169047619047619
16197 0.0133333333333333
16198 1.1152380952381
16198 0
16198 3.2597619047619
16198 2.12547619047619
16198 2
16198 2.68047619047619
16198 0.0019047619047619
16198 0.0169047619047619
16198 0.0133333333333333
16199 1.1152380952381
16199 0
16199 3.2597619047619
16199 2.12547619047619
16199 2
16199 2.68047619047619
16199 0.0019047619047619
16199 0.0169047619047619
16199 0.0133333333333333
16200 1.1152380952381
16200 0
16200 3.2597619047619
16200 2.12547619047619
16200 2
16200 2.68047619047619
16200 0.0019047619047619
16200 0.0169047619047619
16200 0.0133333333333333
16201 1.1152380952381
16201 0
16201 3.2597619047619
16201 2.12547619047619
16201 2
16201 2.68047619047619
16201 0.0019047619047619
16201 0.0169047619047619
16201 0.0133333333333333
16202 1.1152380952381
16202 0
16202 3.2597619047619
16202 2.12547619047619
16202 2
16202 2.68047619047619
16202 0.0019047619047619
16202 0.0169047619047619
16202 0.0133333333333333
16243 1.1152380952381
16243 0
16243 3.2597619047619
16243 2.12547619047619
16243 2
16243 2.68047619047619
16243 0.0019047619047619
16243 0.0169047619047619
16243 0.0133333333333333
16244 1.1152380952381
16244 0
16244 3.2597619047619
16244 2.12547619047619
16244 2
16244 2.68047619047619
16244 0.0019047619047619
16244 0.0169047619047619
16244 0.0133333333333333
16246 1.1152380952381
16246 0
16246 3.2597619047619
16246 2.12547619047619
16246 2
16246 2.68047619047619
16246 0.0019047619047619
16246 0.0169047619047619
16246 0.0133333333333333
16247 1.1152380952381
16247 0
16247 3.2597619047619
16247 2.12547619047619
16247 2
16247 2.68047619047619
16247 0.0019047619047619
16247 0.0169047619047619
16247 0.0133333333333333
16248 1.1152380952381
16248 0
16248 3.2597619047619
16248 2.12547619047619
16248 2
16248 2.68047619047619
16248 0.0019047619047619
16248 0.0169047619047619
16248 0.0133333333333333
16292 1.1152380952381
16292 0
16292 3.2597619047619
16292 2.12547619047619
16292 2
16292 2.68047619047619
16292 0.0019047619047619
16292 0.0169047619047619
16292 0.0133333333333333
16294 1.1152380952381
16294 0
16294 3.2597619047619
16294 2.12547619047619
16294 2
16294 2.68047619047619
16294 0.0019047619047619
16294 0.0169047619047619
16294 0.0133333333333333
16338 1.1152380952381
16338 0
16338 3.2597619047619
16338 2.12547619047619
16338 2
16338 2.68047619047619
16338 0.0019047619047619
16338 0.0169047619047619
16338 0.0133333333333333
16339 1.1152380952381
16339 0
16339 3.2597619047619
16339 2.12547619047619
16339 2
16339 2.68047619047619
16339 0.0019047619047619
16339 0.0169047619047619
16339 0.0133333333333333
16340 1.1152380952381
16340 0
16340 3.2597619047619
16340 2.12547619047619
16340 2
16340 2.68047619047619
16340 0.0019047619047619
16340 0.0169047619047619
16340 0.0133333333333333
16341 1.1152380952381
16341 0
16341 3.2597619047619
16341 2.12547619047619
16341 2
16341 2.68047619047619
16341 0.0019047619047619
16341 0.0169047619047619
16341 0.0133333333333333
16383 1.1152380952381
16383 0
16383 3.2597619047619
16383 2.12547619047619
16383 2
16383 2.68047619047619
16383 0.0019047619047619
16383 0.0169047619047619
16383 0.0133333333333333
16384 1.1152380952381
16384 0
16384 3.2597619047619
16384 2.12547619047619
16384 2
16384 2.68047619047619
16384 0.0019047619047619
16384 0.0169047619047619
16384 0.0133333333333333
16426 1.1152380952381
16426 0
16426 3.2597619047619
16426 2.12547619047619
16426 2
16426 2.68047619047619
16426 0.0019047619047619
16426 0.0169047619047619
16426 0.0133333333333333
