pt_graph shape
9547 1
9547 1
9547 1
9547 1
9547 1
9547 1
9547 1
9547 1
9547 1
9546 1
9546 1
9546 1
9546 1
9546 1
9546 1
9546 1
9546 1
9546 1
9545 1
9545 1
9545 1
9545 1
9545 1
9545 1
9545 1
9545 1
9545 1
9623 1
9623 1
9623 1
9623 1
9623 1
9623 1
9623 1
9623 1
9623 1
9622 1
9622 1
9622 1
9622 1
9622 1
9622 1
9622 1
9622 1
9622 1
9621 1
9621 1
9621 1
9621 1
9621 1
9621 1
9621 1
9621 1
9621 1
9620 1
9620 1
9620 1
9620 1
9620 1
9620 1
9620 1
9620 1
9620 1
9619 1
9619 1
9619 1
9619 1
9619 1
9619 1
9619 1
9619 1
9619 1
9618 1
9618 1
9618 1
9618 1
9618 1
9618 1
9618 1
9618 1
9618 1
9617 1
9617 1
9617 1
9617 1
9617 1
9617 1
9617 1
9617 1
9617 1
9616 1
9616 1
9616 1
9616 1
9616 1
9616 1
9616 1
9616 1
9616 1
9700 1
9700 1
9700 1
9700 1
9700 1
9700 1
9700 1
9700 1
9700 1
9699 1
9699 1
9699 1
9699 1
9699 1
9699 1
9699 1
9699 1
9699 1
9698 1
9698 1
9698 1
9698 1
9698 1
9698 1
9698 1
9698 1
9698 1
9697 1
9697 1
9697 1
9697 1
9697 1
9697 1
9697 1
9697 1
9697 1
9696 1
9696 1
9696 1
9696 1
9696 1
9696 1
9696 1
9696 1
9696 1
9695 1
9695 1
9695 1
9695 1
9695 1
9695 1
9695 1
9695 1
9695 1
9694 1
9694 1
9694 1
9694 1
9694 1
9694 1
9694 1
9694 1
9694 1
9693 1
9693 1
9693 1
9693 1
9693 1
9693 1
9693 1
9693 1
9693 1
9692 1
9692 1
9692 1
9692 1
9692 1
9692 1
9692 1
9692 1
9692 1
9778 1
9778 1
9778 1
9778 1
9778 1
9778 1
9778 1
9778 1
9778 1
9777 1
9777 1
9777 1
9777 1
9777 1
9777 1
9777 1
9777 1
9777 1
9776 1
9776 1
9776 1
9776 1
9776 1
9776 1
9776 1
9776 1
9776 1
9775 1
9775 1
9775 1
9775 1
9775 1
9775 1
9775 1
9775 1
9775 1
9774 1
9774 1
9774 1
9774 1
9774 1
9774 1
9774 1
9774 1
9774 1
9773 1
9773 1
9773 1
9773 1
9773 1
9773 1
9773 1
9773 1
9773 1
9769 1
9769 1
9769 1
9769 1
9769 1
9769 1
9769 1
9769 1
9769 1
9860 1
9860 1
9860 1
9860 1
9860 1
9860 1
9860 1
9860 1
9860 1
9859 1
9859 1
9859 1
9859 1
9859 1
9859 1
9859 1
9859 1
9859 1
9857 1
9857 1
9857 1
9857 1
9857 1
9857 1
9857 1
9857 1
9857 1
9855 1
9855 1
9855 1
9855 1
9855 1
9855 1
9855 1
9855 1
9855 1
9854 1
9854 1
9854 1
9854 1
9854 1
9854 1
9854 1
9854 1
9854 1
9852 1
9852 1
9852 1
9852 1
9852 1
9852 1
9852 1
9852 1
9852 1
9941 1
9941 1
9941 1
9941 1
9941 1
9941 1
9941 1
9941 1
9941 1
9940 1
9940 1
9940 1
9940 1
9940 1
9940 1
9940 1
9940 1
9940 1
9939 1
9939 1
9939 1
9939 1
9939 1
9939 1
9939 1
9939 1
9939 1
9937 1
9937 1
9937 1
9937 1
9937 1
9937 1
9937 1
9937 1
9937 1
9935 1
9935 1
9935 1
9935 1
9935 1
9935 1
9935 1
9935 1
9935 1
9934 1
9934 1
9934 1
9934 1
9934 1
9934 1
9934 1
9934 1
9934 1
10022 1
10022 1
10022 1
10022 1
10022 1
10022 1
10022 1
10022 1
10022 1
10021 1
10021 1
10021 1
10021 1
10021 1
10021 1
10021 1
10021 1
10021 1
10016 1
10016 1
10016 1
10016 1
10016 1
10016 1
10016 1
10016 1
10016 1
10015 1
10015 1
10015 1
10015 1
10015 1
10015 1
10015 1
10015 1
10015 1
10014 1
10014 1
10014 1
10014 1
10014 1
10014 1
10014 1
10014 1
10014 1
10097 1
10097 1
10097 1
10097 1
10097 1
10097 1
10097 1
10097 1
10097 1
10265 1
10265 1
10265 1
10265 1
10265 1
10265 1
10265 1
10265 1
10265 1
10360 1
10360 1
10360 1
10360 1
10360 1
10360 1
10360 1
10360 1
10360 1
10359 1
10359 1
10359 1
10359 1
10359 1
10359 1
10359 1
10359 1
10359 1
10456 1
10456 1
10456 1
10456 1
10456 1
10456 1
10456 1
10456 1
10456 1
10455 1
10455 1
10455 1
10455 1
10455 1
10455 1
10455 1
10455 1
10455 1
10453 1
10453 1
10453 1
10453 1
10453 1
10453 1
10453 1
10453 1
10453 1
10446 1
10446 1
10446 1
10446 1
10446 1
10446 1
10446 1
10446 1
10446 1
10432 1
10432 1
10432 1
10432 1
10432 1
10432 1
10432 1
10432 1
10432 1
10658 1
10658 1
10658 1
10658 1
10658 1
10658 1
10658 1
10658 1
10658 1
10649 1
10649 1
10649 1
10649 1
10649 1
10649 1
10649 1
10649 1
10649 1
10628 1
10628 1
10628 1
10628 1
10628 1
10628 1
10628 1
10628 1
10628 1
10765 1
10765 1
10765 1
10765 1
10765 1
10765 1
10765 1
10765 1
10765 1
10764 1
10764 1
10764 1
10764 1
10764 1
10764 1
10764 1
10764 1
10764 1
10753 1
10753 1
10753 1
10753 1
10753 1
10753 1
10753 1
10753 1
10753 1
10752 1
10752 1
10752 1
10752 1
10752 1
10752 1
10752 1
10752 1
10752 1
10751 1
10751 1
10751 1
10751 1
10751 1
10751 1
10751 1
10751 1
10751 1
10727 1
10727 1
10727 1
10727 1
10727 1
10727 1
10727 1
10727 1
10727 1
10856 1
10856 1
10856 1
10856 1
10856 1
10856 1
10856 1
10856 1
10856 1
10853 1
10853 1
10853 1
10853 1
10853 1
10853 1
10853 1
10853 1
10853 1
10973 1
10973 1
10973 1
10973 1
10973 1
10973 1
10973 1
10973 1
10973 1
10961 1
10961 1
10961 1
10961 1
10961 1
10961 1
10961 1
10961 1
10961 1
11075 1
11075 1
11075 1
11075 1
11075 1
11075 1
11075 1
11075 1
11075 1
11158 1
11158 1
11158 1
11158 1
11158 1
11158 1
11158 1
11158 1
11158 1
11314 1
11314 1
11314 1
11314 1
11314 1
11314 1
11314 1
11314 1
11314 1
11280 1
11280 1
11280 1
11280 1
11280 1
11280 1
11280 1
11280 1
11280 1
11452 1
11452 1
11452 1
11452 1
11452 1
11452 1
11452 1
11452 1
11452 1
11450 1
11450 1
11450 1
11450 1
11450 1
11450 1
11450 1
11450 1
11450 1
11445 1
11445 1
11445 1
11445 1
11445 1
11445 1
11445 1
11445 1
11445 1
11441 1
11441 1
11441 1
11441 1
11441 1
11441 1
11441 1
11441 1
11441 1
11440 1
11440 1
11440 1
11440 1
11440 1
11440 1
11440 1
11440 1
11440 1
11584 1
11584 1
11584 1
11584 1
11584 1
11584 1
11584 1
11584 1
11584 1
11583 1
11583 1
11583 1
11583 1
11583 1
11583 1
11583 1
11583 1
11583 1
11582 1
11582 1
11582 1
11582 1
11582 1
11582 1
11582 1
11582 1
11582 1
11580 1
11580 1
11580 1
11580 1
11580 1
11580 1
11580 1
11580 1
11580 1
11579 1
11579 1
11579 1
11579 1
11579 1
11579 1
11579 1
11579 1
11579 1
11578 1
11578 1
11578 1
11578 1
11578 1
11578 1
11578 1
11578 1
11578 1
11576 1
11576 1
11576 1
11576 1
11576 1
11576 1
11576 1
11576 1
11576 1
11712 1
11712 1
11712 1
11712 1
11712 1
11712 1
11712 1
11712 1
11712 1
11711 1
11711 1
11711 1
11711 1
11711 1
11711 1
11711 1
11711 1
11711 1
11709 1
11709 1
11709 1
11709 1
11709 1
11709 1
11709 1
11709 1
11709 1
11708 1
11708 1
11708 1
11708 1
11708 1
11708 1
11708 1
11708 1
11708 1
11707 1
11707 1
11707 1
11707 1
11707 1
11707 1
11707 1
11707 1
11707 1
11706 1
11706 1
11706 1
11706 1
11706 1
11706 1
11706 1
11706 1
11706 1
11703 1
11703 1
11703 1
11703 1
11703 1
11703 1
11703 1
11703 1
11703 1
11841 1
11841 1
11841 1
11841 1
11841 1
11841 1
11841 1
11841 1
11841 1
11835 1
11835 1
11835 1
11835 1
11835 1
11835 1
11835 1
11835 1
11835 1
11964 1
11964 1
11964 1
11964 1
11964 1
11964 1
11964 1
11964 1
11964 1
11963 1
11963 1
11963 1
11963 1
11963 1
11963 1
11963 1
11963 1
11963 1
12205 1
12205 1
12205 1
12205 1
12205 1
12205 1
12205 1
12205 1
12205 1
12330 1
12330 1
12330 1
12330 1
12330 1
12330 1
12330 1
12330 1
12330 1
12328 1
12328 1
12328 1
12328 1
12328 1
12328 1
12328 1
12328 1
12328 1
12327 1
12327 1
12327 1
12327 1
12327 1
12327 1
12327 1
12327 1
12327 1
12467 1
12467 1
12467 1
12467 1
12467 1
12467 1
12467 1
12467 1
12467 1
12464 1
12464 1
12464 1
12464 1
12464 1
12464 1
12464 1
12464 1
12464 1
12462 1
12462 1
12462 1
12462 1
12462 1
12462 1
12462 1
12462 1
12462 1
12460 1
12460 1
12460 1
12460 1
12460 1
12460 1
12460 1
12460 1
12460 1
12459 1
12459 1
12459 1
12459 1
12459 1
12459 1
12459 1
12459 1
12459 1
12457 1
12457 1
12457 1
12457 1
12457 1
12457 1
12457 1
12457 1
12457 1
12598 1
12598 1
12598 1
12598 1
12598 1
12598 1
12598 1
12598 1
12598 1
12595 1
12595 1
12595 1
12595 1
12595 1
12595 1
12595 1
12595 1
12595 1
12594 1
12594 1
12594 1
12594 1
12594 1
12594 1
12594 1
12594 1
12594 1
12591 1
12591 1
12591 1
12591 1
12591 1
12591 1
12591 1
12591 1
12591 1
12589 1
12589 1
12589 1
12589 1
12589 1
12589 1
12589 1
12589 1
12589 1
12585 1
12585 1
12585 1
12585 1
12585 1
12585 1
12585 1
12585 1
12585 1
12720 1
12720 1
12720 1
12720 1
12720 1
12720 1
12720 1
12720 1
12720 1
12719 1
12719 1
12719 1
12719 1
12719 1
12719 1
12719 1
12719 1
12719 1
12717 1
12717 1
12717 1
12717 1
12717 1
12717 1
12717 1
12717 1
12717 1
12716 1
12716 1
12716 1
12716 1
12716 1
12716 1
12716 1
12716 1
12716 1
12715 1
12715 1
12715 1
12715 1
12715 1
12715 1
12715 1
12715 1
12715 1
12711 1
12711 1
12711 1
12711 1
12711 1
12711 1
12711 1
12711 1
12711 1
12710 1
12710 1
12710 1
12710 1
12710 1
12710 1
12710 1
12710 1
12710 1
12707 1
12707 1
12707 1
12707 1
12707 1
12707 1
12707 1
12707 1
12707 1
12838 1
12838 1
12838 1
12838 1
12838 1
12838 1
12838 1
12838 1
12838 1
12836 1
12836 1
12836 1
12836 1
12836 1
12836 1
12836 1
12836 1
12836 1
12835 1
12835 1
12835 1
12835 1
12835 1
12835 1
12835 1
12835 1
12835 1
12834 1
12834 1
12834 1
12834 1
12834 1
12834 1
12834 1
12834 1
12834 1
12833 1
12833 1
12833 1
12833 1
12833 1
12833 1
12833 1
12833 1
12833 1
12832 1
12832 1
12832 1
12832 1
12832 1
12832 1
12832 1
12832 1
12832 1
12830 1
12830 1
12830 1
12830 1
12830 1
12830 1
12830 1
12830 1
12830 1
12957 1
12957 1
12957 1
12957 1
12957 1
12957 1
12957 1
12957 1
12957 1
12956 1
12956 1
12956 1
12956 1
12956 1
12956 1
12956 1
12956 1
12956 1
12951 1
12951 1
12951 1
12951 1
12951 1
12951 1
12951 1
12951 1
12951 1
12950 1
12950 1
12950 1
12950 1
12950 1
12950 1
12950 1
12950 1
12950 1
13068 1
13068 1
13068 1
13068 1
13068 1
13068 1
13068 1
13068 1
13068 1
13066 1
13066 1
13066 1
13066 1
13066 1
13066 1
13066 1
13066 1
13066 1
13065 1
13065 1
13065 1
13065 1
13065 1
13065 1
13065 1
13065 1
13065 1
13062 1
13062 1
13062 1
13062 1
13062 1
13062 1
13062 1
13062 1
13062 1
13171 1
13171 1
13171 1
13171 1
13171 1
13171 1
13171 1
13171 1
13171 1
13170 1
13170 1
13170 1
13170 1
13170 1
13170 1
13170 1
13170 1
13170 1
13169 1
13169 1
13169 1
13169 1
13169 1
13169 1
13169 1
13169 1
13169 1
13168 1
13168 1
13168 1
13168 1
13168 1
13168 1
13168 1
13168 1
13168 1
13166 1
13166 1
13166 1
13166 1
13166 1
13166 1
13166 1
13166 1
13166 1
13265 1
13265 1
13265 1
13265 1
13265 1
13265 1
13265 1
13265 1
13265 1
13263 1
13263 1
13263 1
13263 1
13263 1
13263 1
13263 1
13263 1
13263 1
13352 1
13352 1
13352 1
13352 1
13352 1
13352 1
13352 1
13352 1
13352 1
13350 1
13350 1
13350 1
13350 1
13350 1
13350 1
13350 1
13350 1
13350 1
13432 1
13432 1
13432 1
13432 1
13432 1
13432 1
13432 1
13432 1
13432 1
13431 1
13431 1
13431 1
13431 1
13431 1
13431 1
13431 1
13431 1
13431 1
