pt_graph scale
17074 1.18119047619048
17074 0
17074 2.7952380952381
17074 2.41333333333333
17074 3.14
17074 2.72142857142857
17074 0.00214285714285714
17074 0
17074 0.0142857142857143
17164 1.18119047619048
17164 0
17164 2.7952380952381
17164 2.41333333333333
17164 3.14
17164 2.72142857142857
17164 0.00214285714285714
17164 0
17164 0.0142857142857143
17167 1.18119047619048
17167 0
17167 2.7952380952381
17167 2.41333333333333
17167 3.14
17167 2.72142857142857
17167 0.00214285714285714
17167 0
17167 0.0142857142857143
17168 1.18119047619048
17168 0
17168 2.7952380952381
17168 2.41333333333333
17168 3.14
17168 2.72142857142857
17168 0.00214285714285714
17168 0
17168 0.0142857142857143
17244 1.18119047619048
17244 0
17244 2.7952380952381
17244 2.41333333333333
17244 3.14
17244 2.72142857142857
17244 0.00214285714285714
17244 0
17244 0.0142857142857143
17282 1.18119047619048
17282 0
17282 2.7952380952381
17282 2.41333333333333
17282 3.14
17282 2.72142857142857
17282 0.00214285714285714
17282 0
17282 0.0142857142857143
17285 1.18119047619048
17285 0
17285 2.7952380952381
17285 2.41333333333333
17285 3.14
17285 2.72142857142857
17285 0.00214285714285714
17285 0
17285 0.0142857142857143
17286 1.18119047619048
17286 0
17286 2.7952380952381
17286 2.41333333333333
17286 3.14
17286 2.72142857142857
17286 0.00214285714285714
17286 0
17286 0.0142857142857143
17328 1.18119047619048
17328 0
17328 2.7952380952381
17328 2.41333333333333
17328 3.14
17328 2.72142857142857
17328 0.00214285714285714
17328 0
17328 0.0142857142857143
17352 1.18119047619048
17352 0
17352 2.7952380952381
17352 2.41333333333333
17352 3.14
17352 2.72142857142857
17352 0.00214285714285714
17352 0
17352 0.0142857142857143
17353 1.18119047619048
17353 0
17353 2.7952380952381
17353 2.41333333333333
17353 3.14
17353 2.72142857142857
17353 0.00214285714285714
17353 0
17353 0.0142857142857143
17354 1.18119047619048
17354 0
17354 2.7952380952381
17354 2.41333333333333
17354 3.14
17354 2.72142857142857
17354 0.00214285714285714
17354 0
17354 0.0142857142857143
17356 1.18119047619048
17356 0
17356 2.7952380952381
17356 2.41333333333333
17356 3.14
17356 2.72142857142857
17356 0.00214285714285714
17356 0
17356 0.0142857142857143
17386 1.18119047619048
17386 0
17386 2.7952380952381
17386 2.41333333333333
17386 3.14
17386 2.72142857142857
17386 0.00214285714285714
17386 0
17386 0.0142857142857143
17388 1.18119047619048
17388 0
17388 2.7952380952381
17388 2.41333333333333
17388 3.14
17388 2.72142857142857
17388 0.00214285714285714
17388 0
17388 0.0142857142857143
17389 1.18119047619048
17389 0
17389 2.7952380952381
17389 2.41333333333333
17389 3.14
17389 2.72142857142857
17389 0.00214285714285714
17389 0
17389 0.0142857142857143
17418 1.18119047619048
17418 0
17418 2.7952380952381
17418 2.41333333333333
17418 3.14
17418 2.72142857142857
17418 0.00214285714285714
17418 0
17418 0.0142857142857143
17419 1.18119047619048
17419 0
17419 2.7952380952381
17419 2.41333333333333
17419 3.14
17419 2.72142857142857
17419 0.00214285714285714
17419 0
17419 0.0142857142857143
17420 1.18119047619048
17420 0
17420 2.7952380952381
17420 2.41333333333333
17420 3.14
17420 2.72142857142857
17420 0.00214285714285714
17420 0
17420 0.0142857142857143
17422 1.18119047619048
17422 0
17422 2.7952380952381
17422 2.41333333333333
17422 3.14
17422 2.72142857142857
17422 0.00214285714285714
17422 0
17422 0.0142857142857143
17451 1.18119047619048
17451 0
17451 2.7952380952381
17451 2.41333333333333
17451 3.14
17451 2.72142857142857
17451 0.00214285714285714
17451 0
17451 0.0142857142857143
17452 1.18119047619048
17452 0
17452 2.7952380952381
17452 2.41333333333333
17452 3.14
17452 2.72142857142857
17452 0.00214285714285714
17452 0
17452 0.0142857142857143
17454 1.18119047619048
17454 0
17454 2.7952380952381
17454 2.41333333333333
17454 3.14
17454 2.72142857142857
17454 0.00214285714285714
17454 0
17454 0.0142857142857143
17456 1.18119047619048
17456 0
17456 2.7952380952381
17456 2.41333333333333
17456 3.14
17456 2.72142857142857
17456 0.00214285714285714
17456 0
17456 0.0142857142857143
17486 1.18119047619048
17486 0
17486 2.7952380952381
17486 2.41333333333333
17486 3.14
17486 2.72142857142857
17486 0.00214285714285714
17486 0
17486 0.0142857142857143
17487 1.18119047619048
17487 0
17487 2.7952380952381
17487 2.41333333333333
17487 3.14
17487 2.72142857142857
17487 0.00214285714285714
17487 0
17487 0.0142857142857143
17488 1.18119047619048
17488 0
17488 2.7952380952381
17488 2.41333333333333
17488 3.14
17488 2.72142857142857
17488 0.00214285714285714
17488 0
17488 0.0142857142857143
17490 1.18119047619048
17490 0
17490 2.7952380952381
17490 2.41333333333333
17490 3.14
17490 2.72142857142857
17490 0.00214285714285714
17490 0
17490 0.0142857142857143
17491 1.18119047619048
17491 0
17491 2.7952380952381
17491 2.41333333333333
17491 3.14
17491 2.72142857142857
17491 0.00214285714285714
17491 0
17491 0.0142857142857143
17523 1.18119047619048
17523 0
17523 2.7952380952381
17523 2.41333333333333
17523 3.14
17523 2.72142857142857
17523 0.00214285714285714
17523 0
17523 0.0142857142857143
17524 1.18119047619048
17524 0
17524 2.7952380952381
17524 2.41333333333333
17524 3.14
17524 2.72142857142857
17524 0.00214285714285714
17524 0
17524 0.0142857142857143
17525 1.18119047619048
17525 0
17525 2.7952380952381
17525 2.41333333333333
17525 3.14
17525 2.72142857142857
17525 0.00214285714285714
17525 0
17525 0.0142857142857143
17526 1.18119047619048
17526 0
17526 2.7952380952381
17526 2.41333333333333
17526 3.14
17526 2.72142857142857
17526 0.00214285714285714
17526 0
17526 0.0142857142857143
17528 1.18119047619048
17528 0
17528 2.7952380952381
17528 2.41333333333333
17528 3.14
17528 2.72142857142857
17528 0.00214285714285714
17528 0
17528 0.0142857142857143
17529 1.18119047619048
17529 0
17529 2.7952380952381
17529 2.41333333333333
17529 3.14
17529 2.72142857142857
17529 0.00214285714285714
17529 0
17529 0.0142857142857143
17560 1.18119047619048
17560 0
17560 2.7952380952381
17560 2.41333333333333
17560 3.14
17560 2.72142857142857
17560 0.00214285714285714
17560 0
17560 0.0142857142857143
17562 1.18119047619048
17562 0
17562 2.7952380952381
17562 2.41333333333333
17562 3.14
17562 2.72142857142857
17562 0.00214285714285714
17562 0
17562 0.0142857142857143
17563 1.18119047619048
17563 0
17563 2.7952380952381
17563 2.41333333333333
17563 3.14
17563 2.72142857142857
17563 0.00214285714285714
17563 0
17563 0.0142857142857143
17565 1.18119047619048
17565 0
17565 2.7952380952381
17565 2.41333333333333
17565 3.14
17565 2.72142857142857
17565 0.00214285714285714
17565 0
17565 0.0142857142857143
17566 1.18119047619048
17566 0
17566 2.7952380952381
17566 2.41333333333333
17566 3.14
17566 2.72142857142857
17566 0.00214285714285714
17566 0
17566 0.0142857142857143
17571 1.18119047619048
17571 0
17571 2.7952380952381
17571 2.41333333333333
17571 3.14
17571 2.72142857142857
17571 0.00214285714285714
17571 0
17571 0.0142857142857143
17579 1.18119047619048
17579 0
17579 2.7952380952381
17579 2.41333333333333
17579 3.14
17579 2.72142857142857
17579 0.00214285714285714
17579 0
17579 0.0142857142857143
17604 1.18119047619048
17604 0
17604 2.7952380952381
17604 2.41333333333333
17604 3.14
17604 2.72142857142857
17604 0.00214285714285714
17604 0
17604 0.0142857142857143
17605 1.18119047619048
17605 0
17605 2.7952380952381
17605 2.41333333333333
17605 3.14
17605 2.72142857142857
17605 0.00214285714285714
17605 0
17605 0.0142857142857143
17606 1.18119047619048
17606 0
17606 2.7952380952381
17606 2.41333333333333
17606 3.14
17606 2.72142857142857
17606 0.00214285714285714
17606 0
17606 0.0142857142857143
17607 1.18119047619048
17607 0
17607 2.7952380952381
17607 2.41333333333333
17607 3.14
17607 2.72142857142857
17607 0.00214285714285714
17607 0
17607 0.0142857142857143
17613 1.18119047619048
17613 0
17613 2.7952380952381
17613 2.41333333333333
17613 3.14
17613 2.72142857142857
17613 0.00214285714285714
17613 0
17613 0.0142857142857143
17648 1.18119047619048
17648 0
17648 2.7952380952381
17648 2.41333333333333
17648 3.14
17648 2.72142857142857
17648 0.00214285714285714
17648 0
17648 0.0142857142857143
17661 1.18119047619048
17661 0
17661 2.7952380952381
17661 2.41333333333333
17661 3.14
17661 2.72142857142857
17661 0.00214285714285714
17661 0
17661 0.0142857142857143
17662 1.18119047619048
17662 0
17662 2.7952380952381
17662 2.41333333333333
17662 3.14
17662 2.72142857142857
17662 0.00214285714285714
17662 0
17662 0.0142857142857143
17663 1.18119047619048
17663 0
17663 2.7952380952381
17663 2.41333333333333
17663 3.14
17663 2.72142857142857
17663 0.00214285714285714
17663 0
17663 0.0142857142857143
17696 1.18119047619048
17696 0
17696 2.7952380952381
17696 2.41333333333333
17696 3.14
17696 2.72142857142857
17696 0.00214285714285714
17696 0
17696 0.0142857142857143
17697 1.18119047619048
17697 0
17697 2.7952380952381
17697 2.41333333333333
17697 3.14
17697 2.72142857142857
17697 0.00214285714285714
17697 0
17697 0.0142857142857143
17698 1.18119047619048
17698 0
17698 2.7952380952381
17698 2.41333333333333
17698 3.14
17698 2.72142857142857
17698 0.00214285714285714
17698 0
17698 0.0142857142857143
17699 1.18119047619048
17699 0
17699 2.7952380952381
17699 2.41333333333333
17699 3.14
17699 2.72142857142857
17699 0.00214285714285714
17699 0
17699 0.0142857142857143
17705 1.18119047619048
17705 0
17705 2.7952380952381
17705 2.41333333333333
17705 3.14
17705 2.72142857142857
17705 0.00214285714285714
17705 0
17705 0.0142857142857143
17707 1.18119047619048
17707 0
17707 2.7952380952381
17707 2.41333333333333
17707 3.14
17707 2.72142857142857
17707 0.00214285714285714
17707 0
17707 0.0142857142857143
17743 1.18119047619048
17743 0
17743 2.7952380952381
17743 2.41333333333333
17743 3.14
17743 2.72142857142857
17743 0.00214285714285714
17743 0
17743 0.0142857142857143
17756 1.18119047619048
17756 0
17756 2.7952380952381
17756 2.41333333333333
17756 3.14
17756 2.72142857142857
17756 0.00214285714285714
17756 0
17756 0.0142857142857143
17757 1.18119047619048
17757 0
17757 2.7952380952381
17757 2.41333333333333
17757 3.14
17757 2.72142857142857
17757 0.00214285714285714
17757 0
17757 0.0142857142857143
17788 1.18119047619048
17788 0
17788 2.7952380952381
17788 2.41333333333333
17788 3.14
17788 2.72142857142857
17788 0.00214285714285714
17788 0
17788 0.0142857142857143
17791 1.18119047619048
17791 0
17791 2.7952380952381
17791 2.41333333333333
17791 3.14
17791 2.72142857142857
17791 0.00214285714285714
17791 0
17791 0.0142857142857143
17799 1.18119047619048
17799 0
17799 2.7952380952381
17799 2.41333333333333
17799 3.14
17799 2.72142857142857
17799 0.00214285714285714
17799 0
17799 0.0142857142857143
17828 1.18119047619048
17828 0
17828 2.7952380952381
17828 2.41333333333333
17828 3.14
17828 2.72142857142857
17828 0.00214285714285714
17828 0
17828 0.0142857142857143
17832 1.18119047619048
17832 0
17832 2.7952380952381
17832 2.41333333333333
17832 3.14
17832 2.72142857142857
17832 0.00214285714285714
17832 0
17832 0.0142857142857143
17833 1.18119047619048
17833 0
17833 2.7952380952381
17833 2.41333333333333
17833 3.14
17833 2.72142857142857
17833 0.00214285714285714
17833 0
17833 0.0142857142857143
17835 1.18119047619048
17835 0
17835 2.7952380952381
17835 2.41333333333333
17835 3.14
17835 2.72142857142857
17835 0.00214285714285714
17835 0
17835 0.0142857142857143
17836 1.18119047619048
17836 0
17836 2.7952380952381
17836 2.41333333333333
17836 3.14
17836 2.72142857142857
17836 0.00214285714285714
17836 0
17836 0.0142857142857143
17839 1.18119047619048
17839 0
17839 2.7952380952381
17839 2.41333333333333
17839 3.14
17839 2.72142857142857
17839 0.00214285714285714
17839 0
17839 0.0142857142857143
17840 1.18119047619048
17840 0
17840 2.7952380952381
17840 2.41333333333333
17840 3.14
17840 2.72142857142857
17840 0.00214285714285714
17840 0
17840 0.0142857142857143
17844 1.18119047619048
17844 0
17844 2.7952380952381
17844 2.41333333333333
17844 3.14
17844 2.72142857142857
17844 0.00214285714285714
17844 0
17844 0.0142857142857143
17879 1.18119047619048
17879 0
17879 2.7952380952381
17879 2.41333333333333
17879 3.14
17879 2.72142857142857
17879 0.00214285714285714
17879 0
17879 0.0142857142857143
17880 1.18119047619048
17880 0
17880 2.7952380952381
17880 2.41333333333333
17880 3.14
17880 2.72142857142857
17880 0.00214285714285714
17880 0
17880 0.0142857142857143
17882 1.18119047619048
17882 0
17882 2.7952380952381
17882 2.41333333333333
17882 3.14
17882 2.72142857142857
17882 0.00214285714285714
17882 0
17882 0.0142857142857143
17884 1.18119047619048
17884 0
17884 2.7952380952381
17884 2.41333333333333
17884 3.14
17884 2.72142857142857
17884 0.00214285714285714
17884 0
17884 0.0142857142857143
17886 1.18119047619048
17886 0
17886 2.7952380952381
17886 2.41333333333333
17886 3.14
17886 2.72142857142857
17886 0.00214285714285714
17886 0
17886 0.0142857142857143
17917 1.18119047619048
17917 0
17917 2.7952380952381
17917 2.41333333333333
17917 3.14
17917 2.72142857142857
17917 0.00214285714285714
17917 0
17917 0.0142857142857143
17926 1.18119047619048
17926 0
17926 2.7952380952381
17926 2.41333333333333
17926 3.14
17926 2.72142857142857
17926 0.00214285714285714
17926 0
17926 0.0142857142857143
17929 1.18119047619048
17929 0
17929 2.7952380952381
17929 2.41333333333333
17929 3.14
17929 2.72142857142857
17929 0.00214285714285714
17929 0
17929 0.0142857142857143
17931 1.18119047619048
17931 0
17931 2.7952380952381
17931 2.41333333333333
17931 3.14
17931 2.72142857142857
17931 0.00214285714285714
17931 0
17931 0.0142857142857143
17935 1.18119047619048
17935 0
17935 2.7952380952381
17935 2.41333333333333
17935 3.14
17935 2.72142857142857
17935 0.00214285714285714
17935 0
17935 0.0142857142857143
17936 1.18119047619048
17936 0
17936 2.7952380952381
17936 2.41333333333333
17936 3.14
17936 2.72142857142857
17936 0.00214285714285714
17936 0
17936 0.0142857142857143
17939 1.18119047619048
17939 0
17939 2.7952380952381
17939 2.41333333333333
17939 3.14
17939 2.72142857142857
17939 0.00214285714285714
17939 0
17939 0.0142857142857143
17976 1.18119047619048
17976 0
17976 2.7952380952381
17976 2.41333333333333
17976 3.14
17976 2.72142857142857
17976 0.00214285714285714
17976 0
17976 0.0142857142857143
17977 1.18119047619048
17977 0
17977 2.7952380952381
17977 2.41333333333333
17977 3.14
17977 2.72142857142857
17977 0.00214285714285714
17977 0
17977 0.0142857142857143
17978 1.18119047619048
17978 0
17978 2.7952380952381
17978 2.41333333333333
17978 3.14
17978 2.72142857142857
17978 0.00214285714285714
17978 0
17978 0.0142857142857143
17981 1.18119047619048
17981 0
17981 2.7952380952381
17981 2.41333333333333
17981 3.14
17981 2.72142857142857
17981 0.00214285714285714
17981 0
17981 0.0142857142857143
18020 1.18119047619048
18020 0
18020 2.7952380952381
18020 2.41333333333333
18020 3.14
18020 2.72142857142857
18020 0.00214285714285714
18020 0
18020 0.0142857142857143
18021 1.18119047619048
18021 0
18021 2.7952380952381
18021 2.41333333333333
18021 3.14
18021 2.72142857142857
18021 0.00214285714285714
18021 0
18021 0.0142857142857143
18022 1.18119047619048
18022 0
18022 2.7952380952381
18022 2.41333333333333
18022 3.14
18022 2.72142857142857
18022 0.00214285714285714
18022 0
18022 0.0142857142857143
18023 1.18119047619048
18023 0
18023 2.7952380952381
18023 2.41333333333333
18023 3.14
18023 2.72142857142857
18023 0.00214285714285714
18023 0
18023 0.0142857142857143
18024 1.18119047619048
18024 0
18024 2.7952380952381
18024 2.41333333333333
18024 3.14
18024 2.72142857142857
18024 0.00214285714285714
18024 0
18024 0.0142857142857143
18025 1.18119047619048
18025 0
18025 2.7952380952381
18025 2.41333333333333
18025 3.14
18025 2.72142857142857
18025 0.00214285714285714
18025 0
18025 0.0142857142857143
18026 1.18119047619048
18026 0
18026 2.7952380952381
18026 2.41333333333333
18026 3.14
18026 2.72142857142857
18026 0.00214285714285714
18026 0
18026 0.0142857142857143
18027 1.18119047619048
18027 0
18027 2.7952380952381
18027 2.41333333333333
18027 3.14
18027 2.72142857142857
18027 0.00214285714285714
18027 0
18027 0.0142857142857143
18030 1.18119047619048
18030 0
18030 2.7952380952381
18030 2.41333333333333
18030 3.14
18030 2.72142857142857
18030 0.00214285714285714
18030 0
18030 0.0142857142857143
18067 1.18119047619048
18067 0
18067 2.7952380952381
18067 2.41333333333333
18067 3.14
18067 2.72142857142857
18067 0.00214285714285714
18067 0
18067 0.0142857142857143
18069 1.18119047619048
18069 0
18069 2.7952380952381
18069 2.41333333333333
18069 3.14
18069 2.72142857142857
18069 0.00214285714285714
18069 0
18069 0.0142857142857143
18113 1.18119047619048
18113 0
18113 2.7952380952381
18113 2.41333333333333
18113 3.14
18113 2.72142857142857
18113 0.00214285714285714
18113 0
18113 0.0142857142857143
18115 1.18119047619048
18115 0
18115 2.7952380952381
18115 2.41333333333333
18115 3.14
18115 2.72142857142857
18115 0.00214285714285714
18115 0
18115 0.0142857142857143
18117 1.18119047619048
18117 0
18117 2.7952380952381
18117 2.41333333333333
18117 3.14
18117 2.72142857142857
18117 0.00214285714285714
18117 0
18117 0.0142857142857143
18120 1.18119047619048
18120 0
18120 2.7952380952381
18120 2.41333333333333
18120 3.14
18120 2.72142857142857
18120 0.00214285714285714
18120 0
18120 0.0142857142857143
18121 1.18119047619048
18121 0
18121 2.7952380952381
18121 2.41333333333333
18121 3.14
18121 2.72142857142857
18121 0.00214285714285714
18121 0
18121 0.0142857142857143
18129 1.18119047619048
18129 0
18129 2.7952380952381
18129 2.41333333333333
18129 3.14
18129 2.72142857142857
18129 0.00214285714285714
18129 0
18129 0.0142857142857143
18166 1.18119047619048
18166 0
18166 2.7952380952381
18166 2.41333333333333
18166 3.14
18166 2.72142857142857
18166 0.00214285714285714
18166 0
18166 0.0142857142857143
18168 1.18119047619048
18168 0
18168 2.7952380952381
18168 2.41333333333333
18168 3.14
18168 2.72142857142857
18168 0.00214285714285714
18168 0
18168 0.0142857142857143
18169 1.18119047619048
18169 0
18169 2.7952380952381
18169 2.41333333333333
18169 3.14
18169 2.72142857142857
18169 0.00214285714285714
18169 0
18169 0.0142857142857143
18172 1.18119047619048
18172 0
18172 2.7952380952381
18172 2.41333333333333
18172 3.14
18172 2.72142857142857
18172 0.00214285714285714
18172 0
18172 0.0142857142857143
18212 1.18119047619048
18212 0
18212 2.7952380952381
18212 2.41333333333333
18212 3.14
18212 2.72142857142857
18212 0.00214285714285714
18212 0
18212 0.0142857142857143
18213 1.18119047619048
18213 0
18213 2.7952380952381
18213 2.41333333333333
18213 3.14
18213 2.72142857142857
18213 0.00214285714285714
18213 0
18213 0.0142857142857143
18215 1.18119047619048
18215 0
18215 2.7952380952381
18215 2.41333333333333
18215 3.14
18215 2.72142857142857
18215 0.00214285714285714
18215 0
18215 0.0142857142857143
18220 1.18119047619048
18220 0
18220 2.7952380952381
18220 2.41333333333333
18220 3.14
18220 2.72142857142857
18220 0.00214285714285714
18220 0
18220 0.0142857142857143
18221 1.18119047619048
18221 0
18221 2.7952380952381
18221 2.41333333333333
18221 3.14
18221 2.72142857142857
18221 0.00214285714285714
18221 0
18221 0.0142857142857143
18223 1.18119047619048
18223 0
18223 2.7952380952381
18223 2.41333333333333
18223 3.14
18223 2.72142857142857
18223 0.00214285714285714
18223 0
18223 0.0142857142857143
18249 1.18119047619048
18249 0
18249 2.7952380952381
18249 2.41333333333333
18249 3.14
18249 2.72142857142857
18249 0.00214285714285714
18249 0
18249 0.0142857142857143
18259 1.18119047619048
18259 0
18259 2.7952380952381
18259 2.41333333333333
18259 3.14
18259 2.72142857142857
18259 0.00214285714285714
18259 0
18259 0.0142857142857143
18260 1.18119047619048
18260 0
18260 2.7952380952381
18260 2.41333333333333
18260 3.14
18260 2.72142857142857
18260 0.00214285714285714
18260 0
18260 0.0142857142857143
18261 1.18119047619048
18261 0
18261 2.7952380952381
18261 2.41333333333333
18261 3.14
18261 2.72142857142857
18261 0.00214285714285714
18261 0
18261 0.0142857142857143
18262 1.18119047619048
18262 0
18262 2.7952380952381
18262 2.41333333333333
18262 3.14
18262 2.72142857142857
18262 0.00214285714285714
18262 0
18262 0.0142857142857143
18270 1.18119047619048
18270 0
18270 2.7952380952381
18270 2.41333333333333
18270 3.14
18270 2.72142857142857
18270 0.00214285714285714
18270 0
18270 0.0142857142857143
18294 1.18119047619048
18294 0
18294 2.7952380952381
18294 2.41333333333333
18294 3.14
18294 2.72142857142857
18294 0.00214285714285714
18294 0
18294 0.0142857142857143
18299 1.18119047619048
18299 0
18299 2.7952380952381
18299 2.41333333333333
18299 3.14
18299 2.72142857142857
18299 0.00214285714285714
18299 0
18299 0.0142857142857143
18306 1.18119047619048
18306 0
18306 2.7952380952381
18306 2.41333333333333
18306 3.14
18306 2.72142857142857
18306 0.00214285714285714
18306 0
18306 0.0142857142857143
18307 1.18119047619048
18307 0
18307 2.7952380952381
18307 2.41333333333333
18307 3.14
18307 2.72142857142857
18307 0.00214285714285714
18307 0
18307 0.0142857142857143
18308 1.18119047619048
18308 0
18308 2.7952380952381
18308 2.41333333333333
18308 3.14
18308 2.72142857142857
18308 0.00214285714285714
18308 0
18308 0.0142857142857143
18309 1.18119047619048
18309 0
18309 2.7952380952381
18309 2.41333333333333
18309 3.14
18309 2.72142857142857
18309 0.00214285714285714
18309 0
18309 0.0142857142857143
18310 1.18119047619048
18310 0
18310 2.7952380952381
18310 2.41333333333333
18310 3.14
18310 2.72142857142857
18310 0.00214285714285714
18310 0
18310 0.0142857142857143
18311 1.18119047619048
18311 0
18311 2.7952380952381
18311 2.41333333333333
18311 3.14
18311 2.72142857142857
18311 0.00214285714285714
18311 0
18311 0.0142857142857143
18312 1.18119047619048
18312 0
18312 2.7952380952381
18312 2.41333333333333
18312 3.14
18312 2.72142857142857
18312 0.00214285714285714
18312 0
18312 0.0142857142857143
18313 1.18119047619048
18313 0
18313 2.7952380952381
18313 2.41333333333333
18313 3.14
18313 2.72142857142857
18313 0.00214285714285714
18313 0
18313 0.0142857142857143
18314 1.18119047619048
18314 0
18314 2.7952380952381
18314 2.41333333333333
18314 3.14
18314 2.72142857142857
18314 0.00214285714285714
18314 0
18314 0.0142857142857143
18339 1.18119047619048
18339 0
18339 2.7952380952381
18339 2.41333333333333
18339 3.14
18339 2.72142857142857
18339 0.00214285714285714
18339 0
18339 0.0142857142857143
18349 1.18119047619048
18349 0
18349 2.7952380952381
18349 2.41333333333333
18349 3.14
18349 2.72142857142857
18349 0.00214285714285714
18349 0
18349 0.0142857142857143
18350 1.18119047619048
18350 0
18350 2.7952380952381
18350 2.41333333333333
18350 3.14
18350 2.72142857142857
18350 0.00214285714285714
18350 0
18350 0.0142857142857143
18351 1.18119047619048
18351 0
18351 2.7952380952381
18351 2.41333333333333
18351 3.14
18351 2.72142857142857
18351 0.00214285714285714
18351 0
18351 0.0142857142857143
18352 1.18119047619048
18352 0
18352 2.7952380952381
18352 2.41333333333333
18352 3.14
18352 2.72142857142857
18352 0.00214285714285714
18352 0
18352 0.0142857142857143
18354 1.18119047619048
18354 0
18354 2.7952380952381
18354 2.41333333333333
18354 3.14
18354 2.72142857142857
18354 0.00214285714285714
18354 0
18354 0.0142857142857143
18355 1.18119047619048
18355 0
18355 2.7952380952381
18355 2.41333333333333
18355 3.14
18355 2.72142857142857
18355 0.00214285714285714
18355 0
18355 0.0142857142857143
18356 1.18119047619048
18356 0
18356 2.7952380952381
18356 2.41333333333333
18356 3.14
18356 2.72142857142857
18356 0.00214285714285714
18356 0
18356 0.0142857142857143
18357 1.18119047619048
18357 0
18357 2.7952380952381
18357 2.41333333333333
18357 3.14
18357 2.72142857142857
18357 0.00214285714285714
18357 0
18357 0.0142857142857143
18388 1.18119047619048
18388 0
18388 2.7952380952381
18388 2.41333333333333
18388 3.14
18388 2.72142857142857
18388 0.00214285714285714
18388 0
18388 0.0142857142857143
18389 1.18119047619048
18389 0
18389 2.7952380952381
18389 2.41333333333333
18389 3.14
18389 2.72142857142857
18389 0.00214285714285714
18389 0
18389 0.0142857142857143
18390 1.18119047619048
18390 0
18390 2.7952380952381
18390 2.41333333333333
18390 3.14
18390 2.72142857142857
18390 0.00214285714285714
18390 0
18390 0.0142857142857143
18391 1.18119047619048
18391 0
18391 2.7952380952381
18391 2.41333333333333
18391 3.14
18391 2.72142857142857
18391 0.00214285714285714
18391 0
18391 0.0142857142857143
18392 1.18119047619048
18392 0
18392 2.7952380952381
18392 2.41333333333333
18392 3.14
18392 2.72142857142857
18392 0.00214285714285714
18392 0
18392 0.0142857142857143
18420 1.18119047619048
18420 0
18420 2.7952380952381
18420 2.41333333333333
18420 3.14
18420 2.72142857142857
18420 0.00214285714285714
18420 0
18420 0.0142857142857143
18421 1.18119047619048
18421 0
18421 2.7952380952381
18421 2.41333333333333
18421 3.14
18421 2.72142857142857
18421 0.00214285714285714
18421 0
18421 0.0142857142857143
18422 1.18119047619048
18422 0
18422 2.7952380952381
18422 2.41333333333333
18422 3.14
18422 2.72142857142857
18422 0.00214285714285714
18422 0
18422 0.0142857142857143
18423 1.18119047619048
18423 0
18423 2.7952380952381
18423 2.41333333333333
18423 3.14
18423 2.72142857142857
18423 0.00214285714285714
18423 0
18423 0.0142857142857143
18424 1.18119047619048
18424 0
18424 2.7952380952381
18424 2.41333333333333
18424 3.14
18424 2.72142857142857
18424 0.00214285714285714
18424 0
18424 0.0142857142857143
18425 1.18119047619048
18425 0
18425 2.7952380952381
18425 2.41333333333333
18425 3.14
18425 2.72142857142857
18425 0.00214285714285714
18425 0
18425 0.0142857142857143
18426 1.18119047619048
18426 0
18426 2.7952380952381
18426 2.41333333333333
18426 3.14
18426 2.72142857142857
18426 0.00214285714285714
18426 0
18426 0.0142857142857143
18450 1.18119047619048
18450 0
18450 2.7952380952381
18450 2.41333333333333
18450 3.14
18450 2.72142857142857
18450 0.00214285714285714
18450 0
18450 0.0142857142857143
18452 1.18119047619048
18452 0
18452 2.7952380952381
18452 2.41333333333333
18452 3.14
18452 2.72142857142857
18452 0.00214285714285714
18452 0
18452 0.0142857142857143
18453 1.18119047619048
18453 0
18453 2.7952380952381
18453 2.41333333333333
18453 3.14
18453 2.72142857142857
18453 0.00214285714285714
18453 0
18453 0.0142857142857143
18454 1.18119047619048
18454 0
18454 2.7952380952381
18454 2.41333333333333
18454 3.14
18454 2.72142857142857
18454 0.00214285714285714
18454 0
18454 0.0142857142857143
18457 1.18119047619048
18457 0
18457 2.7952380952381
18457 2.41333333333333
18457 3.14
18457 2.72142857142857
18457 0.00214285714285714
18457 0
18457 0.0142857142857143
18458 1.18119047619048
18458 0
18458 2.7952380952381
18458 2.41333333333333
18458 3.14
18458 2.72142857142857
18458 0.00214285714285714
18458 0
18458 0.0142857142857143
18459 1.18119047619048
18459 0
18459 2.7952380952381
18459 2.41333333333333
18459 3.14
18459 2.72142857142857
18459 0.00214285714285714
18459 0
18459 0.0142857142857143
18460 1.18119047619048
18460 0
18460 2.7952380952381
18460 2.41333333333333
18460 3.14
18460 2.72142857142857
18460 0.00214285714285714
18460 0
18460 0.0142857142857143
18461 1.18119047619048
18461 0
18461 2.7952380952381
18461 2.41333333333333
18461 3.14
18461 2.72142857142857
18461 0.00214285714285714
18461 0
18461 0.0142857142857143
18485 1.18119047619048
18485 0
18485 2.7952380952381
18485 2.41333333333333
18485 3.14
18485 2.72142857142857
18485 0.00214285714285714
18485 0
18485 0.0142857142857143
18489 1.18119047619048
18489 0
18489 2.7952380952381
18489 2.41333333333333
18489 3.14
18489 2.72142857142857
18489 0.00214285714285714
18489 0
18489 0.0142857142857143
18491 1.18119047619048
18491 0
18491 2.7952380952381
18491 2.41333333333333
18491 3.14
18491 2.72142857142857
18491 0.00214285714285714
18491 0
18491 0.0142857142857143
18492 1.18119047619048
18492 0
18492 2.7952380952381
18492 2.41333333333333
18492 3.14
18492 2.72142857142857
18492 0.00214285714285714
18492 0
18492 0.0142857142857143
18493 1.18119047619048
18493 0
18493 2.7952380952381
18493 2.41333333333333
18493 3.14
18493 2.72142857142857
18493 0.00214285714285714
18493 0
18493 0.0142857142857143
18494 1.18119047619048
18494 0
18494 2.7952380952381
18494 2.41333333333333
18494 3.14
18494 2.72142857142857
18494 0.00214285714285714
18494 0
18494 0.0142857142857143
18515 1.18119047619048
18515 0
18515 2.7952380952381
18515 2.41333333333333
18515 3.14
18515 2.72142857142857
18515 0.00214285714285714
18515 0
18515 0.0142857142857143
18518 1.18119047619048
18518 0
18518 2.7952380952381
18518 2.41333333333333
18518 3.14
18518 2.72142857142857
18518 0.00214285714285714
18518 0
18518 0.0142857142857143
18521 1.18119047619048
18521 0
18521 2.7952380952381
18521 2.41333333333333
18521 3.14
18521 2.72142857142857
18521 0.00214285714285714
18521 0
18521 0.0142857142857143
18523 1.18119047619048
18523 0
18523 2.7952380952381
18523 2.41333333333333
18523 3.14
18523 2.72142857142857
18523 0.00214285714285714
18523 0
18523 0.0142857142857143
18524 1.18119047619048
18524 0
18524 2.7952380952381
18524 2.41333333333333
18524 3.14
18524 2.72142857142857
18524 0.00214285714285714
18524 0
18524 0.0142857142857143
18545 1.18119047619048
18545 0
18545 2.7952380952381
18545 2.41333333333333
18545 3.14
18545 2.72142857142857
18545 0.00214285714285714
18545 0
18545 0.0142857142857143
18546 1.18119047619048
18546 0
18546 2.7952380952381
18546 2.41333333333333
18546 3.14
18546 2.72142857142857
18546 0.00214285714285714
18546 0
18546 0.0142857142857143
18548 1.18119047619048
18548 0
18548 2.7952380952381
18548 2.41333333333333
18548 3.14
18548 2.72142857142857
18548 0.00214285714285714
18548 0
18548 0.0142857142857143
18549 1.18119047619048
18549 0
18549 2.7952380952381
18549 2.41333333333333
18549 3.14
18549 2.72142857142857
18549 0.00214285714285714
18549 0
18549 0.0142857142857143
18550 1.18119047619048
18550 0
18550 2.7952380952381
18550 2.41333333333333
18550 3.14
18550 2.72142857142857
18550 0.00214285714285714
18550 0
18550 0.0142857142857143
18574 1.18119047619048
18574 0
18574 2.7952380952381
18574 2.41333333333333
18574 3.14
18574 2.72142857142857
18574 0.00214285714285714
18574 0
18574 0.0142857142857143
18575 1.18119047619048
18575 0
18575 2.7952380952381
18575 2.41333333333333
18575 3.14
18575 2.72142857142857
18575 0.00214285714285714
18575 0
18575 0.0142857142857143
18576 1.18119047619048
18576 0
18576 2.7952380952381
18576 2.41333333333333
18576 3.14
18576 2.72142857142857
18576 0.00214285714285714
18576 0
18576 0.0142857142857143
18578 1.18119047619048
18578 0
18578 2.7952380952381
18578 2.41333333333333
18578 3.14
18578 2.72142857142857
18578 0.00214285714285714
18578 0
18578 0.0142857142857143
18580 1.18119047619048
18580 0
18580 2.7952380952381
18580 2.41333333333333
18580 3.14
18580 2.72142857142857
18580 0.00214285714285714
18580 0
18580 0.0142857142857143
18581 1.18119047619048
18581 0
18581 2.7952380952381
18581 2.41333333333333
18581 3.14
18581 2.72142857142857
18581 0.00214285714285714
18581 0
18581 0.0142857142857143
18602 1.18119047619048
18602 0
18602 2.7952380952381
18602 2.41333333333333
18602 3.14
18602 2.72142857142857
18602 0.00214285714285714
18602 0
18602 0.0142857142857143
18606 1.18119047619048
18606 0
18606 2.7952380952381
18606 2.41333333333333
18606 3.14
18606 2.72142857142857
18606 0.00214285714285714
18606 0
18606 0.0142857142857143
18608 1.18119047619048
18608 0
18608 2.7952380952381
18608 2.41333333333333
18608 3.14
18608 2.72142857142857
18608 0.00214285714285714
18608 0
18608 0.0142857142857143
18629 1.18119047619048
18629 0
18629 2.7952380952381
18629 2.41333333333333
18629 3.14
18629 2.72142857142857
18629 0.00214285714285714
18629 0
18629 0.0142857142857143
18632 1.18119047619048
18632 0
18632 2.7952380952381
18632 2.41333333333333
18632 3.14
18632 2.72142857142857
18632 0.00214285714285714
18632 0
18632 0.0142857142857143
18633 1.18119047619048
18633 0
18633 2.7952380952381
18633 2.41333333333333
18633 3.14
18633 2.72142857142857
18633 0.00214285714285714
18633 0
18633 0.0142857142857143
18635 1.18119047619048
18635 0
18635 2.7952380952381
18635 2.41333333333333
18635 3.14
18635 2.72142857142857
18635 0.00214285714285714
18635 0
18635 0.0142857142857143
18636 1.18119047619048
18636 0
18636 2.7952380952381
18636 2.41333333333333
18636 3.14
18636 2.72142857142857
18636 0.00214285714285714
18636 0
18636 0.0142857142857143
18637 1.18119047619048
18637 0
18637 2.7952380952381
18637 2.41333333333333
18637 3.14
18637 2.72142857142857
18637 0.00214285714285714
18637 0
18637 0.0142857142857143
18661 1.18119047619048
18661 0
18661 2.7952380952381
18661 2.41333333333333
18661 3.14
18661 2.72142857142857
18661 0.00214285714285714
18661 0
18661 0.0142857142857143
18663 1.18119047619048
18663 0
18663 2.7952380952381
18663 2.41333333333333
18663 3.14
18663 2.72142857142857
18663 0.00214285714285714
18663 0
18663 0.0142857142857143
18664 1.18119047619048
18664 0
18664 2.7952380952381
18664 2.41333333333333
18664 3.14
18664 2.72142857142857
18664 0.00214285714285714
18664 0
18664 0.0142857142857143
18669 1.18119047619048
18669 0
18669 2.7952380952381
18669 2.41333333333333
18669 3.14
18669 2.72142857142857
18669 0.00214285714285714
18669 0
18669 0.0142857142857143
18670 1.18119047619048
18670 0
18670 2.7952380952381
18670 2.41333333333333
18670 3.14
18670 2.72142857142857
18670 0.00214285714285714
18670 0
18670 0.0142857142857143
18694 1.18119047619048
18694 0
18694 2.7952380952381
18694 2.41333333333333
18694 3.14
18694 2.72142857142857
18694 0.00214285714285714
18694 0
18694 0.0142857142857143
18698 1.18119047619048
18698 0
18698 2.7952380952381
18698 2.41333333333333
18698 3.14
18698 2.72142857142857
18698 0.00214285714285714
18698 0
18698 0.0142857142857143
18700 1.18119047619048
18700 0
18700 2.7952380952381
18700 2.41333333333333
18700 3.14
18700 2.72142857142857
18700 0.00214285714285714
18700 0
18700 0.0142857142857143
18701 1.18119047619048
18701 0
18701 2.7952380952381
18701 2.41333333333333
18701 3.14
18701 2.72142857142857
18701 0.00214285714285714
18701 0
18701 0.0142857142857143
18702 1.18119047619048
18702 0
18702 2.7952380952381
18702 2.41333333333333
18702 3.14
18702 2.72142857142857
18702 0.00214285714285714
18702 0
18702 0.0142857142857143
18703 1.18119047619048
18703 0
18703 2.7952380952381
18703 2.41333333333333
18703 3.14
18703 2.72142857142857
18703 0.00214285714285714
18703 0
18703 0.0142857142857143
18704 1.18119047619048
18704 0
18704 2.7952380952381
18704 2.41333333333333
18704 3.14
18704 2.72142857142857
18704 0.00214285714285714
18704 0
18704 0.0142857142857143
18705 1.18119047619048
18705 0
18705 2.7952380952381
18705 2.41333333333333
18705 3.14
18705 2.72142857142857
18705 0.00214285714285714
18705 0
18705 0.0142857142857143
18706 1.18119047619048
18706 0
18706 2.7952380952381
18706 2.41333333333333
18706 3.14
18706 2.72142857142857
18706 0.00214285714285714
18706 0
18706 0.0142857142857143
18707 1.18119047619048
18707 0
18707 2.7952380952381
18707 2.41333333333333
18707 3.14
18707 2.72142857142857
18707 0.00214285714285714
18707 0
18707 0.0142857142857143
18710 1.18119047619048
18710 0
18710 2.7952380952381
18710 2.41333333333333
18710 3.14
18710 2.72142857142857
18710 0.00214285714285714
18710 0
18710 0.0142857142857143
18712 1.18119047619048
18712 0
18712 2.7952380952381
18712 2.41333333333333
18712 3.14
18712 2.72142857142857
18712 0.00214285714285714
18712 0
18712 0.0142857142857143
18742 1.18119047619048
18742 0
18742 2.7952380952381
18742 2.41333333333333
18742 3.14
18742 2.72142857142857
18742 0.00214285714285714
18742 0
18742 0.0142857142857143
18744 1.18119047619048
18744 0
18744 2.7952380952381
18744 2.41333333333333
18744 3.14
18744 2.72142857142857
18744 0.00214285714285714
18744 0
18744 0.0142857142857143
18745 1.18119047619048
18745 0
18745 2.7952380952381
18745 2.41333333333333
18745 3.14
18745 2.72142857142857
18745 0.00214285714285714
18745 0
18745 0.0142857142857143
18746 1.18119047619048
18746 0
18746 2.7952380952381
18746 2.41333333333333
18746 3.14
18746 2.72142857142857
18746 0.00214285714285714
18746 0
18746 0.0142857142857143
18747 1.18119047619048
18747 0
18747 2.7952380952381
18747 2.41333333333333
18747 3.14
18747 2.72142857142857
18747 0.00214285714285714
18747 0
18747 0.0142857142857143
18748 1.18119047619048
18748 0
18748 2.7952380952381
18748 2.41333333333333
18748 3.14
18748 2.72142857142857
18748 0.00214285714285714
18748 0
18748 0.0142857142857143
18749 1.18119047619048
18749 0
18749 2.7952380952381
18749 2.41333333333333
18749 3.14
18749 2.72142857142857
18749 0.00214285714285714
18749 0
18749 0.0142857142857143
18750 1.18119047619048
18750 0
18750 2.7952380952381
18750 2.41333333333333
18750 3.14
18750 2.72142857142857
18750 0.00214285714285714
18750 0
18750 0.0142857142857143
18751 1.18119047619048
18751 0
18751 2.7952380952381
18751 2.41333333333333
18751 3.14
18751 2.72142857142857
18751 0.00214285714285714
18751 0
18751 0.0142857142857143
18752 1.18119047619048
18752 0
18752 2.7952380952381
18752 2.41333333333333
18752 3.14
18752 2.72142857142857
18752 0.00214285714285714
18752 0
18752 0.0142857142857143
18753 1.18119047619048
18753 0
18753 2.7952380952381
18753 2.41333333333333
18753 3.14
18753 2.72142857142857
18753 0.00214285714285714
18753 0
18753 0.0142857142857143
18783 1.18119047619048
18783 0
18783 2.7952380952381
18783 2.41333333333333
18783 3.14
18783 2.72142857142857
18783 0.00214285714285714
18783 0
18783 0.0142857142857143
18785 1.18119047619048
18785 0
18785 2.7952380952381
18785 2.41333333333333
18785 3.14
18785 2.72142857142857
18785 0.00214285714285714
18785 0
18785 0.0142857142857143
18786 1.18119047619048
18786 0
18786 2.7952380952381
18786 2.41333333333333
18786 3.14
18786 2.72142857142857
18786 0.00214285714285714
18786 0
18786 0.0142857142857143
18788 1.18119047619048
18788 0
18788 2.7952380952381
18788 2.41333333333333
18788 3.14
18788 2.72142857142857
18788 0.00214285714285714
18788 0
18788 0.0142857142857143
18789 1.18119047619048
18789 0
18789 2.7952380952381
18789 2.41333333333333
18789 3.14
18789 2.72142857142857
18789 0.00214285714285714
18789 0
18789 0.0142857142857143
18790 1.18119047619048
18790 0
18790 2.7952380952381
18790 2.41333333333333
18790 3.14
18790 2.72142857142857
18790 0.00214285714285714
18790 0
18790 0.0142857142857143
18791 1.18119047619048
18791 0
18791 2.7952380952381
18791 2.41333333333333
18791 3.14
18791 2.72142857142857
18791 0.00214285714285714
18791 0
18791 0.0142857142857143
18792 1.18119047619048
18792 0
18792 2.7952380952381
18792 2.41333333333333
18792 3.14
18792 2.72142857142857
18792 0.00214285714285714
18792 0
18792 0.0142857142857143
18793 1.18119047619048
18793 0
18793 2.7952380952381
18793 2.41333333333333
18793 3.14
18793 2.72142857142857
18793 0.00214285714285714
18793 0
18793 0.0142857142857143
18794 1.18119047619048
18794 0
18794 2.7952380952381
18794 2.41333333333333
18794 3.14
18794 2.72142857142857
18794 0.00214285714285714
18794 0
18794 0.0142857142857143
18795 1.18119047619048
18795 0
18795 2.7952380952381
18795 2.41333333333333
18795 3.14
18795 2.72142857142857
18795 0.00214285714285714
18795 0
18795 0.0142857142857143
18796 1.18119047619048
18796 0
18796 2.7952380952381
18796 2.41333333333333
18796 3.14
18796 2.72142857142857
18796 0.00214285714285714
18796 0
18796 0.0142857142857143
18797 1.18119047619048
18797 0
18797 2.7952380952381
18797 2.41333333333333
18797 3.14
18797 2.72142857142857
18797 0.00214285714285714
18797 0
18797 0.0142857142857143
18798 1.18119047619048
18798 0
18798 2.7952380952381
18798 2.41333333333333
18798 3.14
18798 2.72142857142857
18798 0.00214285714285714
18798 0
18798 0.0142857142857143
18799 1.18119047619048
18799 0
18799 2.7952380952381
18799 2.41333333333333
18799 3.14
18799 2.72142857142857
18799 0.00214285714285714
18799 0
18799 0.0142857142857143
18833 1.18119047619048
18833 0
18833 2.7952380952381
18833 2.41333333333333
18833 3.14
18833 2.72142857142857
18833 0.00214285714285714
18833 0
18833 0.0142857142857143
18835 1.18119047619048
18835 0
18835 2.7952380952381
18835 2.41333333333333
18835 3.14
18835 2.72142857142857
18835 0.00214285714285714
18835 0
18835 0.0142857142857143
18836 1.18119047619048
18836 0
18836 2.7952380952381
18836 2.41333333333333
18836 3.14
18836 2.72142857142857
18836 0.00214285714285714
18836 0
18836 0.0142857142857143
18837 1.18119047619048
18837 0
18837 2.7952380952381
18837 2.41333333333333
18837 3.14
18837 2.72142857142857
18837 0.00214285714285714
18837 0
18837 0.0142857142857143
18838 1.18119047619048
18838 0
18838 2.7952380952381
18838 2.41333333333333
18838 3.14
18838 2.72142857142857
18838 0.00214285714285714
18838 0
18838 0.0142857142857143
18842 1.18119047619048
18842 0
18842 2.7952380952381
18842 2.41333333333333
18842 3.14
18842 2.72142857142857
18842 0.00214285714285714
18842 0
18842 0.0142857142857143
18844 1.18119047619048
18844 0
18844 2.7952380952381
18844 2.41333333333333
18844 3.14
18844 2.72142857142857
18844 0.00214285714285714
18844 0
18844 0.0142857142857143
18873 1.18119047619048
18873 0
18873 2.7952380952381
18873 2.41333333333333
18873 3.14
18873 2.72142857142857
18873 0.00214285714285714
18873 0
18873 0.0142857142857143
18877 1.18119047619048
18877 0
18877 2.7952380952381
18877 2.41333333333333
18877 3.14
18877 2.72142857142857
18877 0.00214285714285714
18877 0
18877 0.0142857142857143
18878 1.18119047619048
18878 0
18878 2.7952380952381
18878 2.41333333333333
18878 3.14
18878 2.72142857142857
18878 0.00214285714285714
18878 0
18878 0.0142857142857143
18879 1.18119047619048
18879 0
18879 2.7952380952381
18879 2.41333333333333
18879 3.14
18879 2.72142857142857
18879 0.00214285714285714
18879 0
18879 0.0142857142857143
18884 1.18119047619048
18884 0
18884 2.7952380952381
18884 2.41333333333333
18884 3.14
18884 2.72142857142857
18884 0.00214285714285714
18884 0
18884 0.0142857142857143
18911 1.18119047619048
18911 0
18911 2.7952380952381
18911 2.41333333333333
18911 3.14
18911 2.72142857142857
18911 0.00214285714285714
18911 0
18911 0.0142857142857143
18919 1.18119047619048
18919 0
18919 2.7952380952381
18919 2.41333333333333
18919 3.14
18919 2.72142857142857
18919 0.00214285714285714
18919 0
18919 0.0142857142857143
18921 1.18119047619048
18921 0
18921 2.7952380952381
18921 2.41333333333333
18921 3.14
18921 2.72142857142857
18921 0.00214285714285714
18921 0
18921 0.0142857142857143
18923 1.18119047619048
18923 0
18923 2.7952380952381
18923 2.41333333333333
18923 3.14
18923 2.72142857142857
18923 0.00214285714285714
18923 0
18923 0.0142857142857143
18925 1.18119047619048
18925 0
18925 2.7952380952381
18925 2.41333333333333
18925 3.14
18925 2.72142857142857
18925 0.00214285714285714
18925 0
18925 0.0142857142857143
18961 1.18119047619048
18961 0
18961 2.7952380952381
18961 2.41333333333333
18961 3.14
18961 2.72142857142857
18961 0.00214285714285714
18961 0
18961 0.0142857142857143
18962 1.18119047619048
18962 0
18962 2.7952380952381
18962 2.41333333333333
18962 3.14
18962 2.72142857142857
18962 0.00214285714285714
18962 0
18962 0.0142857142857143
18963 1.18119047619048
18963 0
18963 2.7952380952381
18963 2.41333333333333
18963 3.14
18963 2.72142857142857
18963 0.00214285714285714
18963 0
18963 0.0142857142857143
18998 1.18119047619048
18998 0
18998 2.7952380952381
18998 2.41333333333333
18998 3.14
18998 2.72142857142857
18998 0.00214285714285714
18998 0
18998 0.0142857142857143
