pt_graph shape
7478 1
7478 1
7478 1
7478 1
7478 1
7478 1
7478 1
7478 1
7478 1
7736 1
7736 1
7736 1
7736 1
7736 1
7736 1
7736 1
7736 1
7736 1
7931 1
7931 1
7931 1
7931 1
7931 1
7931 1
7931 1
7931 1
7931 1
8031 1
8031 1
8031 1
8031 1
8031 1
8031 1
8031 1
8031 1
8031 1
8154 1
8154 1
8154 1
8154 1
8154 1
8154 1
8154 1
8154 1
8154 1
8155 1
8155 1
8155 1
8155 1
8155 1
8155 1
8155 1
8155 1
8155 1
8181 1
8181 1
8181 1
8181 1
8181 1
8181 1
8181 1
8181 1
8181 1
8211 1
8211 1
8211 1
8211 1
8211 1
8211 1
8211 1
8211 1
8211 1
8225 1
8225 1
8225 1
8225 1
8225 1
8225 1
8225 1
8225 1
8225 1
8276 1
8276 1
8276 1
8276 1
8276 1
8276 1
8276 1
8276 1
8276 1
8413 1
8413 1
8413 1
8413 1
8413 1
8413 1
8413 1
8413 1
8413 1
8440 1
8440 1
8440 1
8440 1
8440 1
8440 1
8440 1
8440 1
8440 1
8521 1
8521 1
8521 1
8521 1
8521 1
8521 1
8521 1
8521 1
8521 1
8607 1
8607 1
8607 1
8607 1
8607 1
8607 1
8607 1
8607 1
8607 1
8663 1
8663 1
8663 1
8663 1
8663 1
8663 1
8663 1
8663 1
8663 1
8693 1
8693 1
8693 1
8693 1
8693 1
8693 1
8693 1
8693 1
8693 1
8739 1
8739 1
8739 1
8739 1
8739 1
8739 1
8739 1
8739 1
8739 1
8801 1
8801 1
8801 1
8801 1
8801 1
8801 1
8801 1
8801 1
8801 1
8970 1
8970 1
8970 1
8970 1
8970 1
8970 1
8970 1
8970 1
8970 1
8973 1
8973 1
8973 1
8973 1
8973 1
8973 1
8973 1
8973 1
8973 1
9047 1
9047 1
9047 1
9047 1
9047 1
9047 1
9047 1
9047 1
9047 1
9070 1
9070 1
9070 1
9070 1
9070 1
9070 1
9070 1
9070 1
9070 1
9074 1
9074 1
9074 1
9074 1
9074 1
9074 1
9074 1
9074 1
9074 1
9111 1
9111 1
9111 1
9111 1
9111 1
9111 1
9111 1
9111 1
9111 1
9131 1
9131 1
9131 1
9131 1
9131 1
9131 1
9131 1
9131 1
9131 1
9153 1
9153 1
9153 1
9153 1
9153 1
9153 1
9153 1
9153 1
9153 1
9170 1
9170 1
9170 1
9170 1
9170 1
9170 1
9170 1
9170 1
9170 1
9256 1
9256 1
9256 1
9256 1
9256 1
9256 1
9256 1
9256 1
9256 1
9400 1
9400 1
9400 1
9400 1
9400 1
9400 1
9400 1
9400 1
9400 1
9457 1
9457 1
9457 1
9457 1
9457 1
9457 1
9457 1
9457 1
9457 1
9507 1
9507 1
9507 1
9507 1
9507 1
9507 1
9507 1
9507 1
9507 1
9510 1
9510 1
9510 1
9510 1
9510 1
9510 1
9510 1
9510 1
9510 1
9610 1
9610 1
9610 1
9610 1
9610 1
9610 1
9610 1
9610 1
9610 1
9679 1
9679 1
9679 1
9679 1
9679 1
9679 1
9679 1
9679 1
9679 1
9736 1
9736 1
9736 1
9736 1
9736 1
9736 1
9736 1
9736 1
9736 1
9745 1
9745 1
9745 1
9745 1
9745 1
9745 1
9745 1
9745 1
9745 1
9819 1
9819 1
9819 1
9819 1
9819 1
9819 1
9819 1
9819 1
9819 1
9825 1
9825 1
9825 1
9825 1
9825 1
9825 1
9825 1
9825 1
9825 1
9847 1
9847 1
9847 1
9847 1
9847 1
9847 1
9847 1
9847 1
9847 1
9886 1
9886 1
9886 1
9886 1
9886 1
9886 1
9886 1
9886 1
9886 1
9894 1
9894 1
9894 1
9894 1
9894 1
9894 1
9894 1
9894 1
9894 1
9900 1
9900 1
9900 1
9900 1
9900 1
9900 1
9900 1
9900 1
9900 1
9930 1
9930 1
9930 1
9930 1
9930 1
9930 1
9930 1
9930 1
9930 1
9978 1
9978 1
9978 1
9978 1
9978 1
9978 1
9978 1
9978 1
9978 1
10066 1
10066 1
10066 1
10066 1
10066 1
10066 1
10066 1
10066 1
10066 1
10134 1
10134 1
10134 1
10134 1
10134 1
10134 1
10134 1
10134 1
10134 1
10138 1
10138 1
10138 1
10138 1
10138 1
10138 1
10138 1
10138 1
10138 1
10143 1
10143 1
10143 1
10143 1
10143 1
10143 1
10143 1
10143 1
10143 1
10209 1
10209 1
10209 1
10209 1
10209 1
10209 1
10209 1
10209 1
10209 1
10229 1
10229 1
10229 1
10229 1
10229 1
10229 1
10229 1
10229 1
10229 1
10336 1
10336 1
10336 1
10336 1
10336 1
10336 1
10336 1
10336 1
10336 1
10379 1
10379 1
10379 1
10379 1
10379 1
10379 1
10379 1
10379 1
10379 1
10487 1
10487 1
10487 1
10487 1
10487 1
10487 1
10487 1
10487 1
10487 1
10501 1
10501 1
10501 1
10501 1
10501 1
10501 1
10501 1
10501 1
10501 1
10590 1
10590 1
10590 1
10590 1
10590 1
10590 1
10590 1
10590 1
10590 1
10626 1
10626 1
10626 1
10626 1
10626 1
10626 1
10626 1
10626 1
10626 1
10724 1
10724 1
10724 1
10724 1
10724 1
10724 1
10724 1
10724 1
10724 1
10926 1
10926 1
10926 1
10926 1
10926 1
10926 1
10926 1
10926 1
10926 1
11008 1
11008 1
11008 1
11008 1
11008 1
11008 1
11008 1
11008 1
11008 1
11116 1
11116 1
11116 1
11116 1
11116 1
11116 1
11116 1
11116 1
11116 1
11144 1
11144 1
11144 1
11144 1
11144 1
11144 1
11144 1
11144 1
11144 1
11239 1
11239 1
11239 1
11239 1
11239 1
11239 1
11239 1
11239 1
11239 1
11362 1
11362 1
11362 1
11362 1
11362 1
11362 1
11362 1
11362 1
11362 1
11483 1
11483 1
11483 1
11483 1
11483 1
11483 1
11483 1
11483 1
11483 1
11497 1
11497 1
11497 1
11497 1
11497 1
11497 1
11497 1
11497 1
11497 1
11505 1
11505 1
11505 1
11505 1
11505 1
11505 1
11505 1
11505 1
11505 1
11511 1
11511 1
11511 1
11511 1
11511 1
11511 1
11511 1
11511 1
11511 1
11512 1
11512 1
11512 1
11512 1
11512 1
11512 1
11512 1
11512 1
11512 1
11614 1
11614 1
11614 1
11614 1
11614 1
11614 1
11614 1
11614 1
11614 1
11632 1
11632 1
11632 1
11632 1
11632 1
11632 1
11632 1
11632 1
11632 1
11642 1
11642 1
11642 1
11642 1
11642 1
11642 1
11642 1
11642 1
11642 1
11761 1
11761 1
11761 1
11761 1
11761 1
11761 1
11761 1
11761 1
11761 1
11767 1
11767 1
11767 1
11767 1
11767 1
11767 1
11767 1
11767 1
11767 1
11867 1
11867 1
11867 1
11867 1
11867 1
11867 1
11867 1
11867 1
11867 1
11995 1
11995 1
11995 1
11995 1
11995 1
11995 1
11995 1
11995 1
11995 1
12019 1
12019 1
12019 1
12019 1
12019 1
12019 1
12019 1
12019 1
12019 1
12021 1
12021 1
12021 1
12021 1
12021 1
12021 1
12021 1
12021 1
12021 1
12022 1
12022 1
12022 1
12022 1
12022 1
12022 1
12022 1
12022 1
12022 1
12023 1
12023 1
12023 1
12023 1
12023 1
12023 1
12023 1
12023 1
12023 1
12025 1
12025 1
12025 1
12025 1
12025 1
12025 1
12025 1
12025 1
12025 1
12113 1
12113 1
12113 1
12113 1
12113 1
12113 1
12113 1
12113 1
12113 1
12131 1
12131 1
12131 1
12131 1
12131 1
12131 1
12131 1
12131 1
12131 1
12140 1
12140 1
12140 1
12140 1
12140 1
12140 1
12140 1
12140 1
12140 1
12142 1
12142 1
12142 1
12142 1
12142 1
12142 1
12142 1
12142 1
12142 1
12143 1
12143 1
12143 1
12143 1
12143 1
12143 1
12143 1
12143 1
12143 1
12245 1
12245 1
12245 1
12245 1
12245 1
12245 1
12245 1
12245 1
12245 1
12261 1
12261 1
12261 1
12261 1
12261 1
12261 1
12261 1
12261 1
12261 1
12264 1
12264 1
12264 1
12264 1
12264 1
12264 1
12264 1
12264 1
12264 1
12366 1
12366 1
12366 1
12366 1
12366 1
12366 1
12366 1
12366 1
12366 1
12368 1
12368 1
12368 1
12368 1
12368 1
12368 1
12368 1
12368 1
12368 1
12390 1
12390 1
12390 1
12390 1
12390 1
12390 1
12390 1
12390 1
12390 1
12399 1
12399 1
12399 1
12399 1
12399 1
12399 1
12399 1
12399 1
12399 1
12526 1
12526 1
12526 1
12526 1
12526 1
12526 1
12526 1
12526 1
12526 1
12627 1
12627 1
12627 1
12627 1
12627 1
12627 1
12627 1
12627 1
12627 1
12647 1
12647 1
12647 1
12647 1
12647 1
12647 1
12647 1
12647 1
12647 1
13118 1
13118 1
13118 1
13118 1
13118 1
13118 1
13118 1
13118 1
13118 1
13120 1
13120 1
13120 1
13120 1
13120 1
13120 1
13120 1
13120 1
13120 1
