pt_graph scale
9769 1
9769 0
9769 2
9769 3.5
9769 2
9769 2
9769 0
9769 0
9769 0
19520 1
19520 0
19520 2
19520 3.5
19520 2
19520 2
19520 0
19520 0
19520 0
10016 1
10016 0
10016 2
10016 3.5
10016 2
10016 2
10016 0
10016 0
10016 0
10015 1
10015 0
10015 2
10015 3.5
10015 2
10015 2
10015 0
10015 0
10015 0
10014 1
10014 0
10014 2
10014 3.5
10014 2
10014 2
10014 0
10014 0
10014 0
10099 1
10099 0
10099 2
10099 3.5
10099 2
10099 2
10099 0
10099 0
10099 0
10098 1
10098 0
10098 2
10098 3.5
10098 2
10098 2
10098 0
10098 0
10098 0
10097 1
10097 0
10097 2
10097 3.5
10097 2
10097 2
10097 0
10097 0
10097 0
10181 1
10181 0
10181 2
10181 3.5
10181 2
10181 2
10181 0
10181 0
10181 0
10180 1
10180 0
10180 2
10180 3.5
10180 2
10180 2
10180 0
10180 0
10180 0
10179 1
10179 0
10179 2
10179 3.5
10179 2
10179 2
10179 0
10179 0
10179 0
10271 1
10271 0
10271 2
10271 3.5
10271 2
10271 2
10271 0
10271 0
10271 0
10266 1
10266 0
10266 2
10266 3.5
10266 2
10266 2
10266 0
10266 0
10266 0
10265 1
10265 0
10265 2
10265 3.5
10265 2
10265 2
10265 0
10265 0
10265 0
10264 1
10264 0
10264 2
10264 3.5
10264 2
10264 2
10264 0
10264 0
10264 0
10263 1
10263 0
10263 2
10263 3.5
10263 2
10263 2
10263 0
10263 0
10263 0
10262 1
10262 0
10262 2
10262 3.5
10262 2
10262 2
10262 0
10262 0
10262 0
10354 1
10354 0
10354 2
10354 3.5
10354 2
10354 2
10354 0
10354 0
10354 0
10349 1
10349 0
10349 2
10349 3.5
10349 2
10349 2
10349 0
10349 0
10349 0
10348 1
10348 0
10348 2
10348 3.5
10348 2
10348 2
10348 0
10348 0
10348 0
10446 1
10446 0
10446 2
10446 3.5
10446 2
10446 2
10446 0
10446 0
10446 0
10648 1
10648 0
10648 2
10648 3.5
10648 2
10648 2
10648 0
10648 0
10648 0
11406 1
11406 0
11406 2
11406 3.5
11406 2
11406 2
11406 0
11406 0
11406 0
11405 1
11405 0
11405 2
11405 3.5
11405 2
11405 2
11405 0
11405 0
11405 0
11574 1
11574 0
11574 2
11574 3.5
11574 2
11574 2
11574 0
11574 0
11574 0
11537 1
11537 0
11537 2
11537 3.5
11537 2
11537 2
11537 0
11537 0
11537 0
11536 1
11536 0
11536 2
11536 3.5
11536 2
11536 2
11536 0
11536 0
11536 0
11704 1
11704 0
11704 2
11704 3.5
11704 2
11704 2
11704 0
11704 0
11704 0
11703 1
11703 0
11703 2
11703 3.5
11703 2
11703 2
11703 0
11703 0
11703 0
11693 1
11693 0
11693 2
11693 3.5
11693 2
11693 2
11693 0
11693 0
11693 0
11665 1
11665 0
11665 2
11665 3.5
11665 2
11665 2
11665 0
11665 0
11665 0
11664 1
11664 0
11664 2
11664 3.5
11664 2
11664 2
11664 0
11664 0
11664 0
11837 1
11837 0
11837 2
11837 3.5
11837 2
11837 2
11837 0
11837 0
11837 0
11796 1
11796 0
11796 2
11796 3.5
11796 2
11796 2
11796 0
11796 0
11796 0
11795 1
11795 0
11795 2
11795 3.5
11795 2
11795 2
11795 0
11795 0
11795 0
11794 1
11794 0
11794 2
11794 3.5
11794 2
11794 2
11794 0
11794 0
11794 0
11927 1
11927 0
11927 2
11927 3.5
11927 2
11927 2
11927 0
11927 0
11927 0
12086 1
12086 0
12086 2
12086 3.5
12086 2
12086 2
12086 0
12086 0
12086 0
12050 1
12050 0
12050 2
12050 3.5
12050 2
12050 2
12050 0
12050 0
12050 0
12049 1
12049 0
12049 2
12049 3.5
12049 2
12049 2
12049 0
12049 0
12049 0
19503 1
19503 0
19503 2
19503 3.5
19503 2
19503 2
19503 0
19503 0
19503 0
12200 1
12200 0
12200 2
12200 3.5
12200 2
12200 2
12200 0
12200 0
12200 0
12174 1
12174 0
12174 2
12174 3.5
12174 2
12174 2
12174 0
12174 0
12174 0
12173 1
12173 0
12173 2
12173 3.5
12173 2
12173 2
12173 0
12173 0
12173 0
12172 1
12172 0
12172 2
12172 3.5
12172 2
12172 2
12172 0
12172 0
12172 0
12328 1
12328 0
12328 2
12328 3.5
12328 2
12328 2
12328 0
12328 0
12328 0
12297 1
12297 0
12297 2
12297 3.5
12297 2
12297 2
12297 0
12297 0
12297 0
12465 1
12465 0
12465 2
12465 3.5
12465 2
12465 2
12465 0
12465 0
12465 0
12596 1
12596 0
12596 2
12596 3.5
12596 2
12596 2
12596 0
12596 0
12596 0
12705 1
12705 0
12705 2
12705 3.5
12705 2
12705 2
12705 0
12705 0
12705 0
12689 1
12689 0
12689 2
12689 3.5
12689 2
12689 2
12689 0
12689 0
12689 0
12837 1
12837 0
12837 2
12837 3.5
12837 2
12837 2
12837 0
12837 0
12837 0
12834 1
12834 0
12834 2
12834 3.5
12834 2
12834 2
12834 0
12834 0
12834 0
12825 1
12825 0
12825 2
12825 3.5
12825 2
12825 2
12825 0
12825 0
12825 0
12802 1
12802 0
12802 2
12802 3.5
12802 2
12802 2
12802 0
12802 0
12802 0
12949 1
12949 0
12949 2
12949 3.5
12949 2
12949 2
12949 0
12949 0
12949 0
12933 1
12933 0
12933 2
12933 3.5
12933 2
12933 2
12933 0
12933 0
12933 0
13063 1
13063 0
13063 2
13063 3.5
13063 2
13063 2
13063 0
13063 0
13063 0
13062 1
13062 0
13062 2
13062 3.5
13062 2
13062 2
13062 0
13062 0
13062 0
13061 1
13061 0
13061 2
13061 3.5
13061 2
13061 2
13061 0
13061 0
13061 0
13053 1
13053 0
13053 2
13053 3.5
13053 2
13053 2
13053 0
13053 0
13053 0
13050 1
13050 0
13050 2
13050 3.5
13050 2
13050 2
13050 0
13050 0
13050 0
13043 1
13043 0
13043 2
13043 3.5
13043 2
13043 2
13043 0
13043 0
13043 0
13168 1
13168 0
13168 2
13168 3.5
13168 2
13168 2
13168 0
13168 0
13168 0
13167 1
13167 0
13167 2
13167 3.5
13167 2
13167 2
13167 0
13167 0
13167 0
13155 1
13155 0
13155 2
13155 3.5
13155 2
13155 2
13155 0
13155 0
13155 0
13152 1
13152 0
13152 2
13152 3.5
13152 2
13152 2
13152 0
13152 0
13152 0
13149 1
13149 0
13149 2
13149 3.5
13149 2
13149 2
13149 0
13149 0
13149 0
13254 1
13254 0
13254 2
13254 3.5
13254 2
13254 2
13254 0
13254 0
13254 0
13252 1
13252 0
13252 2
13252 3.5
13252 2
13252 2
13252 0
13252 0
13252 0
13248 1
13248 0
13248 2
13248 3.5
13248 2
13248 2
13248 0
13248 0
13248 0
13245 1
13245 0
13245 2
13245 3.5
13245 2
13245 2
13245 0
13245 0
13245 0
13244 1
13244 0
13244 2
13244 3.5
13244 2
13244 2
13244 0
13244 0
13244 0
13346 1
13346 0
13346 2
13346 3.5
13346 2
13346 2
13346 0
13346 0
13346 0
13345 1
13345 0
13345 2
13345 3.5
13345 2
13345 2
13345 0
13345 0
13345 0
13344 1
13344 0
13344 2
13344 3.5
13344 2
13344 2
13344 0
13344 0
13344 0
13343 1
13343 0
13343 2
13343 3.5
13343 2
13343 2
13343 0
13343 0
13343 0
13417 1
13417 0
13417 2
13417 3.5
13417 2
13417 2
13417 0
13417 0
13417 0
