pt_graph cpue_kghour
8508 1.09
8508 3.9
8508 5.65
8508 2.56
8508 2.62
8508 2.8
8508 0.1
8508 1.51
8508 0.19
8509 1.09
8509 3.9
8509 5.65
8509 2.56
8509 2.62
8509 2.8
8509 0.1
8509 1.51
8509 0.19
8520 1.09
8520 3.9
8520 5.65
8520 2.56
8520 2.62
8520 2.8
8520 0.1
8520 1.51
8520 0.19
8560 1.09
8560 3.9
8560 5.65
8560 2.56
8560 2.62
8560 2.8
8560 0.1
8560 1.51
8560 0.19
8561 1.09
8561 3.9
8561 5.65
8561 2.56
8561 2.62
8561 2.8
8561 0.1
8561 1.51
8561 0.19
8562 1.09
8562 3.9
8562 5.65
8562 2.56
8562 2.62
8562 2.8
8562 0.1
8562 1.51
8562 0.19
8610 1.09
8610 3.9
8610 5.65
8610 2.56
8610 2.62
8610 2.8
8610 0.1
8610 1.51
8610 0.19
8611 1.09
8611 3.9
8611 5.65
8611 2.56
8611 2.62
8611 2.8
8611 0.1
8611 1.51
8611 0.19
8612 1.09
8612 3.9
8612 5.65
8612 2.56
8612 2.62
8612 2.8
8612 0.1
8612 1.51
8612 0.19
8621 1.09
8621 3.9
8621 5.65
8621 2.56
8621 2.62
8621 2.8
8621 0.1
8621 1.51
8621 0.19
8622 1.09
8622 3.9
8622 5.65
8622 2.56
8622 2.62
8622 2.8
8622 0.1
8622 1.51
8622 0.19
8655 1.09
8655 3.9
8655 5.65
8655 2.56
8655 2.62
8655 2.8
8655 0.1
8655 1.51
8655 0.19
8657 1.09
8657 3.9
8657 5.65
8657 2.56
8657 2.62
8657 2.8
8657 0.1
8657 1.51
8657 0.19
8666 1.09
8666 3.9
8666 5.65
8666 2.56
8666 2.62
8666 2.8
8666 0.1
8666 1.51
8666 0.19
8667 1.09
8667 3.9
8667 5.65
8667 2.56
8667 2.62
8667 2.8
8667 0.1
8667 1.51
8667 0.19
8699 1.09
8699 3.9
8699 5.65
8699 2.56
8699 2.62
8699 2.8
8699 0.1
8699 1.51
8699 0.19
8700 1.09
8700 3.9
8700 5.65
8700 2.56
8700 2.62
8700 2.8
8700 0.1
8700 1.51
8700 0.19
8701 1.09
8701 3.9
8701 5.65
8701 2.56
8701 2.62
8701 2.8
8701 0.1
8701 1.51
8701 0.19
8712 1.09
8712 3.9
8712 5.65
8712 2.56
8712 2.62
8712 2.8
8712 0.1
8712 1.51
8712 0.19
8743 1.09
8743 3.9
8743 5.65
8743 2.56
8743 2.62
8743 2.8
8743 0.1
8743 1.51
8743 0.19
8744 1.09
8744 3.9
8744 5.65
8744 2.56
8744 2.62
8744 2.8
8744 0.1
8744 1.51
8744 0.19
8745 1.09
8745 3.9
8745 5.65
8745 2.56
8745 2.62
8745 2.8
8745 0.1
8745 1.51
8745 0.19
8746 1.09
8746 3.9
8746 5.65
8746 2.56
8746 2.62
8746 2.8
8746 0.1
8746 1.51
8746 0.19
8751 1.09
8751 3.9
8751 5.65
8751 2.56
8751 2.62
8751 2.8
8751 0.1
8751 1.51
8751 0.19
8755 1.09
8755 3.9
8755 5.65
8755 2.56
8755 2.62
8755 2.8
8755 0.1
8755 1.51
8755 0.19
8756 1.09
8756 3.9
8756 5.65
8756 2.56
8756 2.62
8756 2.8
8756 0.1
8756 1.51
8756 0.19
8789 1.09
8789 3.9
8789 5.65
8789 2.56
8789 2.62
8789 2.8
8789 0.1
8789 1.51
8789 0.19
8790 1.09
8790 3.9
8790 5.65
8790 2.56
8790 2.62
8790 2.8
8790 0.1
8790 1.51
8790 0.19
8791 1.09
8791 3.9
8791 5.65
8791 2.56
8791 2.62
8791 2.8
8791 0.1
8791 1.51
8791 0.19
8835 1.09
8835 3.9
8835 5.65
8835 2.56
8835 2.62
8835 2.8
8835 0.1
8835 1.51
8835 0.19
8836 1.09
8836 3.9
8836 5.65
8836 2.56
8836 2.62
8836 2.8
8836 0.1
8836 1.51
8836 0.19
8842 1.09
8842 3.9
8842 5.65
8842 2.56
8842 2.62
8842 2.8
8842 0.1
8842 1.51
8842 0.19
8843 1.09
8843 3.9
8843 5.65
8843 2.56
8843 2.62
8843 2.8
8843 0.1
8843 1.51
8843 0.19
8844 1.09
8844 3.9
8844 5.65
8844 2.56
8844 2.62
8844 2.8
8844 0.1
8844 1.51
8844 0.19
8881 1.09
8881 3.9
8881 5.65
8881 2.56
8881 2.62
8881 2.8
8881 0.1
8881 1.51
8881 0.19
8882 1.09
8882 3.9
8882 5.65
8882 2.56
8882 2.62
8882 2.8
8882 0.1
8882 1.51
8882 0.19
8885 1.09
8885 3.9
8885 5.65
8885 2.56
8885 2.62
8885 2.8
8885 0.1
8885 1.51
8885 0.19
8888 1.09
8888 3.9
8888 5.65
8888 2.56
8888 2.62
8888 2.8
8888 0.1
8888 1.51
8888 0.19
8925 1.09
8925 3.9
8925 5.65
8925 2.56
8925 2.62
8925 2.8
8925 0.1
8925 1.51
8925 0.19
8926 1.09
8926 3.9
8926 5.65
8926 2.56
8926 2.62
8926 2.8
8926 0.1
8926 1.51
8926 0.19
8964 1.09
8964 3.9
8964 5.65
8964 2.56
8964 2.62
8964 2.8
8964 0.1
8964 1.51
8964 0.19
8965 1.09
8965 3.9
8965 5.65
8965 2.56
8965 2.62
8965 2.8
8965 0.1
8965 1.51
8965 0.19
8966 1.09
8966 3.9
8966 5.65
8966 2.56
8966 2.62
8966 2.8
8966 0.1
8966 1.51
8966 0.19
9044 1.09
9044 3.9
9044 5.65
9044 2.56
9044 2.62
9044 2.8
9044 0.1
9044 1.51
9044 0.19
9069 1.09
9069 3.9
9069 5.65
9069 2.56
9069 2.62
9069 2.8
9069 0.1
9069 1.51
9069 0.19
9129 1.09
9129 3.9
9129 5.65
9129 2.56
9129 2.62
9129 2.8
9129 0.1
9129 1.51
9129 0.19
9130 1.09
9130 3.9
9130 5.65
9130 2.56
9130 2.62
9130 2.8
9130 0.1
9130 1.51
9130 0.19
9150 1.09
9150 3.9
9150 5.65
9150 2.56
9150 2.62
9150 2.8
9150 0.1
9150 1.51
9150 0.19
9171 1.09
9171 3.9
9171 5.65
9171 2.56
9171 2.62
9171 2.8
9171 0.1
9171 1.51
9171 0.19
9172 1.09
9172 3.9
9172 5.65
9172 2.56
9172 2.62
9172 2.8
9172 0.1
9172 1.51
9172 0.19
9173 1.09
9173 3.9
9173 5.65
9173 2.56
9173 2.62
9173 2.8
9173 0.1
9173 1.51
9173 0.19
9174 1.09
9174 3.9
9174 5.65
9174 2.56
9174 2.62
9174 2.8
9174 0.1
9174 1.51
9174 0.19
9215 1.09
9215 3.9
9215 5.65
9215 2.56
9215 2.62
9215 2.8
9215 0.1
9215 1.51
9215 0.19
9216 1.09
9216 3.9
9216 5.65
9216 2.56
9216 2.62
9216 2.8
9216 0.1
9216 1.51
9216 0.19
9217 1.09
9217 3.9
9217 5.65
9217 2.56
9217 2.62
9217 2.8
9217 0.1
9217 1.51
9217 0.19
9235 1.09
9235 3.9
9235 5.65
9235 2.56
9235 2.62
9235 2.8
9235 0.1
9235 1.51
9235 0.19
9236 1.09
9236 3.9
9236 5.65
9236 2.56
9236 2.62
9236 2.8
9236 0.1
9236 1.51
9236 0.19
9259 1.09
9259 3.9
9259 5.65
9259 2.56
9259 2.62
9259 2.8
9259 0.1
9259 1.51
9259 0.19
9260 1.09
9260 3.9
9260 5.65
9260 2.56
9260 2.62
9260 2.8
9260 0.1
9260 1.51
9260 0.19
9261 1.09
9261 3.9
9261 5.65
9261 2.56
9261 2.62
9261 2.8
9261 0.1
9261 1.51
9261 0.19
9262 1.09
9262 3.9
9262 5.65
9262 2.56
9262 2.62
9262 2.8
9262 0.1
9262 1.51
9262 0.19
9282 1.09
9282 3.9
9282 5.65
9282 2.56
9282 2.62
9282 2.8
9282 0.1
9282 1.51
9282 0.19
9307 1.09
9307 3.9
9307 5.65
9307 2.56
9307 2.62
9307 2.8
9307 0.1
9307 1.51
9307 0.19
9308 1.09
9308 3.9
9308 5.65
9308 2.56
9308 2.62
9308 2.8
9308 0.1
9308 1.51
9308 0.19
9309 1.09
9309 3.9
9309 5.65
9309 2.56
9309 2.62
9309 2.8
9309 0.1
9309 1.51
9309 0.19
9310 1.09
9310 3.9
9310 5.65
9310 2.56
9310 2.62
9310 2.8
9310 0.1
9310 1.51
9310 0.19
9332 1.09
9332 3.9
9332 5.65
9332 2.56
9332 2.62
9332 2.8
9332 0.1
9332 1.51
9332 0.19
9357 1.09
9357 3.9
9357 5.65
9357 2.56
9357 2.62
9357 2.8
9357 0.1
9357 1.51
9357 0.19
9359 1.09
9359 3.9
9359 5.65
9359 2.56
9359 2.62
9359 2.8
9359 0.1
9359 1.51
9359 0.19
9360 1.09
9360 3.9
9360 5.65
9360 2.56
9360 2.62
9360 2.8
9360 0.1
9360 1.51
9360 0.19
9361 1.09
9361 3.9
9361 5.65
9361 2.56
9361 2.62
9361 2.8
9361 0.1
9361 1.51
9361 0.19
9362 1.09
9362 3.9
9362 5.65
9362 2.56
9362 2.62
9362 2.8
9362 0.1
9362 1.51
9362 0.19
9413 1.09
9413 3.9
9413 5.65
9413 2.56
9413 2.62
9413 2.8
9413 0.1
9413 1.51
9413 0.19
9414 1.09
9414 3.9
9414 5.65
9414 2.56
9414 2.62
9414 2.8
9414 0.1
9414 1.51
9414 0.19
9415 1.09
9415 3.9
9415 5.65
9415 2.56
9415 2.62
9415 2.8
9415 0.1
9415 1.51
9415 0.19
9416 1.09
9416 3.9
9416 5.65
9416 2.56
9416 2.62
9416 2.8
9416 0.1
9416 1.51
9416 0.19
9419 1.09
9419 3.9
9419 5.65
9419 2.56
9419 2.62
9419 2.8
9419 0.1
9419 1.51
9419 0.19
9439 1.09
9439 3.9
9439 5.65
9439 2.56
9439 2.62
9439 2.8
9439 0.1
9439 1.51
9439 0.19
9454 1.09
9454 3.9
9454 5.65
9454 2.56
9454 2.62
9454 2.8
9454 0.1
9454 1.51
9454 0.19
9456 1.09
9456 3.9
9456 5.65
9456 2.56
9456 2.62
9456 2.8
9456 0.1
9456 1.51
9456 0.19
9468 1.09
9468 3.9
9468 5.65
9468 2.56
9468 2.62
9468 2.8
9468 0.1
9468 1.51
9468 0.19
9469 1.09
9469 3.9
9469 5.65
9469 2.56
9469 2.62
9469 2.8
9469 0.1
9469 1.51
9469 0.19
9471 1.09
9471 3.9
9471 5.65
9471 2.56
9471 2.62
9471 2.8
9471 0.1
9471 1.51
9471 0.19
9472 1.09
9472 3.9
9472 5.65
9472 2.56
9472 2.62
9472 2.8
9472 0.1
9472 1.51
9472 0.19
9473 1.09
9473 3.9
9473 5.65
9473 2.56
9473 2.62
9473 2.8
9473 0.1
9473 1.51
9473 0.19
9477 1.09
9477 3.9
9477 5.65
9477 2.56
9477 2.62
9477 2.8
9477 0.1
9477 1.51
9477 0.19
9501 1.09
9501 3.9
9501 5.65
9501 2.56
9501 2.62
9501 2.8
9501 0.1
9501 1.51
9501 0.19
9516 1.09
9516 3.9
9516 5.65
9516 2.56
9516 2.62
9516 2.8
9516 0.1
9516 1.51
9516 0.19
9529 1.09
9529 3.9
9529 5.65
9529 2.56
9529 2.62
9529 2.8
9529 0.1
9529 1.51
9529 0.19
9530 1.09
9530 3.9
9530 5.65
9530 2.56
9530 2.62
9530 2.8
9530 0.1
9530 1.51
9530 0.19
9531 1.09
9531 3.9
9531 5.65
9531 2.56
9531 2.62
9531 2.8
9531 0.1
9531 1.51
9531 0.19
9532 1.09
9532 3.9
9532 5.65
9532 2.56
9532 2.62
9532 2.8
9532 0.1
9532 1.51
9532 0.19
9534 1.09
9534 3.9
9534 5.65
9534 2.56
9534 2.62
9534 2.8
9534 0.1
9534 1.51
9534 0.19
9535 1.09
9535 3.9
9535 5.65
9535 2.56
9535 2.62
9535 2.8
9535 0.1
9535 1.51
9535 0.19
9536 1.09
9536 3.9
9536 5.65
9536 2.56
9536 2.62
9536 2.8
9536 0.1
9536 1.51
9536 0.19
9585 1.09
9585 3.9
9585 5.65
9585 2.56
9585 2.62
9585 2.8
9585 0.1
9585 1.51
9585 0.19
9587 1.09
9587 3.9
9587 5.65
9587 2.56
9587 2.62
9587 2.8
9587 0.1
9587 1.51
9587 0.19
9594 1.09
9594 3.9
9594 5.65
9594 2.56
9594 2.62
9594 2.8
9594 0.1
9594 1.51
9594 0.19
9595 1.09
9595 3.9
9595 5.65
9595 2.56
9595 2.62
9595 2.8
9595 0.1
9595 1.51
9595 0.19
9602 1.09
9602 3.9
9602 5.65
9602 2.56
9602 2.62
9602 2.8
9602 0.1
9602 1.51
9602 0.19
9605 1.09
9605 3.9
9605 5.65
9605 2.56
9605 2.62
9605 2.8
9605 0.1
9605 1.51
9605 0.19
9606 1.09
9606 3.9
9606 5.65
9606 2.56
9606 2.62
9606 2.8
9606 0.1
9606 1.51
9606 0.19
9607 1.09
9607 3.9
9607 5.65
9607 2.56
9607 2.62
9607 2.8
9607 0.1
9607 1.51
9607 0.19
9671 1.09
9671 3.9
9671 5.65
9671 2.56
9671 2.62
9671 2.8
9671 0.1
9671 1.51
9671 0.19
9676 1.09
9676 3.9
9676 5.65
9676 2.56
9676 2.62
9676 2.8
9676 0.1
9676 1.51
9676 0.19
9677 1.09
9677 3.9
9677 5.65
9677 2.56
9677 2.62
9677 2.8
9677 0.1
9677 1.51
9677 0.19
9678 1.09
9678 3.9
9678 5.65
9678 2.56
9678 2.62
9678 2.8
9678 0.1
9678 1.51
9678 0.19
9680 1.09
9680 3.9
9680 5.65
9680 2.56
9680 2.62
9680 2.8
9680 0.1
9680 1.51
9680 0.19
9681 1.09
9681 3.9
9681 5.65
9681 2.56
9681 2.62
9681 2.8
9681 0.1
9681 1.51
9681 0.19
9682 1.09
9682 3.9
9682 5.65
9682 2.56
9682 2.62
9682 2.8
9682 0.1
9682 1.51
9682 0.19
9683 1.09
9683 3.9
9683 5.65
9683 2.56
9683 2.62
9683 2.8
9683 0.1
9683 1.51
9683 0.19
9684 1.09
9684 3.9
9684 5.65
9684 2.56
9684 2.62
9684 2.8
9684 0.1
9684 1.51
9684 0.19
9685 1.09
9685 3.9
9685 5.65
9685 2.56
9685 2.62
9685 2.8
9685 0.1
9685 1.51
9685 0.19
9686 1.09
9686 3.9
9686 5.65
9686 2.56
9686 2.62
9686 2.8
9686 0.1
9686 1.51
9686 0.19
9720 1.09
9720 3.9
9720 5.65
9720 2.56
9720 2.62
9720 2.8
9720 0.1
9720 1.51
9720 0.19
9721 1.09
9721 3.9
9721 5.65
9721 2.56
9721 2.62
9721 2.8
9721 0.1
9721 1.51
9721 0.19
9739 1.09
9739 3.9
9739 5.65
9739 2.56
9739 2.62
9739 2.8
9739 0.1
9739 1.51
9739 0.19
9749 1.09
9749 3.9
9749 5.65
9749 2.56
9749 2.62
9749 2.8
9749 0.1
9749 1.51
9749 0.19
9753 1.09
9753 3.9
9753 5.65
9753 2.56
9753 2.62
9753 2.8
9753 0.1
9753 1.51
9753 0.19
9754 1.09
9754 3.9
9754 5.65
9754 2.56
9754 2.62
9754 2.8
9754 0.1
9754 1.51
9754 0.19
9757 1.09
9757 3.9
9757 5.65
9757 2.56
9757 2.62
9757 2.8
9757 0.1
9757 1.51
9757 0.19
9758 1.09
9758 3.9
9758 5.65
9758 2.56
9758 2.62
9758 2.8
9758 0.1
9758 1.51
9758 0.19
9759 1.09
9759 3.9
9759 5.65
9759 2.56
9759 2.62
9759 2.8
9759 0.1
9759 1.51
9759 0.19
9761 1.09
9761 3.9
9761 5.65
9761 2.56
9761 2.62
9761 2.8
9761 0.1
9761 1.51
9761 0.19
9762 1.09
9762 3.9
9762 5.65
9762 2.56
9762 2.62
9762 2.8
9762 0.1
9762 1.51
9762 0.19
9763 1.09
9763 3.9
9763 5.65
9763 2.56
9763 2.62
9763 2.8
9763 0.1
9763 1.51
9763 0.19
9764 1.09
9764 3.9
9764 5.65
9764 2.56
9764 2.62
9764 2.8
9764 0.1
9764 1.51
9764 0.19
9820 1.09
9820 3.9
9820 5.65
9820 2.56
9820 2.62
9820 2.8
9820 0.1
9820 1.51
9820 0.19
9830 1.09
9830 3.9
9830 5.65
9830 2.56
9830 2.62
9830 2.8
9830 0.1
9830 1.51
9830 0.19
9831 1.09
9831 3.9
9831 5.65
9831 2.56
9831 2.62
9831 2.8
9831 0.1
9831 1.51
9831 0.19
9832 1.09
9832 3.9
9832 5.65
9832 2.56
9832 2.62
9832 2.8
9832 0.1
9832 1.51
9832 0.19
9835 1.09
9835 3.9
9835 5.65
9835 2.56
9835 2.62
9835 2.8
9835 0.1
9835 1.51
9835 0.19
9838 1.09
9838 3.9
9838 5.65
9838 2.56
9838 2.62
9838 2.8
9838 0.1
9838 1.51
9838 0.19
9839 1.09
9839 3.9
9839 5.65
9839 2.56
9839 2.62
9839 2.8
9839 0.1
9839 1.51
9839 0.19
9840 1.09
9840 3.9
9840 5.65
9840 2.56
9840 2.62
9840 2.8
9840 0.1
9840 1.51
9840 0.19
9841 1.09
9841 3.9
9841 5.65
9841 2.56
9841 2.62
9841 2.8
9841 0.1
9841 1.51
9841 0.19
9842 1.09
9842 3.9
9842 5.65
9842 2.56
9842 2.62
9842 2.8
9842 0.1
9842 1.51
9842 0.19
9843 1.09
9843 3.9
9843 5.65
9843 2.56
9843 2.62
9843 2.8
9843 0.1
9843 1.51
9843 0.19
9844 1.09
9844 3.9
9844 5.65
9844 2.56
9844 2.62
9844 2.8
9844 0.1
9844 1.51
9844 0.19
9845 1.09
9845 3.9
9845 5.65
9845 2.56
9845 2.62
9845 2.8
9845 0.1
9845 1.51
9845 0.19
9846 1.09
9846 3.9
9846 5.65
9846 2.56
9846 2.62
9846 2.8
9846 0.1
9846 1.51
9846 0.19
9899 1.09
9899 3.9
9899 5.65
9899 2.56
9899 2.62
9899 2.8
9899 0.1
9899 1.51
9899 0.19
9901 1.09
9901 3.9
9901 5.65
9901 2.56
9901 2.62
9901 2.8
9901 0.1
9901 1.51
9901 0.19
9902 1.09
9902 3.9
9902 5.65
9902 2.56
9902 2.62
9902 2.8
9902 0.1
9902 1.51
9902 0.19
9909 1.09
9909 3.9
9909 5.65
9909 2.56
9909 2.62
9909 2.8
9909 0.1
9909 1.51
9909 0.19
9912 1.09
9912 3.9
9912 5.65
9912 2.56
9912 2.62
9912 2.8
9912 0.1
9912 1.51
9912 0.19
9914 1.09
9914 3.9
9914 5.65
9914 2.56
9914 2.62
9914 2.8
9914 0.1
9914 1.51
9914 0.19
9918 1.09
9918 3.9
9918 5.65
9918 2.56
9918 2.62
9918 2.8
9918 0.1
9918 1.51
9918 0.19
9919 1.09
9919 3.9
9919 5.65
9919 2.56
9919 2.62
9919 2.8
9919 0.1
9919 1.51
9919 0.19
9920 1.09
9920 3.9
9920 5.65
9920 2.56
9920 2.62
9920 2.8
9920 0.1
9920 1.51
9920 0.19
9923 1.09
9923 3.9
9923 5.65
9923 2.56
9923 2.62
9923 2.8
9923 0.1
9923 1.51
9923 0.19
9924 1.09
9924 3.9
9924 5.65
9924 2.56
9924 2.62
9924 2.8
9924 0.1
9924 1.51
9924 0.19
9925 1.09
9925 3.9
9925 5.65
9925 2.56
9925 2.62
9925 2.8
9925 0.1
9925 1.51
9925 0.19
9926 1.09
9926 3.9
9926 5.65
9926 2.56
9926 2.62
9926 2.8
9926 0.1
9926 1.51
9926 0.19
9927 1.09
9927 3.9
9927 5.65
9927 2.56
9927 2.62
9927 2.8
9927 0.1
9927 1.51
9927 0.19
9928 1.09
9928 3.9
9928 5.65
9928 2.56
9928 2.62
9928 2.8
9928 0.1
9928 1.51
9928 0.19
9970 1.09
9970 3.9
9970 5.65
9970 2.56
9970 2.62
9970 2.8
9970 0.1
9970 1.51
9970 0.19
9982 1.09
9982 3.9
9982 5.65
9982 2.56
9982 2.62
9982 2.8
9982 0.1
9982 1.51
9982 0.19
9992 1.09
9992 3.9
9992 5.65
9992 2.56
9992 2.62
9992 2.8
9992 0.1
9992 1.51
9992 0.19
9993 1.09
9993 3.9
9993 5.65
9993 2.56
9993 2.62
9993 2.8
9993 0.1
9993 1.51
9993 0.19
9994 1.09
9994 3.9
9994 5.65
9994 2.56
9994 2.62
9994 2.8
9994 0.1
9994 1.51
9994 0.19
10000 1.09
10000 3.9
10000 5.65
10000 2.56
10000 2.62
10000 2.8
10000 0.1
10000 1.51
10000 0.19
10002 1.09
10002 3.9
10002 5.65
10002 2.56
10002 2.62
10002 2.8
10002 0.1
10002 1.51
10002 0.19
10004 1.09
10004 3.9
10004 5.65
10004 2.56
10004 2.62
10004 2.8
10004 0.1
10004 1.51
10004 0.19
10005 1.09
10005 3.9
10005 5.65
10005 2.56
10005 2.62
10005 2.8
10005 0.1
10005 1.51
10005 0.19
10006 1.09
10006 3.9
10006 5.65
10006 2.56
10006 2.62
10006 2.8
10006 0.1
10006 1.51
10006 0.19
10007 1.09
10007 3.9
10007 5.65
10007 2.56
10007 2.62
10007 2.8
10007 0.1
10007 1.51
10007 0.19
10008 1.09
10008 3.9
10008 5.65
10008 2.56
10008 2.62
10008 2.8
10008 0.1
10008 1.51
10008 0.19
10009 1.09
10009 3.9
10009 5.65
10009 2.56
10009 2.62
10009 2.8
10009 0.1
10009 1.51
10009 0.19
10073 1.09
10073 3.9
10073 5.65
10073 2.56
10073 2.62
10073 2.8
10073 0.1
10073 1.51
10073 0.19
10075 1.09
10075 3.9
10075 5.65
10075 2.56
10075 2.62
10075 2.8
10075 0.1
10075 1.51
10075 0.19
10076 1.09
10076 3.9
10076 5.65
10076 2.56
10076 2.62
10076 2.8
10076 0.1
10076 1.51
10076 0.19
10078 1.09
10078 3.9
10078 5.65
10078 2.56
10078 2.62
10078 2.8
10078 0.1
10078 1.51
10078 0.19
10079 1.09
10079 3.9
10079 5.65
10079 2.56
10079 2.62
10079 2.8
10079 0.1
10079 1.51
10079 0.19
10083 1.09
10083 3.9
10083 5.65
10083 2.56
10083 2.62
10083 2.8
10083 0.1
10083 1.51
10083 0.19
10084 1.09
10084 3.9
10084 5.65
10084 2.56
10084 2.62
10084 2.8
10084 0.1
10084 1.51
10084 0.19
10086 1.09
10086 3.9
10086 5.65
10086 2.56
10086 2.62
10086 2.8
10086 0.1
10086 1.51
10086 0.19
10087 1.09
10087 3.9
10087 5.65
10087 2.56
10087 2.62
10087 2.8
10087 0.1
10087 1.51
10087 0.19
10088 1.09
10088 3.9
10088 5.65
10088 2.56
10088 2.62
10088 2.8
10088 0.1
10088 1.51
10088 0.19
10089 1.09
10089 3.9
10089 5.65
10089 2.56
10089 2.62
10089 2.8
10089 0.1
10089 1.51
10089 0.19
10090 1.09
10090 3.9
10090 5.65
10090 2.56
10090 2.62
10090 2.8
10090 0.1
10090 1.51
10090 0.19
10091 1.09
10091 3.9
10091 5.65
10091 2.56
10091 2.62
10091 2.8
10091 0.1
10091 1.51
10091 0.19
10092 1.09
10092 3.9
10092 5.65
10092 2.56
10092 2.62
10092 2.8
10092 0.1
10092 1.51
10092 0.19
10131 1.09
10131 3.9
10131 5.65
10131 2.56
10131 2.62
10131 2.8
10131 0.1
10131 1.51
10131 0.19
10153 1.09
10153 3.9
10153 5.65
10153 2.56
10153 2.62
10153 2.8
10153 0.1
10153 1.51
10153 0.19
10154 1.09
10154 3.9
10154 5.65
10154 2.56
10154 2.62
10154 2.8
10154 0.1
10154 1.51
10154 0.19
10155 1.09
10155 3.9
10155 5.65
10155 2.56
10155 2.62
10155 2.8
10155 0.1
10155 1.51
10155 0.19
10156 1.09
10156 3.9
10156 5.65
10156 2.56
10156 2.62
10156 2.8
10156 0.1
10156 1.51
10156 0.19
10157 1.09
10157 3.9
10157 5.65
10157 2.56
10157 2.62
10157 2.8
10157 0.1
10157 1.51
10157 0.19
10159 1.09
10159 3.9
10159 5.65
10159 2.56
10159 2.62
10159 2.8
10159 0.1
10159 1.51
10159 0.19
10162 1.09
10162 3.9
10162 5.65
10162 2.56
10162 2.62
10162 2.8
10162 0.1
10162 1.51
10162 0.19
10164 1.09
10164 3.9
10164 5.65
10164 2.56
10164 2.62
10164 2.8
10164 0.1
10164 1.51
10164 0.19
10165 1.09
10165 3.9
10165 5.65
10165 2.56
10165 2.62
10165 2.8
10165 0.1
10165 1.51
10165 0.19
10167 1.09
10167 3.9
10167 5.65
10167 2.56
10167 2.62
10167 2.8
10167 0.1
10167 1.51
10167 0.19
10168 1.09
10168 3.9
10168 5.65
10168 2.56
10168 2.62
10168 2.8
10168 0.1
10168 1.51
10168 0.19
10170 1.09
10170 3.9
10170 5.65
10170 2.56
10170 2.62
10170 2.8
10170 0.1
10170 1.51
10170 0.19
10171 1.09
10171 3.9
10171 5.65
10171 2.56
10171 2.62
10171 2.8
10171 0.1
10171 1.51
10171 0.19
10172 1.09
10172 3.9
10172 5.65
10172 2.56
10172 2.62
10172 2.8
10172 0.1
10172 1.51
10172 0.19
10173 1.09
10173 3.9
10173 5.65
10173 2.56
10173 2.62
10173 2.8
10173 0.1
10173 1.51
10173 0.19
10175 1.09
10175 3.9
10175 5.65
10175 2.56
10175 2.62
10175 2.8
10175 0.1
10175 1.51
10175 0.19
10223 1.09
10223 3.9
10223 5.65
10223 2.56
10223 2.62
10223 2.8
10223 0.1
10223 1.51
10223 0.19
10237 1.09
10237 3.9
10237 5.65
10237 2.56
10237 2.62
10237 2.8
10237 0.1
10237 1.51
10237 0.19
10238 1.09
10238 3.9
10238 5.65
10238 2.56
10238 2.62
10238 2.8
10238 0.1
10238 1.51
10238 0.19
10239 1.09
10239 3.9
10239 5.65
10239 2.56
10239 2.62
10239 2.8
10239 0.1
10239 1.51
10239 0.19
10240 1.09
10240 3.9
10240 5.65
10240 2.56
10240 2.62
10240 2.8
10240 0.1
10240 1.51
10240 0.19
10243 1.09
10243 3.9
10243 5.65
10243 2.56
10243 2.62
10243 2.8
10243 0.1
10243 1.51
10243 0.19
10245 1.09
10245 3.9
10245 5.65
10245 2.56
10245 2.62
10245 2.8
10245 0.1
10245 1.51
10245 0.19
10246 1.09
10246 3.9
10246 5.65
10246 2.56
10246 2.62
10246 2.8
10246 0.1
10246 1.51
10246 0.19
10247 1.09
10247 3.9
10247 5.65
10247 2.56
10247 2.62
10247 2.8
10247 0.1
10247 1.51
10247 0.19
10248 1.09
10248 3.9
10248 5.65
10248 2.56
10248 2.62
10248 2.8
10248 0.1
10248 1.51
10248 0.19
10252 1.09
10252 3.9
10252 5.65
10252 2.56
10252 2.62
10252 2.8
10252 0.1
10252 1.51
10252 0.19
10254 1.09
10254 3.9
10254 5.65
10254 2.56
10254 2.62
10254 2.8
10254 0.1
10254 1.51
10254 0.19
10255 1.09
10255 3.9
10255 5.65
10255 2.56
10255 2.62
10255 2.8
10255 0.1
10255 1.51
10255 0.19
10256 1.09
10256 3.9
10256 5.65
10256 2.56
10256 2.62
10256 2.8
10256 0.1
10256 1.51
10256 0.19
10257 1.09
10257 3.9
10257 5.65
10257 2.56
10257 2.62
10257 2.8
10257 0.1
10257 1.51
10257 0.19
10258 1.09
10258 3.9
10258 5.65
10258 2.56
10258 2.62
10258 2.8
10258 0.1
10258 1.51
10258 0.19
10319 1.09
10319 3.9
10319 5.65
10319 2.56
10319 2.62
10319 2.8
10319 0.1
10319 1.51
10319 0.19
10321 1.09
10321 3.9
10321 5.65
10321 2.56
10321 2.62
10321 2.8
10321 0.1
10321 1.51
10321 0.19
10323 1.09
10323 3.9
10323 5.65
10323 2.56
10323 2.62
10323 2.8
10323 0.1
10323 1.51
10323 0.19
10324 1.09
10324 3.9
10324 5.65
10324 2.56
10324 2.62
10324 2.8
10324 0.1
10324 1.51
10324 0.19
10325 1.09
10325 3.9
10325 5.65
10325 2.56
10325 2.62
10325 2.8
10325 0.1
10325 1.51
10325 0.19
10326 1.09
10326 3.9
10326 5.65
10326 2.56
10326 2.62
10326 2.8
10326 0.1
10326 1.51
10326 0.19
10328 1.09
10328 3.9
10328 5.65
10328 2.56
10328 2.62
10328 2.8
10328 0.1
10328 1.51
10328 0.19
10329 1.09
10329 3.9
10329 5.65
10329 2.56
10329 2.62
10329 2.8
10329 0.1
10329 1.51
10329 0.19
10331 1.09
10331 3.9
10331 5.65
10331 2.56
10331 2.62
10331 2.8
10331 0.1
10331 1.51
10331 0.19
10332 1.09
10332 3.9
10332 5.65
10332 2.56
10332 2.62
10332 2.8
10332 0.1
10332 1.51
10332 0.19
10333 1.09
10333 3.9
10333 5.65
10333 2.56
10333 2.62
10333 2.8
10333 0.1
10333 1.51
10333 0.19
10334 1.09
10334 3.9
10334 5.65
10334 2.56
10334 2.62
10334 2.8
10334 0.1
10334 1.51
10334 0.19
10336 1.09
10336 3.9
10336 5.65
10336 2.56
10336 2.62
10336 2.8
10336 0.1
10336 1.51
10336 0.19
10338 1.09
10338 3.9
10338 5.65
10338 2.56
10338 2.62
10338 2.8
10338 0.1
10338 1.51
10338 0.19
10340 1.09
10340 3.9
10340 5.65
10340 2.56
10340 2.62
10340 2.8
10340 0.1
10340 1.51
10340 0.19
10405 1.09
10405 3.9
10405 5.65
10405 2.56
10405 2.62
10405 2.8
10405 0.1
10405 1.51
10405 0.19
10406 1.09
10406 3.9
10406 5.65
10406 2.56
10406 2.62
10406 2.8
10406 0.1
10406 1.51
10406 0.19
10412 1.09
10412 3.9
10412 5.65
10412 2.56
10412 2.62
10412 2.8
10412 0.1
10412 1.51
10412 0.19
10413 1.09
10413 3.9
10413 5.65
10413 2.56
10413 2.62
10413 2.8
10413 0.1
10413 1.51
10413 0.19
10415 1.09
10415 3.9
10415 5.65
10415 2.56
10415 2.62
10415 2.8
10415 0.1
10415 1.51
10415 0.19
10419 1.09
10419 3.9
10419 5.65
10419 2.56
10419 2.62
10419 2.8
10419 0.1
10419 1.51
10419 0.19
10420 1.09
10420 3.9
10420 5.65
10420 2.56
10420 2.62
10420 2.8
10420 0.1
10420 1.51
10420 0.19
10421 1.09
10421 3.9
10421 5.65
10421 2.56
10421 2.62
10421 2.8
10421 0.1
10421 1.51
10421 0.19
10422 1.09
10422 3.9
10422 5.65
10422 2.56
10422 2.62
10422 2.8
10422 0.1
10422 1.51
10422 0.19
10423 1.09
10423 3.9
10423 5.65
10423 2.56
10423 2.62
10423 2.8
10423 0.1
10423 1.51
10423 0.19
10424 1.09
10424 3.9
10424 5.65
10424 2.56
10424 2.62
10424 2.8
10424 0.1
10424 1.51
10424 0.19
10425 1.09
10425 3.9
10425 5.65
10425 2.56
10425 2.62
10425 2.8
10425 0.1
10425 1.51
10425 0.19
10427 1.09
10427 3.9
10427 5.65
10427 2.56
10427 2.62
10427 2.8
10427 0.1
10427 1.51
10427 0.19
10502 1.09
10502 3.9
10502 5.65
10502 2.56
10502 2.62
10502 2.8
10502 0.1
10502 1.51
10502 0.19
10511 1.09
10511 3.9
10511 5.65
10511 2.56
10511 2.62
10511 2.8
10511 0.1
10511 1.51
10511 0.19
10512 1.09
10512 3.9
10512 5.65
10512 2.56
10512 2.62
10512 2.8
10512 0.1
10512 1.51
10512 0.19
10515 1.09
10515 3.9
10515 5.65
10515 2.56
10515 2.62
10515 2.8
10515 0.1
10515 1.51
10515 0.19
10516 1.09
10516 3.9
10516 5.65
10516 2.56
10516 2.62
10516 2.8
10516 0.1
10516 1.51
10516 0.19
10517 1.09
10517 3.9
10517 5.65
10517 2.56
10517 2.62
10517 2.8
10517 0.1
10517 1.51
10517 0.19
10518 1.09
10518 3.9
10518 5.65
10518 2.56
10518 2.62
10518 2.8
10518 0.1
10518 1.51
10518 0.19
10519 1.09
10519 3.9
10519 5.65
10519 2.56
10519 2.62
10519 2.8
10519 0.1
10519 1.51
10519 0.19
10520 1.09
10520 3.9
10520 5.65
10520 2.56
10520 2.62
10520 2.8
10520 0.1
10520 1.51
10520 0.19
10521 1.09
10521 3.9
10521 5.65
10521 2.56
10521 2.62
10521 2.8
10521 0.1
10521 1.51
10521 0.19
10522 1.09
10522 3.9
10522 5.65
10522 2.56
10522 2.62
10522 2.8
10522 0.1
10522 1.51
10522 0.19
10523 1.09
10523 3.9
10523 5.65
10523 2.56
10523 2.62
10523 2.8
10523 0.1
10523 1.51
10523 0.19
10524 1.09
10524 3.9
10524 5.65
10524 2.56
10524 2.62
10524 2.8
10524 0.1
10524 1.51
10524 0.19
10599 1.09
10599 3.9
10599 5.65
10599 2.56
10599 2.62
10599 2.8
10599 0.1
10599 1.51
10599 0.19
10601 1.09
10601 3.9
10601 5.65
10601 2.56
10601 2.62
10601 2.8
10601 0.1
10601 1.51
10601 0.19
10603 1.09
10603 3.9
10603 5.65
10603 2.56
10603 2.62
10603 2.8
10603 0.1
10603 1.51
10603 0.19
10606 1.09
10606 3.9
10606 5.65
10606 2.56
10606 2.62
10606 2.8
10606 0.1
10606 1.51
10606 0.19
10608 1.09
10608 3.9
10608 5.65
10608 2.56
10608 2.62
10608 2.8
10608 0.1
10608 1.51
10608 0.19
10610 1.09
10610 3.9
10610 5.65
10610 2.56
10610 2.62
10610 2.8
10610 0.1
10610 1.51
10610 0.19
10613 1.09
10613 3.9
10613 5.65
10613 2.56
10613 2.62
10613 2.8
10613 0.1
10613 1.51
10613 0.19
10614 1.09
10614 3.9
10614 5.65
10614 2.56
10614 2.62
10614 2.8
10614 0.1
10614 1.51
10614 0.19
10616 1.09
10616 3.9
10616 5.65
10616 2.56
10616 2.62
10616 2.8
10616 0.1
10616 1.51
10616 0.19
10617 1.09
10617 3.9
10617 5.65
10617 2.56
10617 2.62
10617 2.8
10617 0.1
10617 1.51
10617 0.19
10619 1.09
10619 3.9
10619 5.65
10619 2.56
10619 2.62
10619 2.8
10619 0.1
10619 1.51
10619 0.19
10620 1.09
10620 3.9
10620 5.65
10620 2.56
10620 2.62
10620 2.8
10620 0.1
10620 1.51
10620 0.19
10621 1.09
10621 3.9
10621 5.65
10621 2.56
10621 2.62
10621 2.8
10621 0.1
10621 1.51
10621 0.19
10622 1.09
10622 3.9
10622 5.65
10622 2.56
10622 2.62
10622 2.8
10622 0.1
10622 1.51
10622 0.19
10623 1.09
10623 3.9
10623 5.65
10623 2.56
10623 2.62
10623 2.8
10623 0.1
10623 1.51
10623 0.19
10699 1.09
10699 3.9
10699 5.65
10699 2.56
10699 2.62
10699 2.8
10699 0.1
10699 1.51
10699 0.19
10700 1.09
10700 3.9
10700 5.65
10700 2.56
10700 2.62
10700 2.8
10700 0.1
10700 1.51
10700 0.19
10704 1.09
10704 3.9
10704 5.65
10704 2.56
10704 2.62
10704 2.8
10704 0.1
10704 1.51
10704 0.19
10705 1.09
10705 3.9
10705 5.65
10705 2.56
10705 2.62
10705 2.8
10705 0.1
10705 1.51
10705 0.19
10708 1.09
10708 3.9
10708 5.65
10708 2.56
10708 2.62
10708 2.8
10708 0.1
10708 1.51
10708 0.19
10710 1.09
10710 3.9
10710 5.65
10710 2.56
10710 2.62
10710 2.8
10710 0.1
10710 1.51
10710 0.19
10711 1.09
10711 3.9
10711 5.65
10711 2.56
10711 2.62
10711 2.8
10711 0.1
10711 1.51
10711 0.19
10712 1.09
10712 3.9
10712 5.65
10712 2.56
10712 2.62
10712 2.8
10712 0.1
10712 1.51
10712 0.19
10714 1.09
10714 3.9
10714 5.65
10714 2.56
10714 2.62
10714 2.8
10714 0.1
10714 1.51
10714 0.19
10716 1.09
10716 3.9
10716 5.65
10716 2.56
10716 2.62
10716 2.8
10716 0.1
10716 1.51
10716 0.19
10717 1.09
10717 3.9
10717 5.65
10717 2.56
10717 2.62
10717 2.8
10717 0.1
10717 1.51
10717 0.19
10718 1.09
10718 3.9
10718 5.65
10718 2.56
10718 2.62
10718 2.8
10718 0.1
10718 1.51
10718 0.19
10721 1.09
10721 3.9
10721 5.65
10721 2.56
10721 2.62
10721 2.8
10721 0.1
10721 1.51
10721 0.19
10803 1.09
10803 3.9
10803 5.65
10803 2.56
10803 2.62
10803 2.8
10803 0.1
10803 1.51
10803 0.19
10808 1.09
10808 3.9
10808 5.65
10808 2.56
10808 2.62
10808 2.8
10808 0.1
10808 1.51
10808 0.19
10811 1.09
10811 3.9
10811 5.65
10811 2.56
10811 2.62
10811 2.8
10811 0.1
10811 1.51
10811 0.19
10812 1.09
10812 3.9
10812 5.65
10812 2.56
10812 2.62
10812 2.8
10812 0.1
10812 1.51
10812 0.19
10813 1.09
10813 3.9
10813 5.65
10813 2.56
10813 2.62
10813 2.8
10813 0.1
10813 1.51
10813 0.19
10814 1.09
10814 3.9
10814 5.65
10814 2.56
10814 2.62
10814 2.8
10814 0.1
10814 1.51
10814 0.19
10815 1.09
10815 3.9
10815 5.65
10815 2.56
10815 2.62
10815 2.8
10815 0.1
10815 1.51
10815 0.19
10817 1.09
10817 3.9
10817 5.65
10817 2.56
10817 2.62
10817 2.8
10817 0.1
10817 1.51
10817 0.19
10818 1.09
10818 3.9
10818 5.65
10818 2.56
10818 2.62
10818 2.8
10818 0.1
10818 1.51
10818 0.19
10819 1.09
10819 3.9
10819 5.65
10819 2.56
10819 2.62
10819 2.8
10819 0.1
10819 1.51
10819 0.19
10820 1.09
10820 3.9
10820 5.65
10820 2.56
10820 2.62
10820 2.8
10820 0.1
10820 1.51
10820 0.19
10821 1.09
10821 3.9
10821 5.65
10821 2.56
10821 2.62
10821 2.8
10821 0.1
10821 1.51
10821 0.19
10823 1.09
10823 3.9
10823 5.65
10823 2.56
10823 2.62
10823 2.8
10823 0.1
10823 1.51
10823 0.19
10900 1.09
10900 3.9
10900 5.65
10900 2.56
10900 2.62
10900 2.8
10900 0.1
10900 1.51
10900 0.19
10902 1.09
10902 3.9
10902 5.65
10902 2.56
10902 2.62
10902 2.8
10902 0.1
10902 1.51
10902 0.19
10905 1.09
10905 3.9
10905 5.65
10905 2.56
10905 2.62
10905 2.8
10905 0.1
10905 1.51
10905 0.19
10906 1.09
10906 3.9
10906 5.65
10906 2.56
10906 2.62
10906 2.8
10906 0.1
10906 1.51
10906 0.19
10912 1.09
10912 3.9
10912 5.65
10912 2.56
10912 2.62
10912 2.8
10912 0.1
10912 1.51
10912 0.19
10914 1.09
10914 3.9
10914 5.65
10914 2.56
10914 2.62
10914 2.8
10914 0.1
10914 1.51
10914 0.19
10916 1.09
10916 3.9
10916 5.65
10916 2.56
10916 2.62
10916 2.8
10916 0.1
10916 1.51
10916 0.19
10917 1.09
10917 3.9
10917 5.65
10917 2.56
10917 2.62
10917 2.8
10917 0.1
10917 1.51
10917 0.19
10918 1.09
10918 3.9
10918 5.65
10918 2.56
10918 2.62
10918 2.8
10918 0.1
10918 1.51
10918 0.19
10919 1.09
10919 3.9
10919 5.65
10919 2.56
10919 2.62
10919 2.8
10919 0.1
10919 1.51
10919 0.19
10920 1.09
10920 3.9
10920 5.65
10920 2.56
10920 2.62
10920 2.8
10920 0.1
10920 1.51
10920 0.19
10921 1.09
10921 3.9
10921 5.65
10921 2.56
10921 2.62
10921 2.8
10921 0.1
10921 1.51
10921 0.19
10922 1.09
10922 3.9
10922 5.65
10922 2.56
10922 2.62
10922 2.8
10922 0.1
10922 1.51
10922 0.19
10923 1.09
10923 3.9
10923 5.65
10923 2.56
10923 2.62
10923 2.8
10923 0.1
10923 1.51
10923 0.19
10925 1.09
10925 3.9
10925 5.65
10925 2.56
10925 2.62
10925 2.8
10925 0.1
10925 1.51
10925 0.19
11010 1.09
11010 3.9
11010 5.65
11010 2.56
11010 2.62
11010 2.8
11010 0.1
11010 1.51
11010 0.19
11011 1.09
11011 3.9
11011 5.65
11011 2.56
11011 2.62
11011 2.8
11011 0.1
11011 1.51
11011 0.19
11020 1.09
11020 3.9
11020 5.65
11020 2.56
11020 2.62
11020 2.8
11020 0.1
11020 1.51
11020 0.19
11022 1.09
11022 3.9
11022 5.65
11022 2.56
11022 2.62
11022 2.8
11022 0.1
11022 1.51
11022 0.19
11023 1.09
11023 3.9
11023 5.65
11023 2.56
11023 2.62
11023 2.8
11023 0.1
11023 1.51
11023 0.19
11024 1.09
11024 3.9
11024 5.65
11024 2.56
11024 2.62
11024 2.8
11024 0.1
11024 1.51
11024 0.19
11025 1.09
11025 3.9
11025 5.65
11025 2.56
11025 2.62
11025 2.8
11025 0.1
11025 1.51
11025 0.19
11026 1.09
11026 3.9
11026 5.65
11026 2.56
11026 2.62
11026 2.8
11026 0.1
11026 1.51
11026 0.19
11027 1.09
11027 3.9
11027 5.65
11027 2.56
11027 2.62
11027 2.8
11027 0.1
11027 1.51
11027 0.19
11028 1.09
11028 3.9
11028 5.65
11028 2.56
11028 2.62
11028 2.8
11028 0.1
11028 1.51
11028 0.19
11029 1.09
11029 3.9
11029 5.65
11029 2.56
11029 2.62
11029 2.8
11029 0.1
11029 1.51
11029 0.19
11030 1.09
11030 3.9
11030 5.65
11030 2.56
11030 2.62
11030 2.8
11030 0.1
11030 1.51
11030 0.19
11031 1.09
11031 3.9
11031 5.65
11031 2.56
11031 2.62
11031 2.8
11031 0.1
11031 1.51
11031 0.19
11033 1.09
11033 3.9
11033 5.65
11033 2.56
11033 2.62
11033 2.8
11033 0.1
11033 1.51
11033 0.19
11119 1.09
11119 3.9
11119 5.65
11119 2.56
11119 2.62
11119 2.8
11119 0.1
11119 1.51
11119 0.19
11121 1.09
11121 3.9
11121 5.65
11121 2.56
11121 2.62
11121 2.8
11121 0.1
11121 1.51
11121 0.19
11124 1.09
11124 3.9
11124 5.65
11124 2.56
11124 2.62
11124 2.8
11124 0.1
11124 1.51
11124 0.19
11125 1.09
11125 3.9
11125 5.65
11125 2.56
11125 2.62
11125 2.8
11125 0.1
11125 1.51
11125 0.19
11127 1.09
11127 3.9
11127 5.65
11127 2.56
11127 2.62
11127 2.8
11127 0.1
11127 1.51
11127 0.19
11128 1.09
11128 3.9
11128 5.65
11128 2.56
11128 2.62
11128 2.8
11128 0.1
11128 1.51
11128 0.19
11129 1.09
11129 3.9
11129 5.65
11129 2.56
11129 2.62
11129 2.8
11129 0.1
11129 1.51
11129 0.19
11131 1.09
11131 3.9
11131 5.65
11131 2.56
11131 2.62
11131 2.8
11131 0.1
11131 1.51
11131 0.19
11132 1.09
11132 3.9
11132 5.65
11132 2.56
11132 2.62
11132 2.8
11132 0.1
11132 1.51
11132 0.19
11133 1.09
11133 3.9
11133 5.65
11133 2.56
11133 2.62
11133 2.8
11133 0.1
11133 1.51
11133 0.19
11134 1.09
11134 3.9
11134 5.65
11134 2.56
11134 2.62
11134 2.8
11134 0.1
11134 1.51
11134 0.19
11135 1.09
11135 3.9
11135 5.65
11135 2.56
11135 2.62
11135 2.8
11135 0.1
11135 1.51
11135 0.19
11136 1.09
11136 3.9
11136 5.65
11136 2.56
11136 2.62
11136 2.8
11136 0.1
11136 1.51
11136 0.19
11137 1.09
11137 3.9
11137 5.65
11137 2.56
11137 2.62
11137 2.8
11137 0.1
11137 1.51
11137 0.19
11138 1.09
11138 3.9
11138 5.65
11138 2.56
11138 2.62
11138 2.8
11138 0.1
11138 1.51
11138 0.19
11139 1.09
11139 3.9
11139 5.65
11139 2.56
11139 2.62
11139 2.8
11139 0.1
11139 1.51
11139 0.19
11140 1.09
11140 3.9
11140 5.65
11140 2.56
11140 2.62
11140 2.8
11140 0.1
11140 1.51
11140 0.19
11141 1.09
11141 3.9
11141 5.65
11141 2.56
11141 2.62
11141 2.8
11141 0.1
11141 1.51
11141 0.19
11142 1.09
11142 3.9
11142 5.65
11142 2.56
11142 2.62
11142 2.8
11142 0.1
11142 1.51
11142 0.19
11144 1.09
11144 3.9
11144 5.65
11144 2.56
11144 2.62
11144 2.8
11144 0.1
11144 1.51
11144 0.19
11239 1.09
11239 3.9
11239 5.65
11239 2.56
11239 2.62
11239 2.8
11239 0.1
11239 1.51
11239 0.19
11241 1.09
11241 3.9
11241 5.65
11241 2.56
11241 2.62
11241 2.8
11241 0.1
11241 1.51
11241 0.19
11242 1.09
11242 3.9
11242 5.65
11242 2.56
11242 2.62
11242 2.8
11242 0.1
11242 1.51
11242 0.19
11244 1.09
11244 3.9
11244 5.65
11244 2.56
11244 2.62
11244 2.8
11244 0.1
11244 1.51
11244 0.19
11247 1.09
11247 3.9
11247 5.65
11247 2.56
11247 2.62
11247 2.8
11247 0.1
11247 1.51
11247 0.19
11248 1.09
11248 3.9
11248 5.65
11248 2.56
11248 2.62
11248 2.8
11248 0.1
11248 1.51
11248 0.19
11251 1.09
11251 3.9
11251 5.65
11251 2.56
11251 2.62
11251 2.8
11251 0.1
11251 1.51
11251 0.19
11253 1.09
11253 3.9
11253 5.65
11253 2.56
11253 2.62
11253 2.8
11253 0.1
11253 1.51
11253 0.19
11254 1.09
11254 3.9
11254 5.65
11254 2.56
11254 2.62
11254 2.8
11254 0.1
11254 1.51
11254 0.19
11255 1.09
11255 3.9
11255 5.65
11255 2.56
11255 2.62
11255 2.8
11255 0.1
11255 1.51
11255 0.19
11256 1.09
11256 3.9
11256 5.65
11256 2.56
11256 2.62
11256 2.8
11256 0.1
11256 1.51
11256 0.19
11257 1.09
11257 3.9
11257 5.65
11257 2.56
11257 2.62
11257 2.8
11257 0.1
11257 1.51
11257 0.19
11258 1.09
11258 3.9
11258 5.65
11258 2.56
11258 2.62
11258 2.8
11258 0.1
11258 1.51
11258 0.19
11259 1.09
11259 3.9
11259 5.65
11259 2.56
11259 2.62
11259 2.8
11259 0.1
11259 1.51
11259 0.19
11260 1.09
11260 3.9
11260 5.65
11260 2.56
11260 2.62
11260 2.8
11260 0.1
11260 1.51
11260 0.19
11261 1.09
11261 3.9
11261 5.65
11261 2.56
11261 2.62
11261 2.8
11261 0.1
11261 1.51
11261 0.19
11262 1.09
11262 3.9
11262 5.65
11262 2.56
11262 2.62
11262 2.8
11262 0.1
11262 1.51
11262 0.19
11263 1.09
11263 3.9
11263 5.65
11263 2.56
11263 2.62
11263 2.8
11263 0.1
11263 1.51
11263 0.19
11264 1.09
11264 3.9
11264 5.65
11264 2.56
11264 2.62
11264 2.8
11264 0.1
11264 1.51
11264 0.19
11364 1.09
11364 3.9
11364 5.65
11364 2.56
11364 2.62
11364 2.8
11364 0.1
11364 1.51
11364 0.19
11365 1.09
11365 3.9
11365 5.65
11365 2.56
11365 2.62
11365 2.8
11365 0.1
11365 1.51
11365 0.19
11399 1.09
11399 3.9
11399 5.65
11399 2.56
11399 2.62
11399 2.8
11399 0.1
11399 1.51
11399 0.19
11400 1.09
11400 3.9
11400 5.65
11400 2.56
11400 2.62
11400 2.8
11400 0.1
11400 1.51
11400 0.19
11397 1.09
11397 3.9
11397 5.65
11397 2.56
11397 2.62
11397 2.8
11397 0.1
11397 1.51
11397 0.19
11398 1.09
11398 3.9
11398 5.65
11398 2.56
11398 2.62
11398 2.8
11398 0.1
11398 1.51
11398 0.19
11369 1.09
11369 3.9
11369 5.65
11369 2.56
11369 2.62
11369 2.8
11369 0.1
11369 1.51
11369 0.19
11371 1.09
11371 3.9
11371 5.65
11371 2.56
11371 2.62
11371 2.8
11371 0.1
11371 1.51
11371 0.19
11394 1.09
11394 3.9
11394 5.65
11394 2.56
11394 2.62
11394 2.8
11394 0.1
11394 1.51
11394 0.19
11395 1.09
11395 3.9
11395 5.65
11395 2.56
11395 2.62
11395 2.8
11395 0.1
11395 1.51
11395 0.19
11396 1.09
11396 3.9
11396 5.65
11396 2.56
11396 2.62
11396 2.8
11396 0.1
11396 1.51
11396 0.19
11393 1.09
11393 3.9
11393 5.65
11393 2.56
11393 2.62
11393 2.8
11393 0.1
11393 1.51
11393 0.19
11375 1.09
11375 3.9
11375 5.65
11375 2.56
11375 2.62
11375 2.8
11375 0.1
11375 1.51
11375 0.19
11376 1.09
11376 3.9
11376 5.65
11376 2.56
11376 2.62
11376 2.8
11376 0.1
11376 1.51
11376 0.19
11377 1.09
11377 3.9
11377 5.65
11377 2.56
11377 2.62
11377 2.8
11377 0.1
11377 1.51
11377 0.19
11378 1.09
11378 3.9
11378 5.65
11378 2.56
11378 2.62
11378 2.8
11378 0.1
11378 1.51
11378 0.19
11379 1.09
11379 3.9
11379 5.65
11379 2.56
11379 2.62
11379 2.8
11379 0.1
11379 1.51
11379 0.19
11380 1.09
11380 3.9
11380 5.65
11380 2.56
11380 2.62
11380 2.8
11380 0.1
11380 1.51
11380 0.19
11381 1.09
11381 3.9
11381 5.65
11381 2.56
11381 2.62
11381 2.8
11381 0.1
11381 1.51
11381 0.19
11382 1.09
11382 3.9
11382 5.65
11382 2.56
11382 2.62
11382 2.8
11382 0.1
11382 1.51
11382 0.19
11383 1.09
11383 3.9
11383 5.65
11383 2.56
11383 2.62
11383 2.8
11383 0.1
11383 1.51
11383 0.19
11384 1.09
11384 3.9
11384 5.65
11384 2.56
11384 2.62
11384 2.8
11384 0.1
11384 1.51
11384 0.19
11385 1.09
11385 3.9
11385 5.65
11385 2.56
11385 2.62
11385 2.8
11385 0.1
11385 1.51
11385 0.19
11488 1.09
11488 3.9
11488 5.65
11488 2.56
11488 2.62
11488 2.8
11488 0.1
11488 1.51
11488 0.19
11490 1.09
11490 3.9
11490 5.65
11490 2.56
11490 2.62
11490 2.8
11490 0.1
11490 1.51
11490 0.19
11491 1.09
11491 3.9
11491 5.65
11491 2.56
11491 2.62
11491 2.8
11491 0.1
11491 1.51
11491 0.19
11492 1.09
11492 3.9
11492 5.65
11492 2.56
11492 2.62
11492 2.8
11492 0.1
11492 1.51
11492 0.19
11493 1.09
11493 3.9
11493 5.65
11493 2.56
11493 2.62
11493 2.8
11493 0.1
11493 1.51
11493 0.19
11530 1.09
11530 3.9
11530 5.65
11530 2.56
11530 2.62
11530 2.8
11530 0.1
11530 1.51
11530 0.19
11531 1.09
11531 3.9
11531 5.65
11531 2.56
11531 2.62
11531 2.8
11531 0.1
11531 1.51
11531 0.19
11528 1.09
11528 3.9
11528 5.65
11528 2.56
11528 2.62
11528 2.8
11528 0.1
11528 1.51
11528 0.19
11529 1.09
11529 3.9
11529 5.65
11529 2.56
11529 2.62
11529 2.8
11529 0.1
11529 1.51
11529 0.19
11497 1.09
11497 3.9
11497 5.65
11497 2.56
11497 2.62
11497 2.8
11497 0.1
11497 1.51
11497 0.19
11527 1.09
11527 3.9
11527 5.65
11527 2.56
11527 2.62
11527 2.8
11527 0.1
11527 1.51
11527 0.19
11499 1.09
11499 3.9
11499 5.65
11499 2.56
11499 2.62
11499 2.8
11499 0.1
11499 1.51
11499 0.19
11524 1.09
11524 3.9
11524 5.65
11524 2.56
11524 2.62
11524 2.8
11524 0.1
11524 1.51
11524 0.19
11502 1.09
11502 3.9
11502 5.65
11502 2.56
11502 2.62
11502 2.8
11502 0.1
11502 1.51
11502 0.19
11503 1.09
11503 3.9
11503 5.65
11503 2.56
11503 2.62
11503 2.8
11503 0.1
11503 1.51
11503 0.19
11504 1.09
11504 3.9
11504 5.65
11504 2.56
11504 2.62
11504 2.8
11504 0.1
11504 1.51
11504 0.19
11505 1.09
11505 3.9
11505 5.65
11505 2.56
11505 2.62
11505 2.8
11505 0.1
11505 1.51
11505 0.19
11506 1.09
11506 3.9
11506 5.65
11506 2.56
11506 2.62
11506 2.8
11506 0.1
11506 1.51
11506 0.19
11507 1.09
11507 3.9
11507 5.65
11507 2.56
11507 2.62
11507 2.8
11507 0.1
11507 1.51
11507 0.19
11508 1.09
11508 3.9
11508 5.65
11508 2.56
11508 2.62
11508 2.8
11508 0.1
11508 1.51
11508 0.19
11509 1.09
11509 3.9
11509 5.65
11509 2.56
11509 2.62
11509 2.8
11509 0.1
11509 1.51
11509 0.19
11510 1.09
11510 3.9
11510 5.65
11510 2.56
11510 2.62
11510 2.8
11510 0.1
11510 1.51
11510 0.19
11511 1.09
11511 3.9
11511 5.65
11511 2.56
11511 2.62
11511 2.8
11511 0.1
11511 1.51
11511 0.19
11512 1.09
11512 3.9
11512 5.65
11512 2.56
11512 2.62
11512 2.8
11512 0.1
11512 1.51
11512 0.19
11613 1.09
11613 3.9
11613 5.65
11613 2.56
11613 2.62
11613 2.8
11613 0.1
11613 1.51
11613 0.19
11617 1.09
11617 3.9
11617 5.65
11617 2.56
11617 2.62
11617 2.8
11617 0.1
11617 1.51
11617 0.19
11618 1.09
11618 3.9
11618 5.65
11618 2.56
11618 2.62
11618 2.8
11618 0.1
11618 1.51
11618 0.19
11659 1.09
11659 3.9
11659 5.65
11659 2.56
11659 2.62
11659 2.8
11659 0.1
11659 1.51
11659 0.19
11660 1.09
11660 3.9
11660 5.65
11660 2.56
11660 2.62
11660 2.8
11660 0.1
11660 1.51
11660 0.19
11620 1.09
11620 3.9
11620 5.65
11620 2.56
11620 2.62
11620 2.8
11620 0.1
11620 1.51
11620 0.19
11657 1.09
11657 3.9
11657 5.65
11657 2.56
11657 2.62
11657 2.8
11657 0.1
11657 1.51
11657 0.19
11658 1.09
11658 3.9
11658 5.65
11658 2.56
11658 2.62
11658 2.8
11658 0.1
11658 1.51
11658 0.19
11655 1.09
11655 3.9
11655 5.65
11655 2.56
11655 2.62
11655 2.8
11655 0.1
11655 1.51
11655 0.19
11656 1.09
11656 3.9
11656 5.65
11656 2.56
11656 2.62
11656 2.8
11656 0.1
11656 1.51
11656 0.19
11625 1.09
11625 3.9
11625 5.65
11625 2.56
11625 2.62
11625 2.8
11625 0.1
11625 1.51
11625 0.19
11652 1.09
11652 3.9
11652 5.65
11652 2.56
11652 2.62
11652 2.8
11652 0.1
11652 1.51
11652 0.19
11653 1.09
11653 3.9
11653 5.65
11653 2.56
11653 2.62
11653 2.8
11653 0.1
11653 1.51
11653 0.19
11629 1.09
11629 3.9
11629 5.65
11629 2.56
11629 2.62
11629 2.8
11629 0.1
11629 1.51
11629 0.19
11630 1.09
11630 3.9
11630 5.65
11630 2.56
11630 2.62
11630 2.8
11630 0.1
11630 1.51
11630 0.19
11650 1.09
11650 3.9
11650 5.65
11650 2.56
11650 2.62
11650 2.8
11650 0.1
11650 1.51
11650 0.19
11631 1.09
11631 3.9
11631 5.65
11631 2.56
11631 2.62
11631 2.8
11631 0.1
11631 1.51
11631 0.19
11632 1.09
11632 3.9
11632 5.65
11632 2.56
11632 2.62
11632 2.8
11632 0.1
11632 1.51
11632 0.19
11633 1.09
11633 3.9
11633 5.65
11633 2.56
11633 2.62
11633 2.8
11633 0.1
11633 1.51
11633 0.19
11634 1.09
11634 3.9
11634 5.65
11634 2.56
11634 2.62
11634 2.8
11634 0.1
11634 1.51
11634 0.19
11635 1.09
11635 3.9
11635 5.65
11635 2.56
11635 2.62
11635 2.8
11635 0.1
11635 1.51
11635 0.19
11636 1.09
11636 3.9
11636 5.65
11636 2.56
11636 2.62
11636 2.8
11636 0.1
11636 1.51
11636 0.19
11637 1.09
11637 3.9
11637 5.65
11637 2.56
11637 2.62
11637 2.8
11637 0.1
11637 1.51
11637 0.19
11639 1.09
11639 3.9
11639 5.65
11639 2.56
11639 2.62
11639 2.8
11639 0.1
11639 1.51
11639 0.19
11640 1.09
11640 3.9
11640 5.65
11640 2.56
11640 2.62
11640 2.8
11640 0.1
11640 1.51
11640 0.19
11747 1.09
11747 3.9
11747 5.65
11747 2.56
11747 2.62
11747 2.8
11747 0.1
11747 1.51
11747 0.19
11791 1.09
11791 3.9
11791 5.65
11791 2.56
11791 2.62
11791 2.8
11791 0.1
11791 1.51
11791 0.19
11789 1.09
11789 3.9
11789 5.65
11789 2.56
11789 2.62
11789 2.8
11789 0.1
11789 1.51
11789 0.19
11790 1.09
11790 3.9
11790 5.65
11790 2.56
11790 2.62
11790 2.8
11790 0.1
11790 1.51
11790 0.19
11787 1.09
11787 3.9
11787 5.65
11787 2.56
11787 2.62
11787 2.8
11787 0.1
11787 1.51
11787 0.19
11788 1.09
11788 3.9
11788 5.65
11788 2.56
11788 2.62
11788 2.8
11788 0.1
11788 1.51
11788 0.19
11752 1.09
11752 3.9
11752 5.65
11752 2.56
11752 2.62
11752 2.8
11752 0.1
11752 1.51
11752 0.19
11753 1.09
11753 3.9
11753 5.65
11753 2.56
11753 2.62
11753 2.8
11753 0.1
11753 1.51
11753 0.19
11785 1.09
11785 3.9
11785 5.65
11785 2.56
11785 2.62
11785 2.8
11785 0.1
11785 1.51
11785 0.19
11786 1.09
11786 3.9
11786 5.65
11786 2.56
11786 2.62
11786 2.8
11786 0.1
11786 1.51
11786 0.19
11754 1.09
11754 3.9
11754 5.65
11754 2.56
11754 2.62
11754 2.8
11754 0.1
11754 1.51
11754 0.19
11755 1.09
11755 3.9
11755 5.65
11755 2.56
11755 2.62
11755 2.8
11755 0.1
11755 1.51
11755 0.19
11756 1.09
11756 3.9
11756 5.65
11756 2.56
11756 2.62
11756 2.8
11756 0.1
11756 1.51
11756 0.19
11782 1.09
11782 3.9
11782 5.65
11782 2.56
11782 2.62
11782 2.8
11782 0.1
11782 1.51
11782 0.19
11783 1.09
11783 3.9
11783 5.65
11783 2.56
11783 2.62
11783 2.8
11783 0.1
11783 1.51
11783 0.19
11784 1.09
11784 3.9
11784 5.65
11784 2.56
11784 2.62
11784 2.8
11784 0.1
11784 1.51
11784 0.19
11757 1.09
11757 3.9
11757 5.65
11757 2.56
11757 2.62
11757 2.8
11757 0.1
11757 1.51
11757 0.19
11759 1.09
11759 3.9
11759 5.65
11759 2.56
11759 2.62
11759 2.8
11759 0.1
11759 1.51
11759 0.19
11760 1.09
11760 3.9
11760 5.65
11760 2.56
11760 2.62
11760 2.8
11760 0.1
11760 1.51
11760 0.19
11779 1.09
11779 3.9
11779 5.65
11779 2.56
11779 2.62
11779 2.8
11779 0.1
11779 1.51
11779 0.19
11780 1.09
11780 3.9
11780 5.65
11780 2.56
11780 2.62
11780 2.8
11780 0.1
11780 1.51
11780 0.19
11781 1.09
11781 3.9
11781 5.65
11781 2.56
11781 2.62
11781 2.8
11781 0.1
11781 1.51
11781 0.19
11761 1.09
11761 3.9
11761 5.65
11761 2.56
11761 2.62
11761 2.8
11761 0.1
11761 1.51
11761 0.19
11762 1.09
11762 3.9
11762 5.65
11762 2.56
11762 2.62
11762 2.8
11762 0.1
11762 1.51
11762 0.19
11763 1.09
11763 3.9
11763 5.65
11763 2.56
11763 2.62
11763 2.8
11763 0.1
11763 1.51
11763 0.19
11764 1.09
11764 3.9
11764 5.65
11764 2.56
11764 2.62
11764 2.8
11764 0.1
11764 1.51
11764 0.19
11765 1.09
11765 3.9
11765 5.65
11765 2.56
11765 2.62
11765 2.8
11765 0.1
11765 1.51
11765 0.19
11767 1.09
11767 3.9
11767 5.65
11767 2.56
11767 2.62
11767 2.8
11767 0.1
11767 1.51
11767 0.19
11769 1.09
11769 3.9
11769 5.65
11769 2.56
11769 2.62
11769 2.8
11769 0.1
11769 1.51
11769 0.19
11877 1.09
11877 3.9
11877 5.65
11877 2.56
11877 2.62
11877 2.8
11877 0.1
11877 1.51
11877 0.19
11878 1.09
11878 3.9
11878 5.65
11878 2.56
11878 2.62
11878 2.8
11878 0.1
11878 1.51
11878 0.19
11921 1.09
11921 3.9
11921 5.65
11921 2.56
11921 2.62
11921 2.8
11921 0.1
11921 1.51
11921 0.19
11919 1.09
11919 3.9
11919 5.65
11919 2.56
11919 2.62
11919 2.8
11919 0.1
11919 1.51
11919 0.19
11920 1.09
11920 3.9
11920 5.65
11920 2.56
11920 2.62
11920 2.8
11920 0.1
11920 1.51
11920 0.19
11917 1.09
11917 3.9
11917 5.65
11917 2.56
11917 2.62
11917 2.8
11917 0.1
11917 1.51
11917 0.19
11918 1.09
11918 3.9
11918 5.65
11918 2.56
11918 2.62
11918 2.8
11918 0.1
11918 1.51
11918 0.19
11884 1.09
11884 3.9
11884 5.65
11884 2.56
11884 2.62
11884 2.8
11884 0.1
11884 1.51
11884 0.19
11915 1.09
11915 3.9
11915 5.65
11915 2.56
11915 2.62
11915 2.8
11915 0.1
11915 1.51
11915 0.19
11916 1.09
11916 3.9
11916 5.65
11916 2.56
11916 2.62
11916 2.8
11916 0.1
11916 1.51
11916 0.19
11885 1.09
11885 3.9
11885 5.65
11885 2.56
11885 2.62
11885 2.8
11885 0.1
11885 1.51
11885 0.19
11886 1.09
11886 3.9
11886 5.65
11886 2.56
11886 2.62
11886 2.8
11886 0.1
11886 1.51
11886 0.19
11887 1.09
11887 3.9
11887 5.65
11887 2.56
11887 2.62
11887 2.8
11887 0.1
11887 1.51
11887 0.19
11911 1.09
11911 3.9
11911 5.65
11911 2.56
11911 2.62
11911 2.8
11911 0.1
11911 1.51
11911 0.19
11912 1.09
11912 3.9
11912 5.65
11912 2.56
11912 2.62
11912 2.8
11912 0.1
11912 1.51
11912 0.19
11913 1.09
11913 3.9
11913 5.65
11913 2.56
11913 2.62
11913 2.8
11913 0.1
11913 1.51
11913 0.19
11914 1.09
11914 3.9
11914 5.65
11914 2.56
11914 2.62
11914 2.8
11914 0.1
11914 1.51
11914 0.19
11889 1.09
11889 3.9
11889 5.65
11889 2.56
11889 2.62
11889 2.8
11889 0.1
11889 1.51
11889 0.19
11890 1.09
11890 3.9
11890 5.65
11890 2.56
11890 2.62
11890 2.8
11890 0.1
11890 1.51
11890 0.19
11891 1.09
11891 3.9
11891 5.65
11891 2.56
11891 2.62
11891 2.8
11891 0.1
11891 1.51
11891 0.19
11892 1.09
11892 3.9
11892 5.65
11892 2.56
11892 2.62
11892 2.8
11892 0.1
11892 1.51
11892 0.19
11908 1.09
11908 3.9
11908 5.65
11908 2.56
11908 2.62
11908 2.8
11908 0.1
11908 1.51
11908 0.19
11909 1.09
11909 3.9
11909 5.65
11909 2.56
11909 2.62
11909 2.8
11909 0.1
11909 1.51
11909 0.19
11910 1.09
11910 3.9
11910 5.65
11910 2.56
11910 2.62
11910 2.8
11910 0.1
11910 1.51
11910 0.19
11893 1.09
11893 3.9
11893 5.65
11893 2.56
11893 2.62
11893 2.8
11893 0.1
11893 1.51
11893 0.19
11894 1.09
11894 3.9
11894 5.65
11894 2.56
11894 2.62
11894 2.8
11894 0.1
11894 1.51
11894 0.19
11895 1.09
11895 3.9
11895 5.65
11895 2.56
11895 2.62
11895 2.8
11895 0.1
11895 1.51
11895 0.19
11896 1.09
11896 3.9
11896 5.65
11896 2.56
11896 2.62
11896 2.8
11896 0.1
11896 1.51
11896 0.19
11897 1.09
11897 3.9
11897 5.65
11897 2.56
11897 2.62
11897 2.8
11897 0.1
11897 1.51
11897 0.19
11898 1.09
11898 3.9
11898 5.65
11898 2.56
11898 2.62
11898 2.8
11898 0.1
11898 1.51
11898 0.19
11899 1.09
11899 3.9
11899 5.65
11899 2.56
11899 2.62
11899 2.8
11899 0.1
11899 1.51
11899 0.19
11900 1.09
11900 3.9
11900 5.65
11900 2.56
11900 2.62
11900 2.8
11900 0.1
11900 1.51
11900 0.19
11996 1.09
11996 3.9
11996 5.65
11996 2.56
11996 2.62
11996 2.8
11996 0.1
11996 1.51
11996 0.19
11999 1.09
11999 3.9
11999 5.65
11999 2.56
11999 2.62
11999 2.8
11999 0.1
11999 1.51
11999 0.19
12001 1.09
12001 3.9
12001 5.65
12001 2.56
12001 2.62
12001 2.8
12001 0.1
12001 1.51
12001 0.19
12002 1.09
12002 3.9
12002 5.65
12002 2.56
12002 2.62
12002 2.8
12002 0.1
12002 1.51
12002 0.19
12003 1.09
12003 3.9
12003 5.65
12003 2.56
12003 2.62
12003 2.8
12003 0.1
12003 1.51
12003 0.19
12045 1.09
12045 3.9
12045 5.65
12045 2.56
12045 2.62
12045 2.8
12045 0.1
12045 1.51
12045 0.19
12044 1.09
12044 3.9
12044 5.65
12044 2.56
12044 2.62
12044 2.8
12044 0.1
12044 1.51
12044 0.19
12006 1.09
12006 3.9
12006 5.65
12006 2.56
12006 2.62
12006 2.8
12006 0.1
12006 1.51
12006 0.19
12007 1.09
12007 3.9
12007 5.65
12007 2.56
12007 2.62
12007 2.8
12007 0.1
12007 1.51
12007 0.19
12041 1.09
12041 3.9
12041 5.65
12041 2.56
12041 2.62
12041 2.8
12041 0.1
12041 1.51
12041 0.19
12042 1.09
12042 3.9
12042 5.65
12042 2.56
12042 2.62
12042 2.8
12042 0.1
12042 1.51
12042 0.19
12009 1.09
12009 3.9
12009 5.65
12009 2.56
12009 2.62
12009 2.8
12009 0.1
12009 1.51
12009 0.19
12010 1.09
12010 3.9
12010 5.65
12010 2.56
12010 2.62
12010 2.8
12010 0.1
12010 1.51
12010 0.19
12038 1.09
12038 3.9
12038 5.65
12038 2.56
12038 2.62
12038 2.8
12038 0.1
12038 1.51
12038 0.19
12039 1.09
12039 3.9
12039 5.65
12039 2.56
12039 2.62
12039 2.8
12039 0.1
12039 1.51
12039 0.19
12012 1.09
12012 3.9
12012 5.65
12012 2.56
12012 2.62
12012 2.8
12012 0.1
12012 1.51
12012 0.19
12013 1.09
12013 3.9
12013 5.65
12013 2.56
12013 2.62
12013 2.8
12013 0.1
12013 1.51
12013 0.19
12035 1.09
12035 3.9
12035 5.65
12035 2.56
12035 2.62
12035 2.8
12035 0.1
12035 1.51
12035 0.19
12036 1.09
12036 3.9
12036 5.65
12036 2.56
12036 2.62
12036 2.8
12036 0.1
12036 1.51
12036 0.19
12037 1.09
12037 3.9
12037 5.65
12037 2.56
12037 2.62
12037 2.8
12037 0.1
12037 1.51
12037 0.19
12014 1.09
12014 3.9
12014 5.65
12014 2.56
12014 2.62
12014 2.8
12014 0.1
12014 1.51
12014 0.19
12015 1.09
12015 3.9
12015 5.65
12015 2.56
12015 2.62
12015 2.8
12015 0.1
12015 1.51
12015 0.19
12016 1.09
12016 3.9
12016 5.65
12016 2.56
12016 2.62
12016 2.8
12016 0.1
12016 1.51
12016 0.19
12017 1.09
12017 3.9
12017 5.65
12017 2.56
12017 2.62
12017 2.8
12017 0.1
12017 1.51
12017 0.19
12018 1.09
12018 3.9
12018 5.65
12018 2.56
12018 2.62
12018 2.8
12018 0.1
12018 1.51
12018 0.19
12033 1.09
12033 3.9
12033 5.65
12033 2.56
12033 2.62
12033 2.8
12033 0.1
12033 1.51
12033 0.19
12034 1.09
12034 3.9
12034 5.65
12034 2.56
12034 2.62
12034 2.8
12034 0.1
12034 1.51
12034 0.19
12020 1.09
12020 3.9
12020 5.65
12020 2.56
12020 2.62
12020 2.8
12020 0.1
12020 1.51
12020 0.19
12021 1.09
12021 3.9
12021 5.65
12021 2.56
12021 2.62
12021 2.8
12021 0.1
12021 1.51
12021 0.19
12023 1.09
12023 3.9
12023 5.65
12023 2.56
12023 2.62
12023 2.8
12023 0.1
12023 1.51
12023 0.19
12024 1.09
12024 3.9
12024 5.65
12024 2.56
12024 2.62
12024 2.8
12024 0.1
12024 1.51
12024 0.19
12025 1.09
12025 3.9
12025 5.65
12025 2.56
12025 2.62
12025 2.8
12025 0.1
12025 1.51
12025 0.19
12026 1.09
12026 3.9
12026 5.65
12026 2.56
12026 2.62
12026 2.8
12026 0.1
12026 1.51
12026 0.19
12027 1.09
12027 3.9
12027 5.65
12027 2.56
12027 2.62
12027 2.8
12027 0.1
12027 1.51
12027 0.19
12029 1.09
12029 3.9
12029 5.65
12029 2.56
12029 2.62
12029 2.8
12029 0.1
12029 1.51
12029 0.19
12122 1.09
12122 3.9
12122 5.65
12122 2.56
12122 2.62
12122 2.8
12122 0.1
12122 1.51
12122 0.19
12123 1.09
12123 3.9
12123 5.65
12123 2.56
12123 2.62
12123 2.8
12123 0.1
12123 1.51
12123 0.19
12167 1.09
12167 3.9
12167 5.65
12167 2.56
12167 2.62
12167 2.8
12167 0.1
12167 1.51
12167 0.19
12168 1.09
12168 3.9
12168 5.65
12168 2.56
12168 2.62
12168 2.8
12168 0.1
12168 1.51
12168 0.19
12126 1.09
12126 3.9
12126 5.65
12126 2.56
12126 2.62
12126 2.8
12126 0.1
12126 1.51
12126 0.19
12165 1.09
12165 3.9
12165 5.65
12165 2.56
12165 2.62
12165 2.8
12165 0.1
12165 1.51
12165 0.19
12166 1.09
12166 3.9
12166 5.65
12166 2.56
12166 2.62
12166 2.8
12166 0.1
12166 1.51
12166 0.19
12128 1.09
12128 3.9
12128 5.65
12128 2.56
12128 2.62
12128 2.8
12128 0.1
12128 1.51
12128 0.19
12131 1.09
12131 3.9
12131 5.65
12131 2.56
12131 2.62
12131 2.8
12131 0.1
12131 1.51
12131 0.19
12132 1.09
12132 3.9
12132 5.65
12132 2.56
12132 2.62
12132 2.8
12132 0.1
12132 1.51
12132 0.19
12133 1.09
12133 3.9
12133 5.65
12133 2.56
12133 2.62
12133 2.8
12133 0.1
12133 1.51
12133 0.19
12161 1.09
12161 3.9
12161 5.65
12161 2.56
12161 2.62
12161 2.8
12161 0.1
12161 1.51
12161 0.19
12162 1.09
12162 3.9
12162 5.65
12162 2.56
12162 2.62
12162 2.8
12162 0.1
12162 1.51
12162 0.19
12134 1.09
12134 3.9
12134 5.65
12134 2.56
12134 2.62
12134 2.8
12134 0.1
12134 1.51
12134 0.19
12152 1.09
12152 3.9
12152 5.65
12152 2.56
12152 2.62
12152 2.8
12152 0.1
12152 1.51
12152 0.19
12153 1.09
12153 3.9
12153 5.65
12153 2.56
12153 2.62
12153 2.8
12153 0.1
12153 1.51
12153 0.19
12154 1.09
12154 3.9
12154 5.65
12154 2.56
12154 2.62
12154 2.8
12154 0.1
12154 1.51
12154 0.19
12155 1.09
12155 3.9
12155 5.65
12155 2.56
12155 2.62
12155 2.8
12155 0.1
12155 1.51
12155 0.19
12156 1.09
12156 3.9
12156 5.65
12156 2.56
12156 2.62
12156 2.8
12156 0.1
12156 1.51
12156 0.19
12147 1.09
12147 3.9
12147 5.65
12147 2.56
12147 2.62
12147 2.8
12147 0.1
12147 1.51
12147 0.19
12148 1.09
12148 3.9
12148 5.65
12148 2.56
12148 2.62
12148 2.8
12148 0.1
12148 1.51
12148 0.19
12149 1.09
12149 3.9
12149 5.65
12149 2.56
12149 2.62
12149 2.8
12149 0.1
12149 1.51
12149 0.19
12150 1.09
12150 3.9
12150 5.65
12150 2.56
12150 2.62
12150 2.8
12150 0.1
12150 1.51
12150 0.19
12245 1.09
12245 3.9
12245 5.65
12245 2.56
12245 2.62
12245 2.8
12245 0.1
12245 1.51
12245 0.19
12248 1.09
12248 3.9
12248 5.65
12248 2.56
12248 2.62
12248 2.8
12248 0.1
12248 1.51
12248 0.19
12249 1.09
12249 3.9
12249 5.65
12249 2.56
12249 2.62
12249 2.8
12249 0.1
12249 1.51
12249 0.19
12250 1.09
12250 3.9
12250 5.65
12250 2.56
12250 2.62
12250 2.8
12250 0.1
12250 1.51
12250 0.19
12291 1.09
12291 3.9
12291 5.65
12291 2.56
12291 2.62
12291 2.8
12291 0.1
12291 1.51
12291 0.19
12292 1.09
12292 3.9
12292 5.65
12292 2.56
12292 2.62
12292 2.8
12292 0.1
12292 1.51
12292 0.19
12251 1.09
12251 3.9
12251 5.65
12251 2.56
12251 2.62
12251 2.8
12251 0.1
12251 1.51
12251 0.19
12289 1.09
12289 3.9
12289 5.65
12289 2.56
12289 2.62
12289 2.8
12289 0.1
12289 1.51
12289 0.19
12290 1.09
12290 3.9
12290 5.65
12290 2.56
12290 2.62
12290 2.8
12290 0.1
12290 1.51
12290 0.19
12254 1.09
12254 3.9
12254 5.65
12254 2.56
12254 2.62
12254 2.8
12254 0.1
12254 1.51
12254 0.19
12287 1.09
12287 3.9
12287 5.65
12287 2.56
12287 2.62
12287 2.8
12287 0.1
12287 1.51
12287 0.19
12288 1.09
12288 3.9
12288 5.65
12288 2.56
12288 2.62
12288 2.8
12288 0.1
12288 1.51
12288 0.19
12256 1.09
12256 3.9
12256 5.65
12256 2.56
12256 2.62
12256 2.8
12256 0.1
12256 1.51
12256 0.19
12257 1.09
12257 3.9
12257 5.65
12257 2.56
12257 2.62
12257 2.8
12257 0.1
12257 1.51
12257 0.19
12258 1.09
12258 3.9
12258 5.65
12258 2.56
12258 2.62
12258 2.8
12258 0.1
12258 1.51
12258 0.19
12280 1.09
12280 3.9
12280 5.65
12280 2.56
12280 2.62
12280 2.8
12280 0.1
12280 1.51
12280 0.19
12275 1.09
12275 3.9
12275 5.65
12275 2.56
12275 2.62
12275 2.8
12275 0.1
12275 1.51
12275 0.19
12276 1.09
12276 3.9
12276 5.65
12276 2.56
12276 2.62
12276 2.8
12276 0.1
12276 1.51
12276 0.19
12277 1.09
12277 3.9
12277 5.65
12277 2.56
12277 2.62
12277 2.8
12277 0.1
12277 1.51
12277 0.19
12278 1.09
12278 3.9
12278 5.65
12278 2.56
12278 2.62
12278 2.8
12278 0.1
12278 1.51
12278 0.19
12378 1.09
12378 3.9
12378 5.65
12378 2.56
12378 2.62
12378 2.8
12378 0.1
12378 1.51
12378 0.19
12423 1.09
12423 3.9
12423 5.65
12423 2.56
12423 2.62
12423 2.8
12423 0.1
12423 1.51
12423 0.19
12424 1.09
12424 3.9
12424 5.65
12424 2.56
12424 2.62
12424 2.8
12424 0.1
12424 1.51
12424 0.19
12381 1.09
12381 3.9
12381 5.65
12381 2.56
12381 2.62
12381 2.8
12381 0.1
12381 1.51
12381 0.19
12421 1.09
12421 3.9
12421 5.65
12421 2.56
12421 2.62
12421 2.8
12421 0.1
12421 1.51
12421 0.19
12422 1.09
12422 3.9
12422 5.65
12422 2.56
12422 2.62
12422 2.8
12422 0.1
12422 1.51
12422 0.19
12382 1.09
12382 3.9
12382 5.65
12382 2.56
12382 2.62
12382 2.8
12382 0.1
12382 1.51
12382 0.19
12383 1.09
12383 3.9
12383 5.65
12383 2.56
12383 2.62
12383 2.8
12383 0.1
12383 1.51
12383 0.19
12420 1.09
12420 3.9
12420 5.65
12420 2.56
12420 2.62
12420 2.8
12420 0.1
12420 1.51
12420 0.19
12384 1.09
12384 3.9
12384 5.65
12384 2.56
12384 2.62
12384 2.8
12384 0.1
12384 1.51
12384 0.19
12385 1.09
12385 3.9
12385 5.65
12385 2.56
12385 2.62
12385 2.8
12385 0.1
12385 1.51
12385 0.19
12386 1.09
12386 3.9
12386 5.65
12386 2.56
12386 2.62
12386 2.8
12386 0.1
12386 1.51
12386 0.19
12417 1.09
12417 3.9
12417 5.65
12417 2.56
12417 2.62
12417 2.8
12417 0.1
12417 1.51
12417 0.19
12418 1.09
12418 3.9
12418 5.65
12418 2.56
12418 2.62
12418 2.8
12418 0.1
12418 1.51
12418 0.19
12387 1.09
12387 3.9
12387 5.65
12387 2.56
12387 2.62
12387 2.8
12387 0.1
12387 1.51
12387 0.19
12568 1.09
12568 3.9
12568 5.65
12568 2.56
12568 2.62
12568 2.8
12568 0.1
12568 1.51
12568 0.19
12566 1.09
12566 3.9
12566 5.65
12566 2.56
12566 2.62
12566 2.8
12566 0.1
12566 1.51
12566 0.19
12565 1.09
12565 3.9
12565 5.65
12565 2.56
12565 2.62
12565 2.8
12565 0.1
12565 1.51
12565 0.19
12507 1.09
12507 3.9
12507 5.65
12507 2.56
12507 2.62
12507 2.8
12507 0.1
12507 1.51
12507 0.19
12509 1.09
12509 3.9
12509 5.65
12509 2.56
12509 2.62
12509 2.8
12509 0.1
12509 1.51
12509 0.19
12510 1.09
12510 3.9
12510 5.65
12510 2.56
12510 2.62
12510 2.8
12510 0.1
12510 1.51
12510 0.19
12556 1.09
12556 3.9
12556 5.65
12556 2.56
12556 2.62
12556 2.8
12556 0.1
12556 1.51
12556 0.19
12557 1.09
12557 3.9
12557 5.65
12557 2.56
12557 2.62
12557 2.8
12557 0.1
12557 1.51
12557 0.19
12511 1.09
12511 3.9
12511 5.65
12511 2.56
12511 2.62
12511 2.8
12511 0.1
12511 1.51
12511 0.19
12554 1.09
12554 3.9
12554 5.65
12554 2.56
12554 2.62
12554 2.8
12554 0.1
12554 1.51
12554 0.19
12555 1.09
12555 3.9
12555 5.65
12555 2.56
12555 2.62
12555 2.8
12555 0.1
12555 1.51
12555 0.19
12552 1.09
12552 3.9
12552 5.65
12552 2.56
12552 2.62
12552 2.8
12552 0.1
12552 1.51
12552 0.19
12553 1.09
12553 3.9
12553 5.65
12553 2.56
12553 2.62
12553 2.8
12553 0.1
12553 1.51
12553 0.19
12517 1.09
12517 3.9
12517 5.65
12517 2.56
12517 2.62
12517 2.8
12517 0.1
12517 1.51
12517 0.19
12550 1.09
12550 3.9
12550 5.65
12550 2.56
12550 2.62
12550 2.8
12550 0.1
12550 1.51
12550 0.19
12551 1.09
12551 3.9
12551 5.65
12551 2.56
12551 2.62
12551 2.8
12551 0.1
12551 1.51
12551 0.19
12518 1.09
12518 3.9
12518 5.65
12518 2.56
12518 2.62
12518 2.8
12518 0.1
12518 1.51
12518 0.19
12519 1.09
12519 3.9
12519 5.65
12519 2.56
12519 2.62
12519 2.8
12519 0.1
12519 1.51
12519 0.19
12549 1.09
12549 3.9
12549 5.65
12549 2.56
12549 2.62
12549 2.8
12549 0.1
12549 1.51
12549 0.19
12688 1.09
12688 3.9
12688 5.65
12688 2.56
12688 2.62
12688 2.8
12688 0.1
12688 1.51
12688 0.19
12687 1.09
12687 3.9
12687 5.65
12687 2.56
12687 2.62
12687 2.8
12687 0.1
12687 1.51
12687 0.19
12686 1.09
12686 3.9
12686 5.65
12686 2.56
12686 2.62
12686 2.8
12686 0.1
12686 1.51
12686 0.19
12685 1.09
12685 3.9
12685 5.65
12685 2.56
12685 2.62
12685 2.8
12685 0.1
12685 1.51
12685 0.19
12680 1.09
12680 3.9
12680 5.65
12680 2.56
12680 2.62
12680 2.8
12680 0.1
12680 1.51
12680 0.19
12639 1.09
12639 3.9
12639 5.65
12639 2.56
12639 2.62
12639 2.8
12639 0.1
12639 1.51
12639 0.19
12679 1.09
12679 3.9
12679 5.65
12679 2.56
12679 2.62
12679 2.8
12679 0.1
12679 1.51
12679 0.19
12676 1.09
12676 3.9
12676 5.65
12676 2.56
12676 2.62
12676 2.8
12676 0.1
12676 1.51
12676 0.19
12677 1.09
12677 3.9
12677 5.65
12677 2.56
12677 2.62
12677 2.8
12677 0.1
12677 1.51
12677 0.19
12642 1.09
12642 3.9
12642 5.65
12642 2.56
12642 2.62
12642 2.8
12642 0.1
12642 1.51
12642 0.19
12674 1.09
12674 3.9
12674 5.65
12674 2.56
12674 2.62
12674 2.8
12674 0.1
12674 1.51
12674 0.19
12675 1.09
12675 3.9
12675 5.65
12675 2.56
12675 2.62
12675 2.8
12675 0.1
12675 1.51
12675 0.19
12646 1.09
12646 3.9
12646 5.65
12646 2.56
12646 2.62
12646 2.8
12646 0.1
12646 1.51
12646 0.19
12673 1.09
12673 3.9
12673 5.65
12673 2.56
12673 2.62
12673 2.8
12673 0.1
12673 1.51
12673 0.19
12647 1.09
12647 3.9
12647 5.65
12647 2.56
12647 2.62
12647 2.8
12647 0.1
12647 1.51
12647 0.19
12648 1.09
12648 3.9
12648 5.65
12648 2.56
12648 2.62
12648 2.8
12648 0.1
12648 1.51
12648 0.19
12811 1.09
12811 3.9
12811 5.65
12811 2.56
12811 2.62
12811 2.8
12811 0.1
12811 1.51
12811 0.19
12809 1.09
12809 3.9
12809 5.65
12809 2.56
12809 2.62
12809 2.8
12809 0.1
12809 1.51
12809 0.19
12808 1.09
12808 3.9
12808 5.65
12808 2.56
12808 2.62
12808 2.8
12808 0.1
12808 1.51
12808 0.19
12806 1.09
12806 3.9
12806 5.65
12806 2.56
12806 2.62
12806 2.8
12806 0.1
12806 1.51
12806 0.19
12752 1.09
12752 3.9
12752 5.65
12752 2.56
12752 2.62
12752 2.8
12752 0.1
12752 1.51
12752 0.19
12756 1.09
12756 3.9
12756 5.65
12756 2.56
12756 2.62
12756 2.8
12756 0.1
12756 1.51
12756 0.19
12796 1.09
12796 3.9
12796 5.65
12796 2.56
12796 2.62
12796 2.8
12796 0.1
12796 1.51
12796 0.19
12757 1.09
12757 3.9
12757 5.65
12757 2.56
12757 2.62
12757 2.8
12757 0.1
12757 1.51
12757 0.19
12794 1.09
12794 3.9
12794 5.65
12794 2.56
12794 2.62
12794 2.8
12794 0.1
12794 1.51
12794 0.19
12758 1.09
12758 3.9
12758 5.65
12758 2.56
12758 2.62
12758 2.8
12758 0.1
12758 1.51
12758 0.19
12759 1.09
12759 3.9
12759 5.65
12759 2.56
12759 2.62
12759 2.8
12759 0.1
12759 1.51
12759 0.19
12792 1.09
12792 3.9
12792 5.65
12792 2.56
12792 2.62
12792 2.8
12792 0.1
12792 1.51
12792 0.19
12793 1.09
12793 3.9
12793 5.65
12793 2.56
12793 2.62
12793 2.8
12793 0.1
12793 1.51
12793 0.19
12761 1.09
12761 3.9
12761 5.65
12761 2.56
12761 2.62
12761 2.8
12761 0.1
12761 1.51
12761 0.19
12790 1.09
12790 3.9
12790 5.65
12790 2.56
12790 2.62
12790 2.8
12790 0.1
12790 1.51
12790 0.19
12791 1.09
12791 3.9
12791 5.65
12791 2.56
12791 2.62
12791 2.8
12791 0.1
12791 1.51
12791 0.19
12762 1.09
12762 3.9
12762 5.65
12762 2.56
12762 2.62
12762 2.8
12762 0.1
12762 1.51
12762 0.19
12763 1.09
12763 3.9
12763 5.65
12763 2.56
12763 2.62
12763 2.8
12763 0.1
12763 1.51
12763 0.19
12764 1.09
12764 3.9
12764 5.65
12764 2.56
12764 2.62
12764 2.8
12764 0.1
12764 1.51
12764 0.19
12931 1.09
12931 3.9
12931 5.65
12931 2.56
12931 2.62
12931 2.8
12931 0.1
12931 1.51
12931 0.19
12930 1.09
12930 3.9
12930 5.65
12930 2.56
12930 2.62
12930 2.8
12930 0.1
12930 1.51
12930 0.19
12929 1.09
12929 3.9
12929 5.65
12929 2.56
12929 2.62
12929 2.8
12929 0.1
12929 1.51
12929 0.19
12928 1.09
12928 3.9
12928 5.65
12928 2.56
12928 2.62
12928 2.8
12928 0.1
12928 1.51
12928 0.19
12927 1.09
12927 3.9
12927 5.65
12927 2.56
12927 2.62
12927 2.8
12927 0.1
12927 1.51
12927 0.19
12872 1.09
12872 3.9
12872 5.65
12872 2.56
12872 2.62
12872 2.8
12872 0.1
12872 1.51
12872 0.19
12876 1.09
12876 3.9
12876 5.65
12876 2.56
12876 2.62
12876 2.8
12876 0.1
12876 1.51
12876 0.19
12878 1.09
12878 3.9
12878 5.65
12878 2.56
12878 2.62
12878 2.8
12878 0.1
12878 1.51
12878 0.19
12909 1.09
12909 3.9
12909 5.65
12909 2.56
12909 2.62
12909 2.8
12909 0.1
12909 1.51
12909 0.19
12881 1.09
12881 3.9
12881 5.65
12881 2.56
12881 2.62
12881 2.8
12881 0.1
12881 1.51
12881 0.19
12882 1.09
12882 3.9
12882 5.65
12882 2.56
12882 2.62
12882 2.8
12882 0.1
12882 1.51
12882 0.19
12883 1.09
12883 3.9
12883 5.65
12883 2.56
12883 2.62
12883 2.8
12883 0.1
12883 1.51
12883 0.19
12884 1.09
12884 3.9
12884 5.65
12884 2.56
12884 2.62
12884 2.8
12884 0.1
12884 1.51
12884 0.19
13046 1.09
13046 3.9
13046 5.65
13046 2.56
13046 2.62
13046 2.8
13046 0.1
13046 1.51
13046 0.19
13044 1.09
13044 3.9
13044 5.65
13044 2.56
13044 2.62
13044 2.8
13044 0.1
13044 1.51
13044 0.19
13043 1.09
13043 3.9
13043 5.65
13043 2.56
13043 2.62
13043 2.8
13043 0.1
13043 1.51
13043 0.19
13041 1.09
13041 3.9
13041 5.65
13041 2.56
13041 2.62
13041 2.8
13041 0.1
13041 1.51
13041 0.19
13040 1.09
13040 3.9
13040 5.65
13040 2.56
13040 2.62
13040 2.8
13040 0.1
13040 1.51
13040 0.19
12999 1.09
12999 3.9
12999 5.65
12999 2.56
12999 2.62
12999 2.8
12999 0.1
12999 1.51
12999 0.19
13002 1.09
13002 3.9
13002 5.65
13002 2.56
13002 2.62
13002 2.8
13002 0.1
13002 1.51
13002 0.19
13003 1.09
13003 3.9
13003 5.65
13003 2.56
13003 2.62
13003 2.8
13003 0.1
13003 1.51
13003 0.19
13004 1.09
13004 3.9
13004 5.65
13004 2.56
13004 2.62
13004 2.8
13004 0.1
13004 1.51
13004 0.19
13005 1.09
13005 3.9
13005 5.65
13005 2.56
13005 2.62
13005 2.8
13005 0.1
13005 1.51
13005 0.19
13150 1.09
13150 3.9
13150 5.65
13150 2.56
13150 2.62
13150 2.8
13150 0.1
13150 1.51
13150 0.19
13149 1.09
13149 3.9
13149 5.65
13149 2.56
13149 2.62
13149 2.8
13149 0.1
13149 1.51
13149 0.19
13148 1.09
13148 3.9
13148 5.65
13148 2.56
13148 2.62
13148 2.8
13148 0.1
13148 1.51
13148 0.19
13147 1.09
13147 3.9
13147 5.65
13147 2.56
13147 2.62
13147 2.8
13147 0.1
13147 1.51
13147 0.19
13146 1.09
13146 3.9
13146 5.65
13146 2.56
13146 2.62
13146 2.8
13146 0.1
13146 1.51
13146 0.19
13145 1.09
13145 3.9
13145 5.65
13145 2.56
13145 2.62
13145 2.8
13145 0.1
13145 1.51
13145 0.19
13144 1.09
13144 3.9
13144 5.65
13144 2.56
13144 2.62
13144 2.8
13144 0.1
13144 1.51
13144 0.19
13109 1.09
13109 3.9
13109 5.65
13109 2.56
13109 2.62
13109 2.8
13109 0.1
13109 1.51
13109 0.19
13110 1.09
13110 3.9
13110 5.65
13110 2.56
13110 2.62
13110 2.8
13110 0.1
13110 1.51
13110 0.19
13113 1.09
13113 3.9
13113 5.65
13113 2.56
13113 2.62
13113 2.8
13113 0.1
13113 1.51
13113 0.19
13114 1.09
13114 3.9
13114 5.65
13114 2.56
13114 2.62
13114 2.8
13114 0.1
13114 1.51
13114 0.19
13117 1.09
13117 3.9
13117 5.65
13117 2.56
13117 2.62
13117 2.8
13117 0.1
13117 1.51
13117 0.19
13251 1.09
13251 3.9
13251 5.65
13251 2.56
13251 2.62
13251 2.8
13251 0.1
13251 1.51
13251 0.19
13250 1.09
13250 3.9
13250 5.65
13250 2.56
13250 2.62
13250 2.8
13250 0.1
13250 1.51
13250 0.19
13249 1.09
13249 3.9
13249 5.65
13249 2.56
13249 2.62
13249 2.8
13249 0.1
13249 1.51
13249 0.19
13248 1.09
13248 3.9
13248 5.65
13248 2.56
13248 2.62
13248 2.8
13248 0.1
13248 1.51
13248 0.19
13247 1.09
13247 3.9
13247 5.65
13247 2.56
13247 2.62
13247 2.8
13247 0.1
13247 1.51
13247 0.19
13246 1.09
13246 3.9
13246 5.65
13246 2.56
13246 2.62
13246 2.8
13246 0.1
13246 1.51
13246 0.19
13218 1.09
13218 3.9
13218 5.65
13218 2.56
13218 2.62
13218 2.8
13218 0.1
13218 1.51
13218 0.19
13219 1.09
13219 3.9
13219 5.65
13219 2.56
13219 2.62
13219 2.8
13219 0.1
13219 1.51
13219 0.19
13220 1.09
13220 3.9
13220 5.65
13220 2.56
13220 2.62
13220 2.8
13220 0.1
13220 1.51
13220 0.19
13221 1.09
13221 3.9
13221 5.65
13221 2.56
13221 2.62
13221 2.8
13221 0.1
13221 1.51
13221 0.19
13341 1.09
13341 3.9
13341 5.65
13341 2.56
13341 2.62
13341 2.8
13341 0.1
13341 1.51
13341 0.19
13340 1.09
13340 3.9
13340 5.65
13340 2.56
13340 2.62
13340 2.8
13340 0.1
13340 1.51
13340 0.19
13339 1.09
13339 3.9
13339 5.65
13339 2.56
13339 2.62
13339 2.8
13339 0.1
13339 1.51
13339 0.19
13314 1.09
13314 3.9
13314 5.65
13314 2.56
13314 2.62
13314 2.8
13314 0.1
13314 1.51
13314 0.19
13315 1.09
13315 3.9
13315 5.65
13315 2.56
13315 2.62
13315 2.8
13315 0.1
13315 1.51
13315 0.19
13316 1.09
13316 3.9
13316 5.65
13316 2.56
13316 2.62
13316 2.8
13316 0.1
13316 1.51
13316 0.19
13317 1.09
13317 3.9
13317 5.65
13317 2.56
13317 2.62
13317 2.8
13317 0.1
13317 1.51
13317 0.19
13418 1.09
13418 3.9
13418 5.65
13418 2.56
13418 2.62
13418 2.8
13418 0.1
13418 1.51
13418 0.19
13398 1.09
13398 3.9
13398 5.65
13398 2.56
13398 2.62
13398 2.8
13398 0.1
13398 1.51
13398 0.19
13399 1.09
13399 3.9
13399 5.65
13399 2.56
13399 2.62
13399 2.8
13399 0.1
13399 1.51
13399 0.19
13400 1.09
13400 3.9
13400 5.65
13400 2.56
13400 2.62
13400 2.8
13400 0.1
13400 1.51
13400 0.19
13478 1.09
13478 3.9
13478 5.65
13478 2.56
13478 2.62
13478 2.8
13478 0.1
13478 1.51
13478 0.19
13479 1.09
13479 3.9
13479 5.65
13479 2.56
13479 2.62
13479 2.8
13479 0.1
13479 1.51
13479 0.19
13480 1.09
13480 3.9
13480 5.65
13480 2.56
13480 2.62
13480 2.8
13480 0.1
13480 1.51
13480 0.19
13481 1.09
13481 3.9
13481 5.65
13481 2.56
13481 2.62
13481 2.8
13481 0.1
13481 1.51
13481 0.19
13482 1.09
13482 3.9
13482 5.65
13482 2.56
13482 2.62
13482 2.8
13482 0.1
13482 1.51
13482 0.19
13549 1.09
13549 3.9
13549 5.65
13549 2.56
13549 2.62
13549 2.8
13549 0.1
13549 1.51
13549 0.19
13550 1.09
13550 3.9
13550 5.65
13550 2.56
13550 2.62
13550 2.8
13550 0.1
13550 1.51
13550 0.19
13551 1.09
13551 3.9
13551 5.65
13551 2.56
13551 2.62
13551 2.8
13551 0.1
13551 1.51
13551 0.19
13552 1.09
13552 3.9
13552 5.65
13552 2.56
13552 2.62
13552 2.8
13552 0.1
13552 1.51
13552 0.19
13553 1.09
13553 3.9
13553 5.65
13553 2.56
13553 2.62
13553 2.8
13553 0.1
13553 1.51
13553 0.19
13607 1.09
13607 3.9
13607 5.65
13607 2.56
13607 2.62
13607 2.8
13607 0.1
13607 1.51
13607 0.19
13610 1.09
13610 3.9
13610 5.65
13610 2.56
13610 2.62
13610 2.8
13610 0.1
13610 1.51
13610 0.19
13611 1.09
13611 3.9
13611 5.65
13611 2.56
13611 2.62
13611 2.8
13611 0.1
13611 1.51
13611 0.19
13612 1.09
13612 3.9
13612 5.65
13612 2.56
13612 2.62
13612 2.8
13612 0.1
13612 1.51
13612 0.19
13613 1.09
13613 3.9
13613 5.65
13613 2.56
13613 2.62
13613 2.8
13613 0.1
13613 1.51
13613 0.19
13663 1.09
13663 3.9
13663 5.65
13663 2.56
13663 2.62
13663 2.8
13663 0.1
13663 1.51
13663 0.19
13664 1.09
13664 3.9
13664 5.65
13664 2.56
13664 2.62
13664 2.8
13664 0.1
13664 1.51
13664 0.19
13665 1.09
13665 3.9
13665 5.65
13665 2.56
13665 2.62
13665 2.8
13665 0.1
13665 1.51
13665 0.19
13666 1.09
13666 3.9
13666 5.65
13666 2.56
13666 2.62
13666 2.8
13666 0.1
13666 1.51
13666 0.19
13667 1.09
13667 3.9
13667 5.65
13667 2.56
13667 2.62
13667 2.8
13667 0.1
13667 1.51
13667 0.19
13668 1.09
13668 3.9
13668 5.65
13668 2.56
13668 2.62
13668 2.8
13668 0.1
13668 1.51
13668 0.19
13669 1.09
13669 3.9
13669 5.65
13669 2.56
13669 2.62
13669 2.8
13669 0.1
13669 1.51
13669 0.19
13670 1.09
13670 3.9
13670 5.65
13670 2.56
13670 2.62
13670 2.8
13670 0.1
13670 1.51
13670 0.19
13676 1.09
13676 3.9
13676 5.65
13676 2.56
13676 2.62
13676 2.8
13676 0.1
13676 1.51
13676 0.19
13720 1.09
13720 3.9
13720 5.65
13720 2.56
13720 2.62
13720 2.8
13720 0.1
13720 1.51
13720 0.19
13721 1.09
13721 3.9
13721 5.65
13721 2.56
13721 2.62
13721 2.8
13721 0.1
13721 1.51
13721 0.19
13722 1.09
13722 3.9
13722 5.65
13722 2.56
13722 2.62
13722 2.8
13722 0.1
13722 1.51
13722 0.19
13723 1.09
13723 3.9
13723 5.65
13723 2.56
13723 2.62
13723 2.8
13723 0.1
13723 1.51
13723 0.19
13725 1.09
13725 3.9
13725 5.65
13725 2.56
13725 2.62
13725 2.8
13725 0.1
13725 1.51
13725 0.19
13777 1.09
13777 3.9
13777 5.65
13777 2.56
13777 2.62
13777 2.8
13777 0.1
13777 1.51
13777 0.19
13778 1.09
13778 3.9
13778 5.65
13778 2.56
13778 2.62
13778 2.8
13778 0.1
13778 1.51
13778 0.19
13779 1.09
13779 3.9
13779 5.65
13779 2.56
13779 2.62
13779 2.8
13779 0.1
13779 1.51
13779 0.19
13827 1.09
13827 3.9
13827 5.65
13827 2.56
13827 2.62
13827 2.8
13827 0.1
13827 1.51
13827 0.19
13829 1.09
13829 3.9
13829 5.65
13829 2.56
13829 2.62
13829 2.8
13829 0.1
13829 1.51
13829 0.19
13830 1.09
13830 3.9
13830 5.65
13830 2.56
13830 2.62
13830 2.8
13830 0.1
13830 1.51
13830 0.19
13887 1.09
13887 3.9
13887 5.65
13887 2.56
13887 2.62
13887 2.8
13887 0.1
13887 1.51
13887 0.19
13940 1.09
13940 3.9
13940 5.65
13940 2.56
13940 2.62
13940 2.8
13940 0.1
13940 1.51
13940 0.19
13943 1.09
13943 3.9
13943 5.65
13943 2.56
13943 2.62
13943 2.8
13943 0.1
13943 1.51
13943 0.19
13944 1.09
13944 3.9
13944 5.65
13944 2.56
13944 2.62
13944 2.8
13944 0.1
13944 1.51
13944 0.19
14000 1.09
14000 3.9
14000 5.65
14000 2.56
14000 2.62
14000 2.8
14000 0.1
14000 1.51
14000 0.19
14008 1.09
14008 3.9
14008 5.65
14008 2.56
14008 2.62
14008 2.8
14008 0.1
14008 1.51
14008 0.19
14046 1.09
14046 3.9
14046 5.65
14046 2.56
14046 2.62
14046 2.8
14046 0.1
14046 1.51
14046 0.19
14057 1.09
14057 3.9
14057 5.65
14057 2.56
14057 2.62
14057 2.8
14057 0.1
14057 1.51
14057 0.19
14089 1.09
14089 3.9
14089 5.65
14089 2.56
14089 2.62
14089 2.8
14089 0.1
14089 1.51
14089 0.19
14093 1.09
14093 3.9
14093 5.65
14093 2.56
14093 2.62
14093 2.8
14093 0.1
14093 1.51
14093 0.19
14100 1.09
14100 3.9
14100 5.65
14100 2.56
14100 2.62
14100 2.8
14100 0.1
14100 1.51
14100 0.19
14101 1.09
14101 3.9
14101 5.65
14101 2.56
14101 2.62
14101 2.8
14101 0.1
14101 1.51
14101 0.19
14109 1.09
14109 3.9
14109 5.65
14109 2.56
14109 2.62
14109 2.8
14109 0.1
14109 1.51
14109 0.19
14110 1.09
14110 3.9
14110 5.65
14110 2.56
14110 2.62
14110 2.8
14110 0.1
14110 1.51
14110 0.19
14111 1.09
14111 3.9
14111 5.65
14111 2.56
14111 2.62
14111 2.8
14111 0.1
14111 1.51
14111 0.19
14165 1.09
14165 3.9
14165 5.65
14165 2.56
14165 2.62
14165 2.8
14165 0.1
14165 1.51
14165 0.19
14166 1.09
14166 3.9
14166 5.65
14166 2.56
14166 2.62
14166 2.8
14166 0.1
14166 1.51
14166 0.19
14167 1.09
14167 3.9
14167 5.65
14167 2.56
14167 2.62
14167 2.8
14167 0.1
14167 1.51
14167 0.19
14207 1.09
14207 3.9
14207 5.65
14207 2.56
14207 2.62
14207 2.8
14207 0.1
14207 1.51
14207 0.19
14213 1.09
14213 3.9
14213 5.65
14213 2.56
14213 2.62
14213 2.8
14213 0.1
14213 1.51
14213 0.19
14214 1.09
14214 3.9
14214 5.65
14214 2.56
14214 2.62
14214 2.8
14214 0.1
14214 1.51
14214 0.19
14215 1.09
14215 3.9
14215 5.65
14215 2.56
14215 2.62
14215 2.8
14215 0.1
14215 1.51
14215 0.19
14216 1.09
14216 3.9
14216 5.65
14216 2.56
14216 2.62
14216 2.8
14216 0.1
14216 1.51
14216 0.19
14261 1.09
14261 3.9
14261 5.65
14261 2.56
14261 2.62
14261 2.8
14261 0.1
14261 1.51
14261 0.19
14262 1.09
14262 3.9
14262 5.65
14262 2.56
14262 2.62
14262 2.8
14262 0.1
14262 1.51
14262 0.19
14304 1.09
14304 3.9
14304 5.65
14304 2.56
14304 2.62
14304 2.8
14304 0.1
14304 1.51
14304 0.19
14309 1.09
14309 3.9
14309 5.65
14309 2.56
14309 2.62
14309 2.8
14309 0.1
14309 1.51
14309 0.19
14310 1.09
14310 3.9
14310 5.65
14310 2.56
14310 2.62
14310 2.8
14310 0.1
14310 1.51
14310 0.19
14352 1.09
14352 3.9
14352 5.65
14352 2.56
14352 2.62
14352 2.8
14352 0.1
14352 1.51
14352 0.19
14353 1.09
14353 3.9
14353 5.65
14353 2.56
14353 2.62
14353 2.8
14353 0.1
14353 1.51
14353 0.19
14395 1.09
14395 3.9
14395 5.65
14395 2.56
14395 2.62
14395 2.8
14395 0.1
14395 1.51
14395 0.19
14396 1.09
14396 3.9
14396 5.65
14396 2.56
14396 2.62
14396 2.8
14396 0.1
14396 1.51
14396 0.19
14468 1.09
14468 3.9
14468 5.65
14468 2.56
14468 2.62
14468 2.8
14468 0.1
14468 1.51
14468 0.19
14471 1.09
14471 3.9
14471 5.65
14471 2.56
14471 2.62
14471 2.8
14471 0.1
14471 1.51
14471 0.19
14504 1.09
14504 3.9
14504 5.65
14504 2.56
14504 2.62
14504 2.8
14504 0.1
14504 1.51
14504 0.19
14535 1.09
14535 3.9
14535 5.65
14535 2.56
14535 2.62
14535 2.8
14535 0.1
14535 1.51
14535 0.19
14565 1.09
14565 3.9
14565 5.65
14565 2.56
14565 2.62
14565 2.8
14565 0.1
14565 1.51
14565 0.19
14566 1.09
14566 3.9
14566 5.65
14566 2.56
14566 2.62
14566 2.8
14566 0.1
14566 1.51
14566 0.19
14567 1.09
14567 3.9
14567 5.65
14567 2.56
14567 2.62
14567 2.8
14567 0.1
14567 1.51
14567 0.19
14601 1.09
14601 3.9
14601 5.65
14601 2.56
14601 2.62
14601 2.8
14601 0.1
14601 1.51
14601 0.19
14602 1.09
14602 3.9
14602 5.65
14602 2.56
14602 2.62
14602 2.8
14602 0.1
14602 1.51
14602 0.19
14638 1.09
14638 3.9
14638 5.65
14638 2.56
14638 2.62
14638 2.8
14638 0.1
14638 1.51
14638 0.19
14882 1.09
14882 3.9
14882 5.65
14882 2.56
14882 2.62
14882 2.8
14882 0.1
14882 1.51
14882 0.19
14910 1.09
14910 3.9
14910 5.65
14910 2.56
14910 2.62
14910 2.8
14910 0.1
14910 1.51
14910 0.19
14984 1.09
14984 3.9
14984 5.65
14984 2.56
14984 2.62
14984 2.8
14984 0.1
14984 1.51
14984 0.19
15032 1.09
15032 3.9
15032 5.65
15032 2.56
15032 2.62
15032 2.8
15032 0.1
15032 1.51
15032 0.19
15063 1.09
15063 3.9
15063 5.65
15063 2.56
15063 2.62
15063 2.8
15063 0.1
15063 1.51
15063 0.19
15094 1.09
15094 3.9
15094 5.65
15094 2.56
15094 2.62
15094 2.8
15094 0.1
15094 1.51
15094 0.19
15095 1.09
15095 3.9
15095 5.65
15095 2.56
15095 2.62
15095 2.8
15095 0.1
15095 1.51
15095 0.19
15130 1.09
15130 3.9
15130 5.65
15130 2.56
15130 2.62
15130 2.8
15130 0.1
15130 1.51
15130 0.19
15131 1.09
15131 3.9
15131 5.65
15131 2.56
15131 2.62
15131 2.8
15131 0.1
15131 1.51
15131 0.19
15132 1.09
15132 3.9
15132 5.65
15132 2.56
15132 2.62
15132 2.8
15132 0.1
15132 1.51
15132 0.19
15172 1.09
15172 3.9
15172 5.65
15172 2.56
15172 2.62
15172 2.8
15172 0.1
15172 1.51
15172 0.19
15173 1.09
15173 3.9
15173 5.65
15173 2.56
15173 2.62
15173 2.8
15173 0.1
15173 1.51
15173 0.19
15215 1.09
15215 3.9
15215 5.65
15215 2.56
15215 2.62
15215 2.8
15215 0.1
15215 1.51
15215 0.19
15218 1.09
15218 3.9
15218 5.65
15218 2.56
15218 2.62
15218 2.8
15218 0.1
15218 1.51
15218 0.19
15258 1.09
15258 3.9
15258 5.65
15258 2.56
15258 2.62
15258 2.8
15258 0.1
15258 1.51
15258 0.19
15262 1.09
15262 3.9
15262 5.65
15262 2.56
15262 2.62
15262 2.8
15262 0.1
15262 1.51
15262 0.19
15310 1.09
15310 3.9
15310 5.65
15310 2.56
15310 2.62
15310 2.8
15310 0.1
15310 1.51
15310 0.19
15311 1.09
15311 3.9
15311 5.65
15311 2.56
15311 2.62
15311 2.8
15311 0.1
15311 1.51
15311 0.19
15312 1.09
15312 3.9
15312 5.65
15312 2.56
15312 2.62
15312 2.8
15312 0.1
15312 1.51
15312 0.19
15313 1.09
15313 3.9
15313 5.65
15313 2.56
15313 2.62
15313 2.8
15313 0.1
15313 1.51
15313 0.19
15314 1.09
15314 3.9
15314 5.65
15314 2.56
15314 2.62
15314 2.8
15314 0.1
15314 1.51
15314 0.19
15360 1.09
15360 3.9
15360 5.65
15360 2.56
15360 2.62
15360 2.8
15360 0.1
15360 1.51
15360 0.19
15363 1.09
15363 3.9
15363 5.65
15363 2.56
15363 2.62
15363 2.8
15363 0.1
15363 1.51
15363 0.19
15418 1.09
15418 3.9
15418 5.65
15418 2.56
15418 2.62
15418 2.8
15418 0.1
15418 1.51
15418 0.19
15423 1.09
15423 3.9
15423 5.65
15423 2.56
15423 2.62
15423 2.8
15423 0.1
15423 1.51
15423 0.19
15424 1.09
15424 3.9
15424 5.65
15424 2.56
15424 2.62
15424 2.8
15424 0.1
15424 1.51
15424 0.19
15427 1.09
15427 3.9
15427 5.65
15427 2.56
15427 2.62
15427 2.8
15427 0.1
15427 1.51
15427 0.19
15489 1.09
15489 3.9
15489 5.65
15489 2.56
15489 2.62
15489 2.8
15489 0.1
15489 1.51
15489 0.19
15490 1.09
15490 3.9
15490 5.65
15490 2.56
15490 2.62
15490 2.8
15490 0.1
15490 1.51
15490 0.19
15491 1.09
15491 3.9
15491 5.65
15491 2.56
15491 2.62
15491 2.8
15491 0.1
15491 1.51
15491 0.19
15552 1.09
15552 3.9
15552 5.65
15552 2.56
15552 2.62
15552 2.8
15552 0.1
15552 1.51
15552 0.19
15555 1.09
15555 3.9
15555 5.65
15555 2.56
15555 2.62
15555 2.8
15555 0.1
15555 1.51
15555 0.19
15618 1.09
15618 3.9
15618 5.65
15618 2.56
15618 2.62
15618 2.8
15618 0.1
15618 1.51
15618 0.19
15619 1.09
15619 3.9
15619 5.65
15619 2.56
15619 2.62
15619 2.8
15619 0.1
15619 1.51
15619 0.19
15620 1.09
15620 3.9
15620 5.65
15620 2.56
15620 2.62
15620 2.8
15620 0.1
15620 1.51
15620 0.19
15683 1.09
15683 3.9
15683 5.65
15683 2.56
15683 2.62
15683 2.8
15683 0.1
15683 1.51
15683 0.19
15743 1.09
15743 3.9
15743 5.65
15743 2.56
15743 2.62
15743 2.8
15743 0.1
15743 1.51
15743 0.19
15748 1.09
15748 3.9
15748 5.65
15748 2.56
15748 2.62
15748 2.8
15748 0.1
15748 1.51
15748 0.19
15750 1.09
15750 3.9
15750 5.65
15750 2.56
15750 2.62
15750 2.8
15750 0.1
15750 1.51
15750 0.19
15751 1.09
15751 3.9
15751 5.65
15751 2.56
15751 2.62
15751 2.8
15751 0.1
15751 1.51
15751 0.19
15816 1.09
15816 3.9
15816 5.65
15816 2.56
15816 2.62
15816 2.8
15816 0.1
15816 1.51
15816 0.19
15817 1.09
15817 3.9
15817 5.65
15817 2.56
15817 2.62
15817 2.8
15817 0.1
15817 1.51
15817 0.19
15820 1.09
15820 3.9
15820 5.65
15820 2.56
15820 2.62
15820 2.8
15820 0.1
15820 1.51
15820 0.19
15880 1.09
15880 3.9
15880 5.65
15880 2.56
15880 2.62
15880 2.8
15880 0.1
15880 1.51
15880 0.19
15881 1.09
15881 3.9
15881 5.65
15881 2.56
15881 2.62
15881 2.8
15881 0.1
15881 1.51
15881 0.19
15882 1.09
15882 3.9
15882 5.65
15882 2.56
15882 2.62
15882 2.8
15882 0.1
15882 1.51
15882 0.19
15942 1.09
15942 3.9
15942 5.65
15942 2.56
15942 2.62
15942 2.8
15942 0.1
15942 1.51
15942 0.19
15947 1.09
15947 3.9
15947 5.65
15947 2.56
15947 2.62
15947 2.8
15947 0.1
15947 1.51
15947 0.19
15948 1.09
15948 3.9
15948 5.65
15948 2.56
15948 2.62
15948 2.8
15948 0.1
15948 1.51
15948 0.19
16001 1.09
16001 3.9
16001 5.65
16001 2.56
16001 2.62
16001 2.8
16001 0.1
16001 1.51
16001 0.19
16002 1.09
16002 3.9
16002 5.65
16002 2.56
16002 2.62
16002 2.8
16002 0.1
16002 1.51
16002 0.19
16050 1.09
16050 3.9
16050 5.65
16050 2.56
16050 2.62
16050 2.8
16050 0.1
16050 1.51
16050 0.19
16099 1.09
16099 3.9
16099 5.65
16099 2.56
16099 2.62
16099 2.8
16099 0.1
16099 1.51
16099 0.19
16100 1.09
16100 3.9
16100 5.65
16100 2.56
16100 2.62
16100 2.8
16100 0.1
16100 1.51
16100 0.19
16101 1.09
16101 3.9
16101 5.65
16101 2.56
16101 2.62
16101 2.8
16101 0.1
16101 1.51
16101 0.19
16102 1.09
16102 3.9
16102 5.65
16102 2.56
16102 2.62
16102 2.8
16102 0.1
16102 1.51
16102 0.19
16103 1.09
16103 3.9
16103 5.65
16103 2.56
16103 2.62
16103 2.8
16103 0.1
16103 1.51
16103 0.19
16147 1.09
16147 3.9
16147 5.65
16147 2.56
16147 2.62
16147 2.8
16147 0.1
16147 1.51
16147 0.19
16150 1.09
16150 3.9
16150 5.65
16150 2.56
16150 2.62
16150 2.8
16150 0.1
16150 1.51
16150 0.19
16195 1.09
16195 3.9
16195 5.65
16195 2.56
16195 2.62
16195 2.8
16195 0.1
16195 1.51
16195 0.19
16198 1.09
16198 3.9
16198 5.65
16198 2.56
16198 2.62
16198 2.8
16198 0.1
16198 1.51
16198 0.19
16241 1.09
16241 3.9
16241 5.65
16241 2.56
16241 2.62
16241 2.8
16241 0.1
16241 1.51
16241 0.19
16242 1.09
16242 3.9
16242 5.65
16242 2.56
16242 2.62
16242 2.8
16242 0.1
16242 1.51
16242 0.19
16245 1.09
16245 3.9
16245 5.65
16245 2.56
16245 2.62
16245 2.8
16245 0.1
16245 1.51
16245 0.19
16246 1.09
16246 3.9
16246 5.65
16246 2.56
16246 2.62
16246 2.8
16246 0.1
16246 1.51
16246 0.19
16284 1.09
16284 3.9
16284 5.65
16284 2.56
16284 2.62
16284 2.8
16284 0.1
16284 1.51
16284 0.19
16286 1.09
16286 3.9
16286 5.65
16286 2.56
16286 2.62
16286 2.8
16286 0.1
16286 1.51
16286 0.19
16289 1.09
16289 3.9
16289 5.65
16289 2.56
16289 2.62
16289 2.8
16289 0.1
16289 1.51
16289 0.19
16293 1.09
16293 3.9
16293 5.65
16293 2.56
16293 2.62
16293 2.8
16293 0.1
16293 1.51
16293 0.19
16421 1.09
16421 3.9
16421 5.65
16421 2.56
16421 2.62
16421 2.8
16421 0.1
16421 1.51
16421 0.19
16455 1.09
16455 3.9
16455 5.65
16455 2.56
16455 2.62
16455 2.8
16455 0.1
16455 1.51
16455 0.19
16456 1.09
16456 3.9
16456 5.65
16456 2.56
16456 2.62
16456 2.8
16456 0.1
16456 1.51
16456 0.19
16465 1.09
16465 3.9
16465 5.65
16465 2.56
16465 2.62
16465 2.8
16465 0.1
16465 1.51
16465 0.19
16466 1.09
16466 3.9
16466 5.65
16466 2.56
16466 2.62
16466 2.8
16466 0.1
16466 1.51
16466 0.19
16468 1.09
16468 3.9
16468 5.65
16468 2.56
16468 2.62
16468 2.8
16468 0.1
16468 1.51
16468 0.19
16502 1.09
16502 3.9
16502 5.65
16502 2.56
16502 2.62
16502 2.8
16502 0.1
16502 1.51
16502 0.19
16503 1.09
16503 3.9
16503 5.65
16503 2.56
16503 2.62
16503 2.8
16503 0.1
16503 1.51
16503 0.19
16504 1.09
16504 3.9
16504 5.65
16504 2.56
16504 2.62
16504 2.8
16504 0.1
16504 1.51
16504 0.19
16508 1.09
16508 3.9
16508 5.65
16508 2.56
16508 2.62
16508 2.8
16508 0.1
16508 1.51
16508 0.19
16509 1.09
16509 3.9
16509 5.65
16509 2.56
16509 2.62
16509 2.8
16509 0.1
16509 1.51
16509 0.19
16511 1.09
16511 3.9
16511 5.65
16511 2.56
16511 2.62
16511 2.8
16511 0.1
16511 1.51
16511 0.19
16512 1.09
16512 3.9
16512 5.65
16512 2.56
16512 2.62
16512 2.8
16512 0.1
16512 1.51
16512 0.19
16513 1.09
16513 3.9
16513 5.65
16513 2.56
16513 2.62
16513 2.8
16513 0.1
16513 1.51
16513 0.19
16547 1.09
16547 3.9
16547 5.65
16547 2.56
16547 2.62
16547 2.8
16547 0.1
16547 1.51
16547 0.19
16548 1.09
16548 3.9
16548 5.65
16548 2.56
16548 2.62
16548 2.8
16548 0.1
16548 1.51
16548 0.19
16550 1.09
16550 3.9
16550 5.65
16550 2.56
16550 2.62
16550 2.8
16550 0.1
16550 1.51
16550 0.19
16554 1.09
16554 3.9
16554 5.65
16554 2.56
16554 2.62
16554 2.8
16554 0.1
16554 1.51
16554 0.19
16590 1.09
16590 3.9
16590 5.65
16590 2.56
16590 2.62
16590 2.8
16590 0.1
16590 1.51
16590 0.19
16595 1.09
16595 3.9
16595 5.65
16595 2.56
16595 2.62
16595 2.8
16595 0.1
16595 1.51
16595 0.19
16596 1.09
16596 3.9
16596 5.65
16596 2.56
16596 2.62
16596 2.8
16596 0.1
16596 1.51
16596 0.19
16597 1.09
16597 3.9
16597 5.65
16597 2.56
16597 2.62
16597 2.8
16597 0.1
16597 1.51
16597 0.19
16639 1.09
16639 3.9
16639 5.65
16639 2.56
16639 2.62
16639 2.8
16639 0.1
16639 1.51
16639 0.19
16642 1.09
16642 3.9
16642 5.65
16642 2.56
16642 2.62
16642 2.8
16642 0.1
16642 1.51
16642 0.19
16682 1.09
16682 3.9
16682 5.65
16682 2.56
16682 2.62
16682 2.8
16682 0.1
16682 1.51
16682 0.19
16683 1.09
16683 3.9
16683 5.65
16683 2.56
16683 2.62
16683 2.8
16683 0.1
16683 1.51
16683 0.19
16684 1.09
16684 3.9
16684 5.65
16684 2.56
16684 2.62
16684 2.8
16684 0.1
16684 1.51
16684 0.19
16685 1.09
16685 3.9
16685 5.65
16685 2.56
16685 2.62
16685 2.8
16685 0.1
16685 1.51
16685 0.19
16729 1.09
16729 3.9
16729 5.65
16729 2.56
16729 2.62
16729 2.8
16729 0.1
16729 1.51
16729 0.19
