pt_graph scale
14264 1.18119047619048
14264 0
14264 2.7952380952381
14264 2.41333333333333
14264 3.14
14264 2.72142857142857
14264 0.00214285714285714
14264 0
14264 0.0142857142857143
14353 1.18119047619048
14353 0
14353 2.7952380952381
14353 2.41333333333333
14353 3.14
14353 2.72142857142857
14353 0.00214285714285714
14353 0
14353 0.0142857142857143
14392 1.18119047619048
14392 0
14392 2.7952380952381
14392 2.41333333333333
14392 3.14
14392 2.72142857142857
14392 0.00214285714285714
14392 0
14392 0.0142857142857143
14394 1.18119047619048
14394 0
14394 2.7952380952381
14394 2.41333333333333
14394 3.14
14394 2.72142857142857
14394 0.00214285714285714
14394 0
14394 0.0142857142857143
14396 1.18119047619048
14396 0
14396 2.7952380952381
14396 2.41333333333333
14396 3.14
14396 2.72142857142857
14396 0.00214285714285714
14396 0
14396 0.0142857142857143
14433 1.18119047619048
14433 0
14433 2.7952380952381
14433 2.41333333333333
14433 3.14
14433 2.72142857142857
14433 0.00214285714285714
14433 0
14433 0.0142857142857143
14435 1.18119047619048
14435 0
14435 2.7952380952381
14435 2.41333333333333
14435 3.14
14435 2.72142857142857
14435 0.00214285714285714
14435 0
14435 0.0142857142857143
14436 1.18119047619048
14436 0
14436 2.7952380952381
14436 2.41333333333333
14436 3.14
14436 2.72142857142857
14436 0.00214285714285714
14436 0
14436 0.0142857142857143
14470 1.18119047619048
14470 0
14470 2.7952380952381
14470 2.41333333333333
14470 3.14
14470 2.72142857142857
14470 0.00214285714285714
14470 0
14470 0.0142857142857143
14472 1.18119047619048
14472 0
14472 2.7952380952381
14472 2.41333333333333
14472 3.14
14472 2.72142857142857
14472 0.00214285714285714
14472 0
14472 0.0142857142857143
14474 1.18119047619048
14474 0
14474 2.7952380952381
14474 2.41333333333333
14474 3.14
14474 2.72142857142857
14474 0.00214285714285714
14474 0
14474 0.0142857142857143
14475 1.18119047619048
14475 0
14475 2.7952380952381
14475 2.41333333333333
14475 3.14
14475 2.72142857142857
14475 0.00214285714285714
14475 0
14475 0.0142857142857143
14506 1.18119047619048
14506 0
14506 2.7952380952381
14506 2.41333333333333
14506 3.14
14506 2.72142857142857
14506 0.00214285714285714
14506 0
14506 0.0142857142857143
14507 1.18119047619048
14507 0
14507 2.7952380952381
14507 2.41333333333333
14507 3.14
14507 2.72142857142857
14507 0.00214285714285714
14507 0
14507 0.0142857142857143
14508 1.18119047619048
14508 0
14508 2.7952380952381
14508 2.41333333333333
14508 3.14
14508 2.72142857142857
14508 0.00214285714285714
14508 0
14508 0.0142857142857143
14509 1.18119047619048
14509 0
14509 2.7952380952381
14509 2.41333333333333
14509 3.14
14509 2.72142857142857
14509 0.00214285714285714
14509 0
14509 0.0142857142857143
14538 1.18119047619048
14538 0
14538 2.7952380952381
14538 2.41333333333333
14538 3.14
14538 2.72142857142857
14538 0.00214285714285714
14538 0
14538 0.0142857142857143
14540 1.18119047619048
14540 0
14540 2.7952380952381
14540 2.41333333333333
14540 3.14
14540 2.72142857142857
14540 0.00214285714285714
14540 0
14540 0.0142857142857143
14568 1.18119047619048
14568 0
14568 2.7952380952381
14568 2.41333333333333
14568 3.14
14568 2.72142857142857
14568 0.00214285714285714
14568 0
14568 0.0142857142857143
14569 1.18119047619048
14569 0
14569 2.7952380952381
14569 2.41333333333333
14569 3.14
14569 2.72142857142857
14569 0.00214285714285714
14569 0
14569 0.0142857142857143
14570 1.18119047619048
14570 0
14570 2.7952380952381
14570 2.41333333333333
14570 3.14
14570 2.72142857142857
14570 0.00214285714285714
14570 0
14570 0.0142857142857143
14571 1.18119047619048
14571 0
14571 2.7952380952381
14571 2.41333333333333
14571 3.14
14571 2.72142857142857
14571 0.00214285714285714
14571 0
14571 0.0142857142857143
14572 1.18119047619048
14572 0
14572 2.7952380952381
14572 2.41333333333333
14572 3.14
14572 2.72142857142857
14572 0.00214285714285714
14572 0
14572 0.0142857142857143
14573 1.18119047619048
14573 0
14573 2.7952380952381
14573 2.41333333333333
14573 3.14
14573 2.72142857142857
14573 0.00214285714285714
14573 0
14573 0.0142857142857143
14600 1.18119047619048
14600 0
14600 2.7952380952381
14600 2.41333333333333
14600 3.14
14600 2.72142857142857
14600 0.00214285714285714
14600 0
14600 0.0142857142857143
14604 1.18119047619048
14604 0
14604 2.7952380952381
14604 2.41333333333333
14604 3.14
14604 2.72142857142857
14604 0.00214285714285714
14604 0
14604 0.0142857142857143
14605 1.18119047619048
14605 0
14605 2.7952380952381
14605 2.41333333333333
14605 3.14
14605 2.72142857142857
14605 0.00214285714285714
14605 0
14605 0.0142857142857143
14606 1.18119047619048
14606 0
14606 2.7952380952381
14606 2.41333333333333
14606 3.14
14606 2.72142857142857
14606 0.00214285714285714
14606 0
14606 0.0142857142857143
14607 1.18119047619048
14607 0
14607 2.7952380952381
14607 2.41333333333333
14607 3.14
14607 2.72142857142857
14607 0.00214285714285714
14607 0
14607 0.0142857142857143
14640 1.18119047619048
14640 0
14640 2.7952380952381
14640 2.41333333333333
14640 3.14
14640 2.72142857142857
14640 0.00214285714285714
14640 0
14640 0.0142857142857143
14641 1.18119047619048
14641 0
14641 2.7952380952381
14641 2.41333333333333
14641 3.14
14641 2.72142857142857
14641 0.00214285714285714
14641 0
14641 0.0142857142857143
14670 1.18119047619048
14670 0
14670 2.7952380952381
14670 2.41333333333333
14670 3.14
14670 2.72142857142857
14670 0.00214285714285714
14670 0
14670 0.0142857142857143
14671 1.18119047619048
14671 0
14671 2.7952380952381
14671 2.41333333333333
14671 3.14
14671 2.72142857142857
14671 0.00214285714285714
14671 0
14671 0.0142857142857143
14673 1.18119047619048
14673 0
14673 2.7952380952381
14673 2.41333333333333
14673 3.14
14673 2.72142857142857
14673 0.00214285714285714
14673 0
14673 0.0142857142857143
14674 1.18119047619048
14674 0
14674 2.7952380952381
14674 2.41333333333333
14674 3.14
14674 2.72142857142857
14674 0.00214285714285714
14674 0
14674 0.0142857142857143
14704 1.18119047619048
14704 0
14704 2.7952380952381
14704 2.41333333333333
14704 3.14
14704 2.72142857142857
14704 0.00214285714285714
14704 0
14704 0.0142857142857143
14705 1.18119047619048
14705 0
14705 2.7952380952381
14705 2.41333333333333
14705 3.14
14705 2.72142857142857
14705 0.00214285714285714
14705 0
14705 0.0142857142857143
14707 1.18119047619048
14707 0
14707 2.7952380952381
14707 2.41333333333333
14707 3.14
14707 2.72142857142857
14707 0.00214285714285714
14707 0
14707 0.0142857142857143
14736 1.18119047619048
14736 0
14736 2.7952380952381
14736 2.41333333333333
14736 3.14
14736 2.72142857142857
14736 0.00214285714285714
14736 0
14736 0.0142857142857143
14737 1.18119047619048
14737 0
14737 2.7952380952381
14737 2.41333333333333
14737 3.14
14737 2.72142857142857
14737 0.00214285714285714
14737 0
14737 0.0142857142857143
14738 1.18119047619048
14738 0
14738 2.7952380952381
14738 2.41333333333333
14738 3.14
14738 2.72142857142857
14738 0.00214285714285714
14738 0
14738 0.0142857142857143
14739 1.18119047619048
14739 0
14739 2.7952380952381
14739 2.41333333333333
14739 3.14
14739 2.72142857142857
14739 0.00214285714285714
14739 0
14739 0.0142857142857143
14765 1.18119047619048
14765 0
14765 2.7952380952381
14765 2.41333333333333
14765 3.14
14765 2.72142857142857
14765 0.00214285714285714
14765 0
14765 0.0142857142857143
14768 1.18119047619048
14768 0
14768 2.7952380952381
14768 2.41333333333333
14768 3.14
14768 2.72142857142857
14768 0.00214285714285714
14768 0
14768 0.0142857142857143
14769 1.18119047619048
14769 0
14769 2.7952380952381
14769 2.41333333333333
14769 3.14
14769 2.72142857142857
14769 0.00214285714285714
14769 0
14769 0.0142857142857143
14770 1.18119047619048
14770 0
14770 2.7952380952381
14770 2.41333333333333
14770 3.14
14770 2.72142857142857
14770 0.00214285714285714
14770 0
14770 0.0142857142857143
14796 1.18119047619048
14796 0
14796 2.7952380952381
14796 2.41333333333333
14796 3.14
14796 2.72142857142857
14796 0.00214285714285714
14796 0
14796 0.0142857142857143
14797 1.18119047619048
14797 0
14797 2.7952380952381
14797 2.41333333333333
14797 3.14
14797 2.72142857142857
14797 0.00214285714285714
14797 0
14797 0.0142857142857143
14798 1.18119047619048
14798 0
14798 2.7952380952381
14798 2.41333333333333
14798 3.14
14798 2.72142857142857
14798 0.00214285714285714
14798 0
14798 0.0142857142857143
14800 1.18119047619048
14800 0
14800 2.7952380952381
14800 2.41333333333333
14800 3.14
14800 2.72142857142857
14800 0.00214285714285714
14800 0
14800 0.0142857142857143
14802 1.18119047619048
14802 0
14802 2.7952380952381
14802 2.41333333333333
14802 3.14
14802 2.72142857142857
14802 0.00214285714285714
14802 0
14802 0.0142857142857143
14827 1.18119047619048
14827 0
14827 2.7952380952381
14827 2.41333333333333
14827 3.14
14827 2.72142857142857
14827 0.00214285714285714
14827 0
14827 0.0142857142857143
14828 1.18119047619048
14828 0
14828 2.7952380952381
14828 2.41333333333333
14828 3.14
14828 2.72142857142857
14828 0.00214285714285714
14828 0
14828 0.0142857142857143
14829 1.18119047619048
14829 0
14829 2.7952380952381
14829 2.41333333333333
14829 3.14
14829 2.72142857142857
14829 0.00214285714285714
14829 0
14829 0.0142857142857143
14830 1.18119047619048
14830 0
14830 2.7952380952381
14830 2.41333333333333
14830 3.14
14830 2.72142857142857
14830 0.00214285714285714
14830 0
14830 0.0142857142857143
14831 1.18119047619048
14831 0
14831 2.7952380952381
14831 2.41333333333333
14831 3.14
14831 2.72142857142857
14831 0.00214285714285714
14831 0
14831 0.0142857142857143
