pt_graph shape
14692 1
14692 1
14692 1
14692 1
14692 1
14692 1
14692 1
14692 1
14692 1
14725 1
14725 1
14725 1
14725 1
14725 1
14725 1
14725 1
14725 1
14725 1
14729 1
14729 1
14729 1
14729 1
14729 1
14729 1
14729 1
14729 1
14729 1
14819 1
14819 1
14819 1
14819 1
14819 1
14819 1
14819 1
14819 1
14819 1
14822 1
14822 1
14822 1
14822 1
14822 1
14822 1
14822 1
14822 1
14822 1
14855 1
14855 1
14855 1
14855 1
14855 1
14855 1
14855 1
14855 1
14855 1
14910 1
14910 1
14910 1
14910 1
14910 1
14910 1
14910 1
14910 1
14910 1
14911 1
14911 1
14911 1
14911 1
14911 1
14911 1
14911 1
14911 1
14911 1
15014 1
15014 1
15014 1
15014 1
15014 1
15014 1
15014 1
15014 1
15014 1
15039 1
15039 1
15039 1
15039 1
15039 1
15039 1
15039 1
15039 1
15039 1
15040 1
15040 1
15040 1
15040 1
15040 1
15040 1
15040 1
15040 1
15040 1
15043 1
15043 1
15043 1
15043 1
15043 1
15043 1
15043 1
15043 1
15043 1
15060 1
15060 1
15060 1
15060 1
15060 1
15060 1
15060 1
15060 1
15060 1
15066 1
15066 1
15066 1
15066 1
15066 1
15066 1
15066 1
15066 1
15066 1
15067 1
15067 1
15067 1
15067 1
15067 1
15067 1
15067 1
15067 1
15067 1
15068 1
15068 1
15068 1
15068 1
15068 1
15068 1
15068 1
15068 1
15068 1
15070 1
15070 1
15070 1
15070 1
15070 1
15070 1
15070 1
15070 1
15070 1
15094 1
15094 1
15094 1
15094 1
15094 1
15094 1
15094 1
15094 1
15094 1
15095 1
15095 1
15095 1
15095 1
15095 1
15095 1
15095 1
15095 1
15095 1
15098 1
15098 1
15098 1
15098 1
15098 1
15098 1
15098 1
15098 1
15098 1
15099 1
15099 1
15099 1
15099 1
15099 1
15099 1
15099 1
15099 1
15099 1
15100 1
15100 1
15100 1
15100 1
15100 1
15100 1
15100 1
15100 1
15100 1
15131 1
15131 1
15131 1
15131 1
15131 1
15131 1
15131 1
15131 1
15131 1
15133 1
15133 1
15133 1
15133 1
15133 1
15133 1
15133 1
15133 1
15133 1
15134 1
15134 1
15134 1
15134 1
15134 1
15134 1
15134 1
15134 1
15134 1
15135 1
15135 1
15135 1
15135 1
15135 1
15135 1
15135 1
15135 1
15135 1
15136 1
15136 1
15136 1
15136 1
15136 1
15136 1
15136 1
15136 1
15136 1
15137 1
15137 1
15137 1
15137 1
15137 1
15137 1
15137 1
15137 1
15137 1
15169 1
15169 1
15169 1
15169 1
15169 1
15169 1
15169 1
15169 1
15169 1
15172 1
15172 1
15172 1
15172 1
15172 1
15172 1
15172 1
15172 1
15172 1
15173 1
15173 1
15173 1
15173 1
15173 1
15173 1
15173 1
15173 1
15173 1
15174 1
15174 1
15174 1
15174 1
15174 1
15174 1
15174 1
15174 1
15174 1
15175 1
15175 1
15175 1
15175 1
15175 1
15175 1
15175 1
15175 1
15175 1
15176 1
15176 1
15176 1
15176 1
15176 1
15176 1
15176 1
15176 1
15176 1
15177 1
15177 1
15177 1
15177 1
15177 1
15177 1
15177 1
15177 1
15177 1
15178 1
15178 1
15178 1
15178 1
15178 1
15178 1
15178 1
15178 1
15178 1
15212 1
15212 1
15212 1
15212 1
15212 1
15212 1
15212 1
15212 1
15212 1
15217 1
15217 1
15217 1
15217 1
15217 1
15217 1
15217 1
15217 1
15217 1
15219 1
15219 1
15219 1
15219 1
15219 1
15219 1
15219 1
15219 1
15219 1
15220 1
15220 1
15220 1
15220 1
15220 1
15220 1
15220 1
15220 1
15220 1
15221 1
15221 1
15221 1
15221 1
15221 1
15221 1
15221 1
15221 1
15221 1
15222 1
15222 1
15222 1
15222 1
15222 1
15222 1
15222 1
15222 1
15222 1
15266 1
15266 1
15266 1
15266 1
15266 1
15266 1
15266 1
15266 1
15266 1
15267 1
15267 1
15267 1
15267 1
15267 1
15267 1
15267 1
15267 1
15267 1
15268 1
15268 1
15268 1
15268 1
15268 1
15268 1
15268 1
15268 1
15268 1
15269 1
15269 1
15269 1
15269 1
15269 1
15269 1
15269 1
15269 1
15269 1
15270 1
15270 1
15270 1
15270 1
15270 1
15270 1
15270 1
15270 1
15270 1
15311 1
15311 1
15311 1
15311 1
15311 1
15311 1
15311 1
15311 1
15311 1
15315 1
15315 1
15315 1
15315 1
15315 1
15315 1
15315 1
15315 1
15315 1
15316 1
15316 1
15316 1
15316 1
15316 1
15316 1
15316 1
15316 1
15316 1
15317 1
15317 1
15317 1
15317 1
15317 1
15317 1
15317 1
15317 1
15317 1
15318 1
15318 1
15318 1
15318 1
15318 1
15318 1
15318 1
15318 1
15318 1
15365 1
15365 1
15365 1
15365 1
15365 1
15365 1
15365 1
15365 1
15365 1
15367 1
15367 1
15367 1
15367 1
15367 1
15367 1
15367 1
15367 1
15367 1
15369 1
15369 1
15369 1
15369 1
15369 1
15369 1
15369 1
15369 1
15369 1
15370 1
15370 1
15370 1
15370 1
15370 1
15370 1
15370 1
15370 1
15370 1
15371 1
15371 1
15371 1
15371 1
15371 1
15371 1
15371 1
15371 1
15371 1
15372 1
15372 1
15372 1
15372 1
15372 1
15372 1
15372 1
15372 1
15372 1
15423 1
15423 1
15423 1
15423 1
15423 1
15423 1
15423 1
15423 1
15423 1
15425 1
15425 1
15425 1
15425 1
15425 1
15425 1
15425 1
15425 1
15425 1
15428 1
15428 1
15428 1
15428 1
15428 1
15428 1
15428 1
15428 1
15428 1
15429 1
15429 1
15429 1
15429 1
15429 1
15429 1
15429 1
15429 1
15429 1
15430 1
15430 1
15430 1
15430 1
15430 1
15430 1
15430 1
15430 1
15430 1
15431 1
15431 1
15431 1
15431 1
15431 1
15431 1
15431 1
15431 1
15431 1
15491 1
15491 1
15491 1
15491 1
15491 1
15491 1
15491 1
15491 1
15491 1
15492 1
15492 1
15492 1
15492 1
15492 1
15492 1
15492 1
15492 1
15492 1
15493 1
15493 1
15493 1
15493 1
15493 1
15493 1
15493 1
15493 1
15493 1
15494 1
15494 1
15494 1
15494 1
15494 1
15494 1
15494 1
15494 1
15494 1
15556 1
15556 1
15556 1
15556 1
15556 1
15556 1
15556 1
15556 1
15556 1
15557 1
15557 1
15557 1
15557 1
15557 1
15557 1
15557 1
15557 1
15557 1
15558 1
15558 1
15558 1
15558 1
15558 1
15558 1
15558 1
15558 1
15558 1
15615 1
15615 1
15615 1
15615 1
15615 1
15615 1
15615 1
15615 1
15615 1
15619 1
15619 1
15619 1
15619 1
15619 1
15619 1
15619 1
15619 1
15619 1
15621 1
15621 1
15621 1
15621 1
15621 1
15621 1
15621 1
15621 1
15621 1
15622 1
15622 1
15622 1
15622 1
15622 1
15622 1
15622 1
15622 1
15622 1
15683 1
15683 1
15683 1
15683 1
15683 1
15683 1
15683 1
15683 1
15683 1
15685 1
15685 1
15685 1
15685 1
15685 1
15685 1
15685 1
15685 1
15685 1
15686 1
15686 1
15686 1
15686 1
15686 1
15686 1
15686 1
15686 1
15686 1
15752 1
15752 1
15752 1
15752 1
15752 1
15752 1
15752 1
15752 1
15752 1
15753 1
15753 1
15753 1
15753 1
15753 1
15753 1
15753 1
15753 1
15753 1
15818 1
15818 1
15818 1
15818 1
15818 1
15818 1
15818 1
15818 1
15818 1
15819 1
15819 1
15819 1
15819 1
15819 1
15819 1
15819 1
15819 1
15819 1
15820 1
15820 1
15820 1
15820 1
15820 1
15820 1
15820 1
15820 1
15820 1
15822 1
15822 1
15822 1
15822 1
15822 1
15822 1
15822 1
15822 1
15822 1
15878 1
15878 1
15878 1
15878 1
15878 1
15878 1
15878 1
15878 1
15878 1
15880 1
15880 1
15880 1
15880 1
15880 1
15880 1
15880 1
15880 1
15880 1
15884 1
15884 1
15884 1
15884 1
15884 1
15884 1
15884 1
15884 1
15884 1
15887 1
15887 1
15887 1
15887 1
15887 1
15887 1
15887 1
15887 1
15887 1
15946 1
15946 1
15946 1
15946 1
15946 1
15946 1
15946 1
15946 1
15946 1
15948 1
15948 1
15948 1
15948 1
15948 1
15948 1
15948 1
15948 1
15948 1
15949 1
15949 1
15949 1
15949 1
15949 1
15949 1
15949 1
15949 1
15949 1
15950 1
15950 1
15950 1
15950 1
15950 1
15950 1
15950 1
15950 1
15950 1
15951 1
15951 1
15951 1
15951 1
15951 1
15951 1
15951 1
15951 1
15951 1
16005 1
16005 1
16005 1
16005 1
16005 1
16005 1
16005 1
16005 1
16005 1
16006 1
16006 1
16006 1
16006 1
16006 1
16006 1
16006 1
16006 1
16006 1
16007 1
16007 1
16007 1
16007 1
16007 1
16007 1
16007 1
16007 1
16007 1
16050 1
16050 1
16050 1
16050 1
16050 1
16050 1
16050 1
16050 1
16050 1
16056 1
16056 1
16056 1
16056 1
16056 1
16056 1
16056 1
16056 1
16056 1
16057 1
16057 1
16057 1
16057 1
16057 1
16057 1
16057 1
16057 1
16057 1
16058 1
16058 1
16058 1
16058 1
16058 1
16058 1
16058 1
16058 1
16058 1
16059 1
16059 1
16059 1
16059 1
16059 1
16059 1
16059 1
16059 1
16059 1
16104 1
16104 1
16104 1
16104 1
16104 1
16104 1
16104 1
16104 1
16104 1
16105 1
16105 1
16105 1
16105 1
16105 1
16105 1
16105 1
16105 1
16105 1
16106 1
16106 1
16106 1
16106 1
16106 1
16106 1
16106 1
16106 1
16106 1
16107 1
16107 1
16107 1
16107 1
16107 1
16107 1
16107 1
16107 1
16107 1
16149 1
16149 1
16149 1
16149 1
16149 1
16149 1
16149 1
16149 1
16149 1
16151 1
16151 1
16151 1
16151 1
16151 1
16151 1
16151 1
16151 1
16151 1
16152 1
16152 1
16152 1
16152 1
16152 1
16152 1
16152 1
16152 1
16152 1
16153 1
16153 1
16153 1
16153 1
16153 1
16153 1
16153 1
16153 1
16153 1
16155 1
16155 1
16155 1
16155 1
16155 1
16155 1
16155 1
16155 1
16155 1
16180 1
16180 1
16180 1
16180 1
16180 1
16180 1
16180 1
16180 1
16180 1
16198 1
16198 1
16198 1
16198 1
16198 1
16198 1
16198 1
16198 1
16198 1
16199 1
16199 1
16199 1
16199 1
16199 1
16199 1
16199 1
16199 1
16199 1
16200 1
16200 1
16200 1
16200 1
16200 1
16200 1
16200 1
16200 1
16200 1
16201 1
16201 1
16201 1
16201 1
16201 1
16201 1
16201 1
16201 1
16201 1
16202 1
16202 1
16202 1
16202 1
16202 1
16202 1
16202 1
16202 1
16202 1
16224 1
16224 1
16224 1
16224 1
16224 1
16224 1
16224 1
16224 1
16224 1
16227 1
16227 1
16227 1
16227 1
16227 1
16227 1
16227 1
16227 1
16227 1
16241 1
16241 1
16241 1
16241 1
16241 1
16241 1
16241 1
16241 1
16241 1
16242 1
16242 1
16242 1
16242 1
16242 1
16242 1
16242 1
16242 1
16242 1
16245 1
16245 1
16245 1
16245 1
16245 1
16245 1
16245 1
16245 1
16245 1
16246 1
16246 1
16246 1
16246 1
16246 1
16246 1
16246 1
16246 1
16246 1
16248 1
16248 1
16248 1
16248 1
16248 1
16248 1
16248 1
16248 1
16248 1
16273 1
16273 1
16273 1
16273 1
16273 1
16273 1
16273 1
16273 1
16273 1
16291 1
16291 1
16291 1
16291 1
16291 1
16291 1
16291 1
16291 1
16291 1
16294 1
16294 1
16294 1
16294 1
16294 1
16294 1
16294 1
16294 1
16294 1
16334 1
16334 1
16334 1
16334 1
16334 1
16334 1
16334 1
16334 1
16334 1
16336 1
16336 1
16336 1
16336 1
16336 1
16336 1
16336 1
16336 1
16336 1
16337 1
16337 1
16337 1
16337 1
16337 1
16337 1
16337 1
16337 1
16337 1
16339 1
16339 1
16339 1
16339 1
16339 1
16339 1
16339 1
16339 1
16339 1
16340 1
16340 1
16340 1
16340 1
16340 1
16340 1
16340 1
16340 1
16340 1
16341 1
16341 1
16341 1
16341 1
16341 1
16341 1
16341 1
16341 1
16341 1
16361 1
16361 1
16361 1
16361 1
16361 1
16361 1
16361 1
16361 1
16361 1
16370 1
16370 1
16370 1
16370 1
16370 1
16370 1
16370 1
16370 1
16370 1
16379 1
16379 1
16379 1
16379 1
16379 1
16379 1
16379 1
16379 1
16379 1
16382 1
16382 1
16382 1
16382 1
16382 1
16382 1
16382 1
16382 1
16382 1
16408 1
16408 1
16408 1
16408 1
16408 1
16408 1
16408 1
16408 1
16408 1
16413 1
16413 1
16413 1
16413 1
16413 1
16413 1
16413 1
16413 1
16413 1
16414 1
16414 1
16414 1
16414 1
16414 1
16414 1
16414 1
16414 1
16414 1
16425 1
16425 1
16425 1
16425 1
16425 1
16425 1
16425 1
16425 1
16425 1
16426 1
16426 1
16426 1
16426 1
16426 1
16426 1
16426 1
16426 1
16426 1
16452 1
16452 1
16452 1
16452 1
16452 1
16452 1
16452 1
16452 1
16452 1
16463 1
16463 1
16463 1
16463 1
16463 1
16463 1
16463 1
16463 1
16463 1
16465 1
16465 1
16465 1
16465 1
16465 1
16465 1
16465 1
16465 1
16465 1
16466 1
16466 1
16466 1
16466 1
16466 1
16466 1
16466 1
16466 1
16466 1
16489 1
16489 1
16489 1
16489 1
16489 1
16489 1
16489 1
16489 1
16489 1
16491 1
16491 1
16491 1
16491 1
16491 1
16491 1
16491 1
16491 1
16491 1
16494 1
16494 1
16494 1
16494 1
16494 1
16494 1
16494 1
16494 1
16494 1
16497 1
16497 1
16497 1
16497 1
16497 1
16497 1
16497 1
16497 1
16497 1
16498 1
16498 1
16498 1
16498 1
16498 1
16498 1
16498 1
16498 1
16498 1
16513 1
16513 1
16513 1
16513 1
16513 1
16513 1
16513 1
16513 1
16513 1
16515 1
16515 1
16515 1
16515 1
16515 1
16515 1
16515 1
16515 1
16515 1
16540 1
16540 1
16540 1
16540 1
16540 1
16540 1
16540 1
16540 1
16540 1
16544 1
16544 1
16544 1
16544 1
16544 1
16544 1
16544 1
16544 1
16544 1
16558 1
16558 1
16558 1
16558 1
16558 1
16558 1
16558 1
16558 1
16558 1
16584 1
16584 1
16584 1
16584 1
16584 1
16584 1
16584 1
16584 1
16584 1
16600 1
16600 1
16600 1
16600 1
16600 1
16600 1
16600 1
16600 1
16600 1
16601 1
16601 1
16601 1
16601 1
16601 1
16601 1
16601 1
16601 1
16601 1
16634 1
16634 1
16634 1
16634 1
16634 1
16634 1
16634 1
16634 1
16634 1
16644 1
16644 1
16644 1
16644 1
16644 1
16644 1
16644 1
16644 1
16644 1
16645 1
16645 1
16645 1
16645 1
16645 1
16645 1
16645 1
16645 1
16645 1
16673 1
16673 1
16673 1
16673 1
16673 1
16673 1
16673 1
16673 1
16673 1
16675 1
16675 1
16675 1
16675 1
16675 1
16675 1
16675 1
16675 1
16675 1
16678 1
16678 1
16678 1
16678 1
16678 1
16678 1
16678 1
16678 1
16678 1
16714 1
16714 1
16714 1
16714 1
16714 1
16714 1
16714 1
16714 1
16714 1
16717 1
16717 1
16717 1
16717 1
16717 1
16717 1
16717 1
16717 1
16717 1
16722 1
16722 1
16722 1
16722 1
16722 1
16722 1
16722 1
16722 1
16722 1
16726 1
16726 1
16726 1
16726 1
16726 1
16726 1
16726 1
16726 1
16726 1
16763 1
16763 1
16763 1
16763 1
16763 1
16763 1
16763 1
16763 1
16763 1
16764 1
16764 1
16764 1
16764 1
16764 1
16764 1
16764 1
16764 1
16764 1
16770 1
16770 1
16770 1
16770 1
16770 1
16770 1
16770 1
16770 1
16770 1
16780 1
16780 1
16780 1
16780 1
16780 1
16780 1
16780 1
16780 1
16780 1
16781 1
16781 1
16781 1
16781 1
16781 1
16781 1
16781 1
16781 1
16781 1
16782 1
16782 1
16782 1
16782 1
16782 1
16782 1
16782 1
16782 1
16782 1
16820 1
16820 1
16820 1
16820 1
16820 1
16820 1
16820 1
16820 1
16820 1
16830 1
16830 1
16830 1
16830 1
16830 1
16830 1
16830 1
16830 1
16830 1
16857 1
16857 1
16857 1
16857 1
16857 1
16857 1
16857 1
16857 1
16857 1
16868 1
16868 1
16868 1
16868 1
16868 1
16868 1
16868 1
16868 1
16868 1
16873 1
16873 1
16873 1
16873 1
16873 1
16873 1
16873 1
16873 1
16873 1
16875 1
16875 1
16875 1
16875 1
16875 1
16875 1
16875 1
16875 1
16875 1
16876 1
16876 1
16876 1
16876 1
16876 1
16876 1
16876 1
16876 1
16876 1
16879 1
16879 1
16879 1
16879 1
16879 1
16879 1
16879 1
16879 1
16879 1
16906 1
16906 1
16906 1
16906 1
16906 1
16906 1
16906 1
16906 1
16906 1
16949 1
16949 1
16949 1
16949 1
16949 1
16949 1
16949 1
16949 1
16949 1
16954 1
16954 1
16954 1
16954 1
16954 1
16954 1
16954 1
16954 1
16954 1
16956 1
16956 1
16956 1
16956 1
16956 1
16956 1
16956 1
16956 1
16956 1
16959 1
16959 1
16959 1
16959 1
16959 1
16959 1
16959 1
16959 1
16959 1
16965 1
16965 1
16965 1
16965 1
16965 1
16965 1
16965 1
16965 1
16965 1
17000 1
17000 1
17000 1
17000 1
17000 1
17000 1
17000 1
17000 1
17000 1
17008 1
17008 1
17008 1
17008 1
17008 1
17008 1
17008 1
17008 1
17008 1
17035 1
17035 1
17035 1
17035 1
17035 1
17035 1
17035 1
17035 1
17035 1
17036 1
17036 1
17036 1
17036 1
17036 1
17036 1
17036 1
17036 1
17036 1
17043 1
17043 1
17043 1
17043 1
17043 1
17043 1
17043 1
17043 1
17043 1
17044 1
17044 1
17044 1
17044 1
17044 1
17044 1
17044 1
17044 1
17044 1
17045 1
17045 1
17045 1
17045 1
17045 1
17045 1
17045 1
17045 1
17045 1
17047 1
17047 1
17047 1
17047 1
17047 1
17047 1
17047 1
17047 1
17047 1
17049 1
17049 1
17049 1
17049 1
17049 1
17049 1
17049 1
17049 1
17049 1
17075 1
17075 1
17075 1
17075 1
17075 1
17075 1
17075 1
17075 1
17075 1
17082 1
17082 1
17082 1
17082 1
17082 1
17082 1
17082 1
17082 1
17082 1
17121 1
17121 1
17121 1
17121 1
17121 1
17121 1
17121 1
17121 1
17121 1
17122 1
17122 1
17122 1
17122 1
17122 1
17122 1
17122 1
17122 1
17122 1
17123 1
17123 1
17123 1
17123 1
17123 1
17123 1
17123 1
17123 1
17123 1
17164 1
17164 1
17164 1
17164 1
17164 1
17164 1
17164 1
17164 1
17164 1
17165 1
17165 1
17165 1
17165 1
17165 1
17165 1
17165 1
17165 1
17165 1
17166 1
17166 1
17166 1
17166 1
17166 1
17166 1
17166 1
17166 1
17166 1
17168 1
17168 1
17168 1
17168 1
17168 1
17168 1
17168 1
17168 1
17168 1
17203 1
17203 1
17203 1
17203 1
17203 1
17203 1
17203 1
17203 1
17203 1
17204 1
17204 1
17204 1
17204 1
17204 1
17204 1
17204 1
17204 1
17204 1
17205 1
17205 1
17205 1
17205 1
17205 1
17205 1
17205 1
17205 1
17205 1
17208 1
17208 1
17208 1
17208 1
17208 1
17208 1
17208 1
17208 1
17208 1
17210 1
17210 1
17210 1
17210 1
17210 1
17210 1
17210 1
17210 1
17210 1
17213 1
17213 1
17213 1
17213 1
17213 1
17213 1
17213 1
17213 1
17213 1
17244 1
17244 1
17244 1
17244 1
17244 1
17244 1
17244 1
17244 1
17244 1
17245 1
17245 1
17245 1
17245 1
17245 1
17245 1
17245 1
17245 1
17245 1
17247 1
17247 1
17247 1
17247 1
17247 1
17247 1
17247 1
17247 1
17247 1
17248 1
17248 1
17248 1
17248 1
17248 1
17248 1
17248 1
17248 1
17248 1
17282 1
17282 1
17282 1
17282 1
17282 1
17282 1
17282 1
17282 1
17282 1
17283 1
17283 1
17283 1
17283 1
17283 1
17283 1
17283 1
17283 1
17283 1
17285 1
17285 1
17285 1
17285 1
17285 1
17285 1
17285 1
17285 1
17285 1
17286 1
17286 1
17286 1
17286 1
17286 1
17286 1
17286 1
17286 1
17286 1
17287 1
17287 1
17287 1
17287 1
17287 1
17287 1
17287 1
17287 1
17287 1
17288 1
17288 1
17288 1
17288 1
17288 1
17288 1
17288 1
17288 1
17288 1
17289 1
17289 1
17289 1
17289 1
17289 1
17289 1
17289 1
17289 1
17289 1
17293 1
17293 1
17293 1
17293 1
17293 1
17293 1
17293 1
17293 1
17293 1
17316 1
17316 1
17316 1
17316 1
17316 1
17316 1
17316 1
17316 1
17316 1
17320 1
17320 1
17320 1
17320 1
17320 1
17320 1
17320 1
17320 1
17320 1
17321 1
17321 1
17321 1
17321 1
17321 1
17321 1
17321 1
17321 1
17321 1
17322 1
17322 1
17322 1
17322 1
17322 1
17322 1
17322 1
17322 1
17322 1
17325 1
17325 1
17325 1
17325 1
17325 1
17325 1
17325 1
17325 1
17325 1
17326 1
17326 1
17326 1
17326 1
17326 1
17326 1
17326 1
17326 1
17326 1
17329 1
17329 1
17329 1
17329 1
17329 1
17329 1
17329 1
17329 1
17329 1
17330 1
17330 1
17330 1
17330 1
17330 1
17330 1
17330 1
17330 1
17330 1
17347 1
17347 1
17347 1
17347 1
17347 1
17347 1
17347 1
17347 1
17347 1
17353 1
17353 1
17353 1
17353 1
17353 1
17353 1
17353 1
17353 1
17353 1
17354 1
17354 1
17354 1
17354 1
17354 1
17354 1
17354 1
17354 1
17354 1
17355 1
17355 1
17355 1
17355 1
17355 1
17355 1
17355 1
17355 1
17355 1
17356 1
17356 1
17356 1
17356 1
17356 1
17356 1
17356 1
17356 1
17356 1
17357 1
17357 1
17357 1
17357 1
17357 1
17357 1
17357 1
17357 1
17357 1
17386 1
17386 1
17386 1
17386 1
17386 1
17386 1
17386 1
17386 1
17386 1
17387 1
17387 1
17387 1
17387 1
17387 1
17387 1
17387 1
17387 1
17387 1
17388 1
17388 1
17388 1
17388 1
17388 1
17388 1
17388 1
17388 1
17388 1
17389 1
17389 1
17389 1
17389 1
17389 1
17389 1
17389 1
17389 1
17389 1
17393 1
17393 1
17393 1
17393 1
17393 1
17393 1
17393 1
17393 1
17393 1
17395 1
17395 1
17395 1
17395 1
17395 1
17395 1
17395 1
17395 1
17395 1
17396 1
17396 1
17396 1
17396 1
17396 1
17396 1
17396 1
17396 1
17396 1
17419 1
17419 1
17419 1
17419 1
17419 1
17419 1
17419 1
17419 1
17419 1
17420 1
17420 1
17420 1
17420 1
17420 1
17420 1
17420 1
17420 1
17420 1
17421 1
17421 1
17421 1
17421 1
17421 1
17421 1
17421 1
17421 1
17421 1
17422 1
17422 1
17422 1
17422 1
17422 1
17422 1
17422 1
17422 1
17422 1
17424 1
17424 1
17424 1
17424 1
17424 1
17424 1
17424 1
17424 1
17424 1
17428 1
17428 1
17428 1
17428 1
17428 1
17428 1
17428 1
17428 1
17428 1
17453 1
17453 1
17453 1
17453 1
17453 1
17453 1
17453 1
17453 1
17453 1
17454 1
17454 1
17454 1
17454 1
17454 1
17454 1
17454 1
17454 1
17454 1
17456 1
17456 1
17456 1
17456 1
17456 1
17456 1
17456 1
17456 1
17456 1
17457 1
17457 1
17457 1
17457 1
17457 1
17457 1
17457 1
17457 1
17457 1
17461 1
17461 1
17461 1
17461 1
17461 1
17461 1
17461 1
17461 1
17461 1
17488 1
17488 1
17488 1
17488 1
17488 1
17488 1
17488 1
17488 1
17488 1
17490 1
17490 1
17490 1
17490 1
17490 1
17490 1
17490 1
17490 1
17490 1
17491 1
17491 1
17491 1
17491 1
17491 1
17491 1
17491 1
17491 1
17491 1
17493 1
17493 1
17493 1
17493 1
17493 1
17493 1
17493 1
17493 1
17493 1
17522 1
17522 1
17522 1
17522 1
17522 1
17522 1
17522 1
17522 1
17522 1
17523 1
17523 1
17523 1
17523 1
17523 1
17523 1
17523 1
17523 1
17523 1
17524 1
17524 1
17524 1
17524 1
17524 1
17524 1
17524 1
17524 1
17524 1
17525 1
17525 1
17525 1
17525 1
17525 1
17525 1
17525 1
17525 1
17525 1
17526 1
17526 1
17526 1
17526 1
17526 1
17526 1
17526 1
17526 1
17526 1
17527 1
17527 1
17527 1
17527 1
17527 1
17527 1
17527 1
17527 1
17527 1
17539 1
17539 1
17539 1
17539 1
17539 1
17539 1
17539 1
17539 1
17539 1
17562 1
17562 1
17562 1
17562 1
17562 1
17562 1
17562 1
17562 1
17562 1
17563 1
17563 1
17563 1
17563 1
17563 1
17563 1
17563 1
17563 1
17563 1
17565 1
17565 1
17565 1
17565 1
17565 1
17565 1
17565 1
17565 1
17565 1
17567 1
17567 1
17567 1
17567 1
17567 1
17567 1
17567 1
17567 1
17567 1
17568 1
17568 1
17568 1
17568 1
17568 1
17568 1
17568 1
17568 1
17568 1
17572 1
17572 1
17572 1
17572 1
17572 1
17572 1
17572 1
17572 1
17572 1
17580 1
17580 1
17580 1
17580 1
17580 1
17580 1
17580 1
17580 1
17580 1
17581 1
17581 1
17581 1
17581 1
17581 1
17581 1
17581 1
17581 1
17581 1
17603 1
17603 1
17603 1
17603 1
17603 1
17603 1
17603 1
17603 1
17603 1
17604 1
17604 1
17604 1
17604 1
17604 1
17604 1
17604 1
17604 1
17604 1
17606 1
17606 1
17606 1
17606 1
17606 1
17606 1
17606 1
17606 1
17606 1
17607 1
17607 1
17607 1
17607 1
17607 1
17607 1
17607 1
17607 1
17607 1
17610 1
17610 1
17610 1
17610 1
17610 1
17610 1
17610 1
17610 1
17610 1
17611 1
17611 1
17611 1
17611 1
17611 1
17611 1
17611 1
17611 1
17611 1
17621 1
17621 1
17621 1
17621 1
17621 1
17621 1
17621 1
17621 1
17621 1
17646 1
17646 1
17646 1
17646 1
17646 1
17646 1
17646 1
17646 1
17646 1
17650 1
17650 1
17650 1
17650 1
17650 1
17650 1
17650 1
17650 1
17650 1
17652 1
17652 1
17652 1
17652 1
17652 1
17652 1
17652 1
17652 1
17652 1
17660 1
17660 1
17660 1
17660 1
17660 1
17660 1
17660 1
17660 1
17660 1
17663 1
17663 1
17663 1
17663 1
17663 1
17663 1
17663 1
17663 1
17663 1
17664 1
17664 1
17664 1
17664 1
17664 1
17664 1
17664 1
17664 1
17664 1
17665 1
17665 1
17665 1
17665 1
17665 1
17665 1
17665 1
17665 1
17665 1
17666 1
17666 1
17666 1
17666 1
17666 1
17666 1
17666 1
17666 1
17666 1
17694 1
17694 1
17694 1
17694 1
17694 1
17694 1
17694 1
17694 1
17694 1
17696 1
17696 1
17696 1
17696 1
17696 1
17696 1
17696 1
17696 1
17696 1
17697 1
17697 1
17697 1
17697 1
17697 1
17697 1
17697 1
17697 1
17697 1
17700 1
17700 1
17700 1
17700 1
17700 1
17700 1
17700 1
17700 1
17700 1
17701 1
17701 1
17701 1
17701 1
17701 1
17701 1
17701 1
17701 1
17701 1
17703 1
17703 1
17703 1
17703 1
17703 1
17703 1
17703 1
17703 1
17703 1
17708 1
17708 1
17708 1
17708 1
17708 1
17708 1
17708 1
17708 1
17708 1
17741 1
17741 1
17741 1
17741 1
17741 1
17741 1
17741 1
17741 1
17741 1
17743 1
17743 1
17743 1
17743 1
17743 1
17743 1
17743 1
17743 1
17743 1
17744 1
17744 1
17744 1
17744 1
17744 1
17744 1
17744 1
17744 1
17744 1
17746 1
17746 1
17746 1
17746 1
17746 1
17746 1
17746 1
17746 1
17746 1
17748 1
17748 1
17748 1
17748 1
17748 1
17748 1
17748 1
17748 1
17748 1
17749 1
17749 1
17749 1
17749 1
17749 1
17749 1
17749 1
17749 1
17749 1
17750 1
17750 1
17750 1
17750 1
17750 1
17750 1
17750 1
17750 1
17750 1
17751 1
17751 1
17751 1
17751 1
17751 1
17751 1
17751 1
17751 1
17751 1
17754 1
17754 1
17754 1
17754 1
17754 1
17754 1
17754 1
17754 1
17754 1
17755 1
17755 1
17755 1
17755 1
17755 1
17755 1
17755 1
17755 1
17755 1
17756 1
17756 1
17756 1
17756 1
17756 1
17756 1
17756 1
17756 1
17756 1
17757 1
17757 1
17757 1
17757 1
17757 1
17757 1
17757 1
17757 1
17757 1
17790 1
17790 1
17790 1
17790 1
17790 1
17790 1
17790 1
17790 1
17790 1
17791 1
17791 1
17791 1
17791 1
17791 1
17791 1
17791 1
17791 1
17791 1
17792 1
17792 1
17792 1
17792 1
17792 1
17792 1
17792 1
17792 1
17792 1
17794 1
17794 1
17794 1
17794 1
17794 1
17794 1
17794 1
17794 1
17794 1
17798 1
17798 1
17798 1
17798 1
17798 1
17798 1
17798 1
17798 1
17798 1
17833 1
17833 1
17833 1
17833 1
17833 1
17833 1
17833 1
17833 1
17833 1
17835 1
17835 1
17835 1
17835 1
17835 1
17835 1
17835 1
17835 1
17835 1
17836 1
17836 1
17836 1
17836 1
17836 1
17836 1
17836 1
17836 1
17836 1
17837 1
17837 1
17837 1
17837 1
17837 1
17837 1
17837 1
17837 1
17837 1
17838 1
17838 1
17838 1
17838 1
17838 1
17838 1
17838 1
17838 1
17838 1
17840 1
17840 1
17840 1
17840 1
17840 1
17840 1
17840 1
17840 1
17840 1
17841 1
17841 1
17841 1
17841 1
17841 1
17841 1
17841 1
17841 1
17841 1
17846 1
17846 1
17846 1
17846 1
17846 1
17846 1
17846 1
17846 1
17846 1
17879 1
17879 1
17879 1
17879 1
17879 1
17879 1
17879 1
17879 1
17879 1
17880 1
17880 1
17880 1
17880 1
17880 1
17880 1
17880 1
17880 1
17880 1
17882 1
17882 1
17882 1
17882 1
17882 1
17882 1
17882 1
17882 1
17882 1
17883 1
17883 1
17883 1
17883 1
17883 1
17883 1
17883 1
17883 1
17883 1
17887 1
17887 1
17887 1
17887 1
17887 1
17887 1
17887 1
17887 1
17887 1
17888 1
17888 1
17888 1
17888 1
17888 1
17888 1
17888 1
17888 1
17888 1
17889 1
17889 1
17889 1
17889 1
17889 1
17889 1
17889 1
17889 1
17889 1
17893 1
17893 1
17893 1
17893 1
17893 1
17893 1
17893 1
17893 1
17893 1
17924 1
17924 1
17924 1
17924 1
17924 1
17924 1
17924 1
17924 1
17924 1
17926 1
17926 1
17926 1
17926 1
17926 1
17926 1
17926 1
17926 1
17926 1
17929 1
17929 1
17929 1
17929 1
17929 1
17929 1
17929 1
17929 1
17929 1
17930 1
17930 1
17930 1
17930 1
17930 1
17930 1
17930 1
17930 1
17930 1
17931 1
17931 1
17931 1
17931 1
17931 1
17931 1
17931 1
17931 1
17931 1
17932 1
17932 1
17932 1
17932 1
17932 1
17932 1
17932 1
17932 1
17932 1
17933 1
17933 1
17933 1
17933 1
17933 1
17933 1
17933 1
17933 1
17933 1
17934 1
17934 1
17934 1
17934 1
17934 1
17934 1
17934 1
17934 1
17934 1
17935 1
17935 1
17935 1
17935 1
17935 1
17935 1
17935 1
17935 1
17935 1
17936 1
17936 1
17936 1
17936 1
17936 1
17936 1
17936 1
17936 1
17936 1
17939 1
17939 1
17939 1
17939 1
17939 1
17939 1
17939 1
17939 1
17939 1
17941 1
17941 1
17941 1
17941 1
17941 1
17941 1
17941 1
17941 1
17941 1
17974 1
17974 1
17974 1
17974 1
17974 1
17974 1
17974 1
17974 1
17974 1
17976 1
17976 1
17976 1
17976 1
17976 1
17976 1
17976 1
17976 1
17976 1
17977 1
17977 1
17977 1
17977 1
17977 1
17977 1
17977 1
17977 1
17977 1
17978 1
17978 1
17978 1
17978 1
17978 1
17978 1
17978 1
17978 1
17978 1
17982 1
17982 1
17982 1
17982 1
17982 1
17982 1
17982 1
17982 1
17982 1
17983 1
17983 1
17983 1
17983 1
17983 1
17983 1
17983 1
17983 1
17983 1
17987 1
17987 1
17987 1
17987 1
17987 1
17987 1
17987 1
17987 1
17987 1
18020 1
18020 1
18020 1
18020 1
18020 1
18020 1
18020 1
18020 1
18020 1
18021 1
18021 1
18021 1
18021 1
18021 1
18021 1
18021 1
18021 1
18021 1
18022 1
18022 1
18022 1
18022 1
18022 1
18022 1
18022 1
18022 1
18022 1
18023 1
18023 1
18023 1
18023 1
18023 1
18023 1
18023 1
18023 1
18023 1
18026 1
18026 1
18026 1
18026 1
18026 1
18026 1
18026 1
18026 1
18026 1
18034 1
18034 1
18034 1
18034 1
18034 1
18034 1
18034 1
18034 1
18034 1
18035 1
18035 1
18035 1
18035 1
18035 1
18035 1
18035 1
18035 1
18035 1
18067 1
18067 1
18067 1
18067 1
18067 1
18067 1
18067 1
18067 1
18067 1
18069 1
18069 1
18069 1
18069 1
18069 1
18069 1
18069 1
18069 1
18069 1
18075 1
18075 1
18075 1
18075 1
18075 1
18075 1
18075 1
18075 1
18075 1
18079 1
18079 1
18079 1
18079 1
18079 1
18079 1
18079 1
18079 1
18079 1
18080 1
18080 1
18080 1
18080 1
18080 1
18080 1
18080 1
18080 1
18080 1
18112 1
18112 1
18112 1
18112 1
18112 1
18112 1
18112 1
18112 1
18112 1
18113 1
18113 1
18113 1
18113 1
18113 1
18113 1
18113 1
18113 1
18113 1
18115 1
18115 1
18115 1
18115 1
18115 1
18115 1
18115 1
18115 1
18115 1
18117 1
18117 1
18117 1
18117 1
18117 1
18117 1
18117 1
18117 1
18117 1
18119 1
18119 1
18119 1
18119 1
18119 1
18119 1
18119 1
18119 1
18119 1
18120 1
18120 1
18120 1
18120 1
18120 1
18120 1
18120 1
18120 1
18120 1
18121 1
18121 1
18121 1
18121 1
18121 1
18121 1
18121 1
18121 1
18121 1
18122 1
18122 1
18122 1
18122 1
18122 1
18122 1
18122 1
18122 1
18122 1
18123 1
18123 1
18123 1
18123 1
18123 1
18123 1
18123 1
18123 1
18123 1
18161 1
18161 1
18161 1
18161 1
18161 1
18161 1
18161 1
18161 1
18161 1
18165 1
18165 1
18165 1
18165 1
18165 1
18165 1
18165 1
18165 1
18165 1
18166 1
18166 1
18166 1
18166 1
18166 1
18166 1
18166 1
18166 1
18166 1
18171 1
18171 1
18171 1
18171 1
18171 1
18171 1
18171 1
18171 1
18171 1
18176 1
18176 1
18176 1
18176 1
18176 1
18176 1
18176 1
18176 1
18176 1
18212 1
18212 1
18212 1
18212 1
18212 1
18212 1
18212 1
18212 1
18212 1
18213 1
18213 1
18213 1
18213 1
18213 1
18213 1
18213 1
18213 1
18213 1
18217 1
18217 1
18217 1
18217 1
18217 1
18217 1
18217 1
18217 1
18217 1
18218 1
18218 1
18218 1
18218 1
18218 1
18218 1
18218 1
18218 1
18218 1
18221 1
18221 1
18221 1
18221 1
18221 1
18221 1
18221 1
18221 1
18221 1
18225 1
18225 1
18225 1
18225 1
18225 1
18225 1
18225 1
18225 1
18225 1
18259 1
18259 1
18259 1
18259 1
18259 1
18259 1
18259 1
18259 1
18259 1
18260 1
18260 1
18260 1
18260 1
18260 1
18260 1
18260 1
18260 1
18260 1
18261 1
18261 1
18261 1
18261 1
18261 1
18261 1
18261 1
18261 1
18261 1
18262 1
18262 1
18262 1
18262 1
18262 1
18262 1
18262 1
18262 1
18262 1
18263 1
18263 1
18263 1
18263 1
18263 1
18263 1
18263 1
18263 1
18263 1
18264 1
18264 1
18264 1
18264 1
18264 1
18264 1
18264 1
18264 1
18264 1
18266 1
18266 1
18266 1
18266 1
18266 1
18266 1
18266 1
18266 1
18266 1
18267 1
18267 1
18267 1
18267 1
18267 1
18267 1
18267 1
18267 1
18267 1
18268 1
18268 1
18268 1
18268 1
18268 1
18268 1
18268 1
18268 1
18268 1
18269 1
18269 1
18269 1
18269 1
18269 1
18269 1
18269 1
18269 1
18269 1
18270 1
18270 1
18270 1
18270 1
18270 1
18270 1
18270 1
18270 1
18270 1
18306 1
18306 1
18306 1
18306 1
18306 1
18306 1
18306 1
18306 1
18306 1
18307 1
18307 1
18307 1
18307 1
18307 1
18307 1
18307 1
18307 1
18307 1
18308 1
18308 1
18308 1
18308 1
18308 1
18308 1
18308 1
18308 1
18308 1
18309 1
18309 1
18309 1
18309 1
18309 1
18309 1
18309 1
18309 1
18309 1
18311 1
18311 1
18311 1
18311 1
18311 1
18311 1
18311 1
18311 1
18311 1
18312 1
18312 1
18312 1
18312 1
18312 1
18312 1
18312 1
18312 1
18312 1
18313 1
18313 1
18313 1
18313 1
18313 1
18313 1
18313 1
18313 1
18313 1
18314 1
18314 1
18314 1
18314 1
18314 1
18314 1
18314 1
18314 1
18314 1
18315 1
18315 1
18315 1
18315 1
18315 1
18315 1
18315 1
18315 1
18315 1
18316 1
18316 1
18316 1
18316 1
18316 1
18316 1
18316 1
18316 1
18316 1
18349 1
18349 1
18349 1
18349 1
18349 1
18349 1
18349 1
18349 1
18349 1
18350 1
18350 1
18350 1
18350 1
18350 1
18350 1
18350 1
18350 1
18350 1
18351 1
18351 1
18351 1
18351 1
18351 1
18351 1
18351 1
18351 1
18351 1
18352 1
18352 1
18352 1
18352 1
18352 1
18352 1
18352 1
18352 1
18352 1
18353 1
18353 1
18353 1
18353 1
18353 1
18353 1
18353 1
18353 1
18353 1
18354 1
18354 1
18354 1
18354 1
18354 1
18354 1
18354 1
18354 1
18354 1
18355 1
18355 1
18355 1
18355 1
18355 1
18355 1
18355 1
18355 1
18355 1
18356 1
18356 1
18356 1
18356 1
18356 1
18356 1
18356 1
18356 1
18356 1
18357 1
18357 1
18357 1
18357 1
18357 1
18357 1
18357 1
18357 1
18357 1
18388 1
18388 1
18388 1
18388 1
18388 1
18388 1
18388 1
18388 1
18388 1
18389 1
18389 1
18389 1
18389 1
18389 1
18389 1
18389 1
18389 1
18389 1
18390 1
18390 1
18390 1
18390 1
18390 1
18390 1
18390 1
18390 1
18390 1
18422 1
18422 1
18422 1
18422 1
18422 1
18422 1
18422 1
18422 1
18422 1
18423 1
18423 1
18423 1
18423 1
18423 1
18423 1
18423 1
18423 1
18423 1
18424 1
18424 1
18424 1
18424 1
18424 1
18424 1
18424 1
18424 1
18424 1
18457 1
18457 1
18457 1
18457 1
18457 1
18457 1
18457 1
18457 1
18457 1
18458 1
18458 1
18458 1
18458 1
18458 1
18458 1
18458 1
18458 1
18458 1
18459 1
18459 1
18459 1
18459 1
18459 1
18459 1
18459 1
18459 1
18459 1
18460 1
18460 1
18460 1
18460 1
18460 1
18460 1
18460 1
18460 1
18460 1
18461 1
18461 1
18461 1
18461 1
18461 1
18461 1
18461 1
18461 1
18461 1
18491 1
18491 1
18491 1
18491 1
18491 1
18491 1
18491 1
18491 1
18491 1
18492 1
18492 1
18492 1
18492 1
18492 1
18492 1
18492 1
18492 1
18492 1
18493 1
18493 1
18493 1
18493 1
18493 1
18493 1
18493 1
18493 1
18493 1
18494 1
18494 1
18494 1
18494 1
18494 1
18494 1
18494 1
18494 1
18494 1
18523 1
18523 1
18523 1
18523 1
18523 1
18523 1
18523 1
18523 1
18523 1
18524 1
18524 1
18524 1
18524 1
18524 1
18524 1
18524 1
18524 1
18524 1
