pt_graph cpue_kghour
12240 1.15
12240 0
12240 3.65
12240 2.16
12240 2
12240 2.89
12240 0
12240 0.05
12240 0.05
12242 1.15
12242 0
12242 3.65
12242 2.16
12242 2
12242 2.89
12242 0
12242 0.05
12242 0.05
12368 1.15
12368 0
12368 3.65
12368 2.16
12368 2
12368 2.89
12368 0
12368 0.05
12368 0.05
12370 1.15
12370 0
12370 3.65
12370 2.16
12370 2
12370 2.89
12370 0
12370 0.05
12370 0.05
12498 1.15
12498 0
12498 3.65
12498 2.16
12498 2
12498 2.89
12498 0
12498 0.05
12498 0.05
12501 1.15
12501 0
12501 3.65
12501 2.16
12501 2
12501 2.89
12501 0
12501 0.05
12501 0.05
12628 1.15
12628 0
12628 3.65
12628 2.16
12628 2
12628 2.89
12628 0
12628 0.05
12628 0.05
12629 1.15
12629 0
12629 3.65
12629 2.16
12629 2
12629 2.89
12629 0
12629 0.05
12629 0.05
12630 1.15
12630 0
12630 3.65
12630 2.16
12630 2
12630 2.89
12630 0
12630 0.05
12630 0.05
12640 1.15
12640 0
12640 3.65
12640 2.16
12640 2
12640 2.89
12640 0
12640 0.05
12640 0.05
12641 1.15
12641 0
12641 3.65
12641 2.16
12641 2
12641 2.89
12641 0
12641 0.05
12641 0.05
12642 1.15
12642 0
12642 3.65
12642 2.16
12642 2
12642 2.89
12642 0
12642 0.05
12642 0.05
12644 1.15
12644 0
12644 3.65
12644 2.16
12644 2
12644 2.89
12644 0
12644 0.05
12644 0.05
12759 1.15
12759 0
12759 3.65
12759 2.16
12759 2
12759 2.89
12759 0
12759 0.05
12759 0.05
12761 1.15
12761 0
12761 3.65
12761 2.16
12761 2
12761 2.89
12761 0
12761 0.05
12761 0.05
12762 1.15
12762 0
12762 3.65
12762 2.16
12762 2
12762 2.89
12762 0
12762 0.05
12762 0.05
12763 1.15
12763 0
12763 3.65
12763 2.16
12763 2
12763 2.89
12763 0
12763 0.05
12763 0.05
12862 1.15
12862 0
12862 3.65
12862 2.16
12862 2
12862 2.89
12862 0
12862 0.05
12862 0.05
12863 1.15
12863 0
12863 3.65
12863 2.16
12863 2
12863 2.89
12863 0
12863 0.05
12863 0.05
12864 1.15
12864 0
12864 3.65
12864 2.16
12864 2
12864 2.89
12864 0
12864 0.05
12864 0.05
12867 1.15
12867 0
12867 3.65
12867 2.16
12867 2
12867 2.89
12867 0
12867 0.05
12867 0.05
12875 1.15
12875 0
12875 3.65
12875 2.16
12875 2
12875 2.89
12875 0
12875 0.05
12875 0.05
12879 1.15
12879 0
12879 3.65
12879 2.16
12879 2
12879 2.89
12879 0
12879 0.05
12879 0.05
12983 1.15
12983 0
12983 3.65
12983 2.16
12983 2
12983 2.89
12983 0
12983 0.05
12983 0.05
12986 1.15
12986 0
12986 3.65
12986 2.16
12986 2
12986 2.89
12986 0
12986 0.05
12986 0.05
12988 1.15
12988 0
12988 3.65
12988 2.16
12988 2
12988 2.89
12988 0
12988 0.05
12988 0.05
12996 1.15
12996 0
12996 3.65
12996 2.16
12996 2
12996 2.89
12996 0
12996 0.05
12996 0.05
13001 1.15
13001 0
13001 3.65
13001 2.16
13001 2
13001 2.89
13001 0
13001 0.05
13001 0.05
13002 1.15
13002 0
13002 3.65
13002 2.16
13002 2
13002 2.89
13002 0
13002 0.05
13002 0.05
13005 1.15
13005 0
13005 3.65
13005 2.16
13005 2
13005 2.89
13005 0
13005 0.05
13005 0.05
13007 1.15
13007 0
13007 3.65
13007 2.16
13007 2
13007 2.89
13007 0
13007 0.05
13007 0.05
13008 1.15
13008 0
13008 3.65
13008 2.16
13008 2
13008 2.89
13008 0
13008 0.05
13008 0.05
13009 1.15
13009 0
13009 3.65
13009 2.16
13009 2
13009 2.89
13009 0
13009 0.05
13009 0.05
13095 1.15
13095 0
13095 3.65
13095 2.16
13095 2
13095 2.89
13095 0
13095 0.05
13095 0.05
13098 1.15
13098 0
13098 3.65
13098 2.16
13098 2
13098 2.89
13098 0
13098 0.05
13098 0.05
13099 1.15
13099 0
13099 3.65
13099 2.16
13099 2
13099 2.89
13099 0
13099 0.05
13099 0.05
13102 1.15
13102 0
13102 3.65
13102 2.16
13102 2
13102 2.89
13102 0
13102 0.05
13102 0.05
13103 1.15
13103 0
13103 3.65
13103 2.16
13103 2
13103 2.89
13103 0
13103 0.05
13103 0.05
13115 1.15
13115 0
13115 3.65
13115 2.16
13115 2
13115 2.89
13115 0
13115 0.05
13115 0.05
13116 1.15
13116 0
13116 3.65
13116 2.16
13116 2
13116 2.89
13116 0
13116 0.05
13116 0.05
13117 1.15
13117 0
13117 3.65
13117 2.16
13117 2
13117 2.89
13117 0
13117 0.05
13117 0.05
13119 1.15
13119 0
13119 3.65
13119 2.16
13119 2
13119 2.89
13119 0
13119 0.05
13119 0.05
13120 1.15
13120 0
13120 3.65
13120 2.16
13120 2
13120 2.89
13120 0
13120 0.05
13120 0.05
13121 1.15
13121 0
13121 3.65
13121 2.16
13121 2
13121 2.89
13121 0
13121 0.05
13121 0.05
13122 1.15
13122 0
13122 3.65
13122 2.16
13122 2
13122 2.89
13122 0
13122 0.05
13122 0.05
13123 1.15
13123 0
13123 3.65
13123 2.16
13123 2
13123 2.89
13123 0
13123 0.05
13123 0.05
13200 1.15
13200 0
13200 3.65
13200 2.16
13200 2
13200 2.89
13200 0
13200 0.05
13200 0.05
13203 1.15
13203 0
13203 3.65
13203 2.16
13203 2
13203 2.89
13203 0
13203 0.05
13203 0.05
13204 1.15
13204 0
13204 3.65
13204 2.16
13204 2
13204 2.89
13204 0
13204 0.05
13204 0.05
13205 1.15
13205 0
13205 3.65
13205 2.16
13205 2
13205 2.89
13205 0
13205 0.05
13205 0.05
13206 1.15
13206 0
13206 3.65
13206 2.16
13206 2
13206 2.89
13206 0
13206 0.05
13206 0.05
13208 1.15
13208 0
13208 3.65
13208 2.16
13208 2
13208 2.89
13208 0
13208 0.05
13208 0.05
13209 1.15
13209 0
13209 3.65
13209 2.16
13209 2
13209 2.89
13209 0
13209 0.05
13209 0.05
13221 1.15
13221 0
13221 3.65
13221 2.16
13221 2
13221 2.89
13221 0
13221 0.05
13221 0.05
13222 1.15
13222 0
13222 3.65
13222 2.16
13222 2
13222 2.89
13222 0
13222 0.05
13222 0.05
13223 1.15
13223 0
13223 3.65
13223 2.16
13223 2
13223 2.89
13223 0
13223 0.05
13223 0.05
13224 1.15
13224 0
13224 3.65
13224 2.16
13224 2
13224 2.89
13224 0
13224 0.05
13224 0.05
13225 1.15
13225 0
13225 3.65
13225 2.16
13225 2
13225 2.89
13225 0
13225 0.05
13225 0.05
13226 1.15
13226 0
13226 3.65
13226 2.16
13226 2
13226 2.89
13226 0
13226 0.05
13226 0.05
13291 1.15
13291 0
13291 3.65
13291 2.16
13291 2
13291 2.89
13291 0
13291 0.05
13291 0.05
13297 1.15
13297 0
13297 3.65
13297 2.16
13297 2
13297 2.89
13297 0
13297 0.05
13297 0.05
13298 1.15
13298 0
13298 3.65
13298 2.16
13298 2
13298 2.89
13298 0
13298 0.05
13298 0.05
13299 1.15
13299 0
13299 3.65
13299 2.16
13299 2
13299 2.89
13299 0
13299 0.05
13299 0.05
13316 1.15
13316 0
13316 3.65
13316 2.16
13316 2
13316 2.89
13316 0
13316 0.05
13316 0.05
13317 1.15
13317 0
13317 3.65
13317 2.16
13317 2
13317 2.89
13317 0
13317 0.05
13317 0.05
13318 1.15
13318 0
13318 3.65
13318 2.16
13318 2
13318 2.89
13318 0
13318 0.05
13318 0.05
13319 1.15
13319 0
13319 3.65
13319 2.16
13319 2
13319 2.89
13319 0
13319 0.05
13319 0.05
13323 1.15
13323 0
13323 3.65
13323 2.16
13323 2
13323 2.89
13323 0
13323 0.05
13323 0.05
13324 1.15
13324 0
13324 3.65
13324 2.16
13324 2
13324 2.89
13324 0
13324 0.05
13324 0.05
13382 1.15
13382 0
13382 3.65
13382 2.16
13382 2
13382 2.89
13382 0
13382 0.05
13382 0.05
13383 1.15
13383 0
13383 3.65
13383 2.16
13383 2
13383 2.89
13383 0
13383 0.05
13383 0.05
13387 1.15
13387 0
13387 3.65
13387 2.16
13387 2
13387 2.89
13387 0
13387 0.05
13387 0.05
13397 1.15
13397 0
13397 3.65
13397 2.16
13397 2
13397 2.89
13397 0
13397 0.05
13397 0.05
13400 1.15
13400 0
13400 3.65
13400 2.16
13400 2
13400 2.89
13400 0
13400 0.05
13400 0.05
13402 1.15
13402 0
13402 3.65
13402 2.16
13402 2
13402 2.89
13402 0
13402 0.05
13402 0.05
13404 1.15
13404 0
13404 3.65
13404 2.16
13404 2
13404 2.89
13404 0
13404 0.05
13404 0.05
13405 1.15
13405 0
13405 3.65
13405 2.16
13405 2
13405 2.89
13405 0
13405 0.05
13405 0.05
13406 1.15
13406 0
13406 3.65
13406 2.16
13406 2
13406 2.89
13406 0
13406 0.05
13406 0.05
13407 1.15
13407 0
13407 3.65
13407 2.16
13407 2
13407 2.89
13407 0
13407 0.05
13407 0.05
13408 1.15
13408 0
13408 3.65
13408 2.16
13408 2
13408 2.89
13408 0
13408 0.05
13408 0.05
13409 1.15
13409 0
13409 3.65
13409 2.16
13409 2
13409 2.89
13409 0
13409 0.05
13409 0.05
13460 1.15
13460 0
13460 3.65
13460 2.16
13460 2
13460 2.89
13460 0
13460 0.05
13460 0.05
13468 1.15
13468 0
13468 3.65
13468 2.16
13468 2
13468 2.89
13468 0
13468 0.05
13468 0.05
13481 1.15
13481 0
13481 3.65
13481 2.16
13481 2
13481 2.89
13481 0
13481 0.05
13481 0.05
13482 1.15
13482 0
13482 3.65
13482 2.16
13482 2
13482 2.89
13482 0
13482 0.05
13482 0.05
13483 1.15
13483 0
13483 3.65
13483 2.16
13483 2
13483 2.89
13483 0
13483 0.05
13483 0.05
13484 1.15
13484 0
13484 3.65
13484 2.16
13484 2
13484 2.89
13484 0
13484 0.05
13484 0.05
13485 1.15
13485 0
13485 3.65
13485 2.16
13485 2
13485 2.89
13485 0
13485 0.05
13485 0.05
13486 1.15
13486 0
13486 3.65
13486 2.16
13486 2
13486 2.89
13486 0
13486 0.05
13486 0.05
13487 1.15
13487 0
13487 3.65
13487 2.16
13487 2
13487 2.89
13487 0
13487 0.05
13487 0.05
13488 1.15
13488 0
13488 3.65
13488 2.16
13488 2
13488 2.89
13488 0
13488 0.05
13488 0.05
13490 1.15
13490 0
13490 3.65
13490 2.16
13490 2
13490 2.89
13490 0
13490 0.05
13490 0.05
13534 1.15
13534 0
13534 3.65
13534 2.16
13534 2
13534 2.89
13534 0
13534 0.05
13534 0.05
13543 1.15
13543 0
13543 3.65
13543 2.16
13543 2
13543 2.89
13543 0
13543 0.05
13543 0.05
13552 1.15
13552 0
13552 3.65
13552 2.16
13552 2
13552 2.89
13552 0
13552 0.05
13552 0.05
13553 1.15
13553 0
13553 3.65
13553 2.16
13553 2
13553 2.89
13553 0
13553 0.05
13553 0.05
13554 1.15
13554 0
13554 3.65
13554 2.16
13554 2
13554 2.89
13554 0
13554 0.05
13554 0.05
13555 1.15
13555 0
13555 3.65
13555 2.16
13555 2
13555 2.89
13555 0
13555 0.05
13555 0.05
13556 1.15
13556 0
13556 3.65
13556 2.16
13556 2
13556 2.89
13556 0
13556 0.05
13556 0.05
13558 1.15
13558 0
13558 3.65
13558 2.16
13558 2
13558 2.89
13558 0
13558 0.05
13558 0.05
13559 1.15
13559 0
13559 3.65
13559 2.16
13559 2
13559 2.89
13559 0
13559 0.05
13559 0.05
13594 1.15
13594 0
13594 3.65
13594 2.16
13594 2
13594 2.89
13594 0
13594 0.05
13594 0.05
13600 1.15
13600 0
13600 3.65
13600 2.16
13600 2
13600 2.89
13600 0
13600 0.05
13600 0.05
13606 1.15
13606 0
13606 3.65
13606 2.16
13606 2
13606 2.89
13606 0
13606 0.05
13606 0.05
13611 1.15
13611 0
13611 3.65
13611 2.16
13611 2
13611 2.89
13611 0
13611 0.05
13611 0.05
13613 1.15
13613 0
13613 3.65
13613 2.16
13613 2
13613 2.89
13613 0
13613 0.05
13613 0.05
13614 1.15
13614 0
13614 3.65
13614 2.16
13614 2
13614 2.89
13614 0
13614 0.05
13614 0.05
13615 1.15
13615 0
13615 3.65
13615 2.16
13615 2
13615 2.89
13615 0
13615 0.05
13615 0.05
13616 1.15
13616 0
13616 3.65
13616 2.16
13616 2
13616 2.89
13616 0
13616 0.05
13616 0.05
13617 1.15
13617 0
13617 3.65
13617 2.16
13617 2
13617 2.89
13617 0
13617 0.05
13617 0.05
13618 1.15
13618 0
13618 3.65
13618 2.16
13618 2
13618 2.89
13618 0
13618 0.05
13618 0.05
13619 1.15
13619 0
13619 3.65
13619 2.16
13619 2
13619 2.89
13619 0
13619 0.05
13619 0.05
13651 1.15
13651 0
13651 3.65
13651 2.16
13651 2
13651 2.89
13651 0
13651 0.05
13651 0.05
13652 1.15
13652 0
13652 3.65
13652 2.16
13652 2
13652 2.89
13652 0
13652 0.05
13652 0.05
13662 1.15
13662 0
13662 3.65
13662 2.16
13662 2
13662 2.89
13662 0
13662 0.05
13662 0.05
13668 1.15
13668 0
13668 3.65
13668 2.16
13668 2
13668 2.89
13668 0
13668 0.05
13668 0.05
13669 1.15
13669 0
13669 3.65
13669 2.16
13669 2
13669 2.89
13669 0
13669 0.05
13669 0.05
13671 1.15
13671 0
13671 3.65
13671 2.16
13671 2
13671 2.89
13671 0
13671 0.05
13671 0.05
13672 1.15
13672 0
13672 3.65
13672 2.16
13672 2
13672 2.89
13672 0
13672 0.05
13672 0.05
13673 1.15
13673 0
13673 3.65
13673 2.16
13673 2
13673 2.89
13673 0
13673 0.05
13673 0.05
13674 1.15
13674 0
13674 3.65
13674 2.16
13674 2
13674 2.89
13674 0
13674 0.05
13674 0.05
13675 1.15
13675 0
13675 3.65
13675 2.16
13675 2
13675 2.89
13675 0
13675 0.05
13675 0.05
13676 1.15
13676 0
13676 3.65
13676 2.16
13676 2
13676 2.89
13676 0
13676 0.05
13676 0.05
13705 1.15
13705 0
13705 3.65
13705 2.16
13705 2
13705 2.89
13705 0
13705 0.05
13705 0.05
13707 1.15
13707 0
13707 3.65
13707 2.16
13707 2
13707 2.89
13707 0
13707 0.05
13707 0.05
13709 1.15
13709 0
13709 3.65
13709 2.16
13709 2
13709 2.89
13709 0
13709 0.05
13709 0.05
13713 1.15
13713 0
13713 3.65
13713 2.16
13713 2
13713 2.89
13713 0
13713 0.05
13713 0.05
13716 1.15
13716 0
13716 3.65
13716 2.16
13716 2
13716 2.89
13716 0
13716 0.05
13716 0.05
13722 1.15
13722 0
13722 3.65
13722 2.16
13722 2
13722 2.89
13722 0
13722 0.05
13722 0.05
13724 1.15
13724 0
13724 3.65
13724 2.16
13724 2
13724 2.89
13724 0
13724 0.05
13724 0.05
13726 1.15
13726 0
13726 3.65
13726 2.16
13726 2
13726 2.89
13726 0
13726 0.05
13726 0.05
13727 1.15
13727 0
13727 3.65
13727 2.16
13727 2
13727 2.89
13727 0
13727 0.05
13727 0.05
13728 1.15
13728 0
13728 3.65
13728 2.16
13728 2
13728 2.89
13728 0
13728 0.05
13728 0.05
13729 1.15
13729 0
13729 3.65
13729 2.16
13729 2
13729 2.89
13729 0
13729 0.05
13729 0.05
13730 1.15
13730 0
13730 3.65
13730 2.16
13730 2
13730 2.89
13730 0
13730 0.05
13730 0.05
13731 1.15
13731 0
13731 3.65
13731 2.16
13731 2
13731 2.89
13731 0
13731 0.05
13731 0.05
13764 1.15
13764 0
13764 3.65
13764 2.16
13764 2
13764 2.89
13764 0
13764 0.05
13764 0.05
13778 1.15
13778 0
13778 3.65
13778 2.16
13778 2
13778 2.89
13778 0
13778 0.05
13778 0.05
13780 1.15
13780 0
13780 3.65
13780 2.16
13780 2
13780 2.89
13780 0
13780 0.05
13780 0.05
13781 1.15
13781 0
13781 3.65
13781 2.16
13781 2
13781 2.89
13781 0
13781 0.05
13781 0.05
13782 1.15
13782 0
13782 3.65
13782 2.16
13782 2
13782 2.89
13782 0
13782 0.05
13782 0.05
13783 1.15
13783 0
13783 3.65
13783 2.16
13783 2
13783 2.89
13783 0
13783 0.05
13783 0.05
13784 1.15
13784 0
13784 3.65
13784 2.16
13784 2
13784 2.89
13784 0
13784 0.05
13784 0.05
13785 1.15
13785 0
13785 3.65
13785 2.16
13785 2
13785 2.89
13785 0
13785 0.05
13785 0.05
13818 1.15
13818 0
13818 3.65
13818 2.16
13818 2
13818 2.89
13818 0
13818 0.05
13818 0.05
13823 1.15
13823 0
13823 3.65
13823 2.16
13823 2
13823 2.89
13823 0
13823 0.05
13823 0.05
13825 1.15
13825 0
13825 3.65
13825 2.16
13825 2
13825 2.89
13825 0
13825 0.05
13825 0.05
13832 1.15
13832 0
13832 3.65
13832 2.16
13832 2
13832 2.89
13832 0
13832 0.05
13832 0.05
13833 1.15
13833 0
13833 3.65
13833 2.16
13833 2
13833 2.89
13833 0
13833 0.05
13833 0.05
13834 1.15
13834 0
13834 3.65
13834 2.16
13834 2
13834 2.89
13834 0
13834 0.05
13834 0.05
13835 1.15
13835 0
13835 3.65
13835 2.16
13835 2
13835 2.89
13835 0
13835 0.05
13835 0.05
13836 1.15
13836 0
13836 3.65
13836 2.16
13836 2
13836 2.89
13836 0
13836 0.05
13836 0.05
13837 1.15
13837 0
13837 3.65
13837 2.16
13837 2
13837 2.89
13837 0
13837 0.05
13837 0.05
13838 1.15
13838 0
13838 3.65
13838 2.16
13838 2
13838 2.89
13838 0
13838 0.05
13838 0.05
13874 1.15
13874 0
13874 3.65
13874 2.16
13874 2
13874 2.89
13874 0
13874 0.05
13874 0.05
13881 1.15
13881 0
13881 3.65
13881 2.16
13881 2
13881 2.89
13881 0
13881 0.05
13881 0.05
13889 1.15
13889 0
13889 3.65
13889 2.16
13889 2
13889 2.89
13889 0
13889 0.05
13889 0.05
13890 1.15
13890 0
13890 3.65
13890 2.16
13890 2
13890 2.89
13890 0
13890 0.05
13890 0.05
13892 1.15
13892 0
13892 3.65
13892 2.16
13892 2
13892 2.89
13892 0
13892 0.05
13892 0.05
13893 1.15
13893 0
13893 3.65
13893 2.16
13893 2
13893 2.89
13893 0
13893 0.05
13893 0.05
13924 1.15
13924 0
13924 3.65
13924 2.16
13924 2
13924 2.89
13924 0
13924 0.05
13924 0.05
13930 1.15
13930 0
13930 3.65
13930 2.16
13930 2
13930 2.89
13930 0
13930 0.05
13930 0.05
13940 1.15
13940 0
13940 3.65
13940 2.16
13940 2
13940 2.89
13940 0
13940 0.05
13940 0.05
13945 1.15
13945 0
13945 3.65
13945 2.16
13945 2
13945 2.89
13945 0
13945 0.05
13945 0.05
13948 1.15
13948 0
13948 3.65
13948 2.16
13948 2
13948 2.89
13948 0
13948 0.05
13948 0.05
13949 1.15
13949 0
13949 3.65
13949 2.16
13949 2
13949 2.89
13949 0
13949 0.05
13949 0.05
13950 1.15
13950 0
13950 3.65
13950 2.16
13950 2
13950 2.89
13950 0
13950 0.05
13950 0.05
13951 1.15
13951 0
13951 3.65
13951 2.16
13951 2
13951 2.89
13951 0
13951 0.05
13951 0.05
13952 1.15
13952 0
13952 3.65
13952 2.16
13952 2
13952 2.89
13952 0
13952 0.05
13952 0.05
13981 1.15
13981 0
13981 3.65
13981 2.16
13981 2
13981 2.89
13981 0
13981 0.05
13981 0.05
13985 1.15
13985 0
13985 3.65
13985 2.16
13985 2
13985 2.89
13985 0
13985 0.05
13985 0.05
13986 1.15
13986 0
13986 3.65
13986 2.16
13986 2
13986 2.89
13986 0
13986 0.05
13986 0.05
13987 1.15
13987 0
13987 3.65
13987 2.16
13987 2
13987 2.89
13987 0
13987 0.05
13987 0.05
13995 1.15
13995 0
13995 3.65
13995 2.16
13995 2
13995 2.89
13995 0
13995 0.05
13995 0.05
14001 1.15
14001 0
14001 3.65
14001 2.16
14001 2
14001 2.89
14001 0
14001 0.05
14001 0.05
14002 1.15
14002 0
14002 3.65
14002 2.16
14002 2
14002 2.89
14002 0
14002 0.05
14002 0.05
14004 1.15
14004 0
14004 3.65
14004 2.16
14004 2
14004 2.89
14004 0
14004 0.05
14004 0.05
14005 1.15
14005 0
14005 3.65
14005 2.16
14005 2
14005 2.89
14005 0
14005 0.05
14005 0.05
14006 1.15
14006 0
14006 3.65
14006 2.16
14006 2
14006 2.89
14006 0
14006 0.05
14006 0.05
14007 1.15
14007 0
14007 3.65
14007 2.16
14007 2
14007 2.89
14007 0
14007 0.05
14007 0.05
14008 1.15
14008 0
14008 3.65
14008 2.16
14008 2
14008 2.89
14008 0
14008 0.05
14008 0.05
14009 1.15
14009 0
14009 3.65
14009 2.16
14009 2
14009 2.89
14009 0
14009 0.05
14009 0.05
14035 1.15
14035 0
14035 3.65
14035 2.16
14035 2
14035 2.89
14035 0
14035 0.05
14035 0.05
14037 1.15
14037 0
14037 3.65
14037 2.16
14037 2
14037 2.89
14037 0
14037 0.05
14037 0.05
14040 1.15
14040 0
14040 3.65
14040 2.16
14040 2
14040 2.89
14040 0
14040 0.05
14040 0.05
14043 1.15
14043 0
14043 3.65
14043 2.16
14043 2
14043 2.89
14043 0
14043 0.05
14043 0.05
14045 1.15
14045 0
14045 3.65
14045 2.16
14045 2
14045 2.89
14045 0
14045 0.05
14045 0.05
14052 1.15
14052 0
14052 3.65
14052 2.16
14052 2
14052 2.89
14052 0
14052 0.05
14052 0.05
14055 1.15
14055 0
14055 3.65
14055 2.16
14055 2
14055 2.89
14055 0
14055 0.05
14055 0.05
14056 1.15
14056 0
14056 3.65
14056 2.16
14056 2
14056 2.89
14056 0
14056 0.05
14056 0.05
14058 1.15
14058 0
14058 3.65
14058 2.16
14058 2
14058 2.89
14058 0
14058 0.05
14058 0.05
14060 1.15
14060 0
14060 3.65
14060 2.16
14060 2
14060 2.89
14060 0
14060 0.05
14060 0.05
14061 1.15
14061 0
14061 3.65
14061 2.16
14061 2
14061 2.89
14061 0
14061 0.05
14061 0.05
14062 1.15
14062 0
14062 3.65
14062 2.16
14062 2
14062 2.89
14062 0
14062 0.05
14062 0.05
14064 1.15
14064 0
14064 3.65
14064 2.16
14064 2
14064 2.89
14064 0
14064 0.05
14064 0.05
14104 1.15
14104 0
14104 3.65
14104 2.16
14104 2
14104 2.89
14104 0
14104 0.05
14104 0.05
14105 1.15
14105 0
14105 3.65
14105 2.16
14105 2
14105 2.89
14105 0
14105 0.05
14105 0.05
14107 1.15
14107 0
14107 3.65
14107 2.16
14107 2
14107 2.89
14107 0
14107 0.05
14107 0.05
14108 1.15
14108 0
14108 3.65
14108 2.16
14108 2
14108 2.89
14108 0
14108 0.05
14108 0.05
14109 1.15
14109 0
14109 3.65
14109 2.16
14109 2
14109 2.89
14109 0
14109 0.05
14109 0.05
14110 1.15
14110 0
14110 3.65
14110 2.16
14110 2
14110 2.89
14110 0
14110 0.05
14110 0.05
14114 1.15
14114 0
14114 3.65
14114 2.16
14114 2
14114 2.89
14114 0
14114 0.05
14114 0.05
14115 1.15
14115 0
14115 3.65
14115 2.16
14115 2
14115 2.89
14115 0
14115 0.05
14115 0.05
14139 1.15
14139 0
14139 3.65
14139 2.16
14139 2
14139 2.89
14139 0
14139 0.05
14139 0.05
14152 1.15
14152 0
14152 3.65
14152 2.16
14152 2
14152 2.89
14152 0
14152 0.05
14152 0.05
14161 1.15
14161 0
14161 3.65
14161 2.16
14161 2
14161 2.89
14161 0
14161 0.05
14161 0.05
14162 1.15
14162 0
14162 3.65
14162 2.16
14162 2
14162 2.89
14162 0
14162 0.05
14162 0.05
14163 1.15
14163 0
14163 3.65
14163 2.16
14163 2
14163 2.89
14163 0
14163 0.05
14163 0.05
14164 1.15
14164 0
14164 3.65
14164 2.16
14164 2
14164 2.89
14164 0
14164 0.05
14164 0.05
14166 1.15
14166 0
14166 3.65
14166 2.16
14166 2
14166 2.89
14166 0
14166 0.05
14166 0.05
14169 1.15
14169 0
14169 3.65
14169 2.16
14169 2
14169 2.89
14169 0
14169 0.05
14169 0.05
14200 1.15
14200 0
14200 3.65
14200 2.16
14200 2
14200 2.89
14200 0
14200 0.05
14200 0.05
14202 1.15
14202 0
14202 3.65
14202 2.16
14202 2
14202 2.89
14202 0
14202 0.05
14202 0.05
14208 1.15
14208 0
14208 3.65
14208 2.16
14208 2
14208 2.89
14208 0
14208 0.05
14208 0.05
14210 1.15
14210 0
14210 3.65
14210 2.16
14210 2
14210 2.89
14210 0
14210 0.05
14210 0.05
14211 1.15
14211 0
14211 3.65
14211 2.16
14211 2
14211 2.89
14211 0
14211 0.05
14211 0.05
14212 1.15
14212 0
14212 3.65
14212 2.16
14212 2
14212 2.89
14212 0
14212 0.05
14212 0.05
14213 1.15
14213 0
14213 3.65
14213 2.16
14213 2
14213 2.89
14213 0
14213 0.05
14213 0.05
14214 1.15
14214 0
14214 3.65
14214 2.16
14214 2
14214 2.89
14214 0
14214 0.05
14214 0.05
14215 1.15
14215 0
14215 3.65
14215 2.16
14215 2
14215 2.89
14215 0
14215 0.05
14215 0.05
14241 1.15
14241 0
14241 3.65
14241 2.16
14241 2
14241 2.89
14241 0
14241 0.05
14241 0.05
14242 1.15
14242 0
14242 3.65
14242 2.16
14242 2
14242 2.89
14242 0
14242 0.05
14242 0.05
14245 1.15
14245 0
14245 3.65
14245 2.16
14245 2
14245 2.89
14245 0
14245 0.05
14245 0.05
14246 1.15
14246 0
14246 3.65
14246 2.16
14246 2
14246 2.89
14246 0
14246 0.05
14246 0.05
14247 1.15
14247 0
14247 3.65
14247 2.16
14247 2
14247 2.89
14247 0
14247 0.05
14247 0.05
14248 1.15
14248 0
14248 3.65
14248 2.16
14248 2
14248 2.89
14248 0
14248 0.05
14248 0.05
14254 1.15
14254 0
14254 3.65
14254 2.16
14254 2
14254 2.89
14254 0
14254 0.05
14254 0.05
14256 1.15
14256 0
14256 3.65
14256 2.16
14256 2
14256 2.89
14256 0
14256 0.05
14256 0.05
14257 1.15
14257 0
14257 3.65
14257 2.16
14257 2
14257 2.89
14257 0
14257 0.05
14257 0.05
14258 1.15
14258 0
14258 3.65
14258 2.16
14258 2
14258 2.89
14258 0
14258 0.05
14258 0.05
14259 1.15
14259 0
14259 3.65
14259 2.16
14259 2
14259 2.89
14259 0
14259 0.05
14259 0.05
14261 1.15
14261 0
14261 3.65
14261 2.16
14261 2
14261 2.89
14261 0
14261 0.05
14261 0.05
14262 1.15
14262 0
14262 3.65
14262 2.16
14262 2
14262 2.89
14262 0
14262 0.05
14262 0.05
14263 1.15
14263 0
14263 3.65
14263 2.16
14263 2
14263 2.89
14263 0
14263 0.05
14263 0.05
14264 1.15
14264 0
14264 3.65
14264 2.16
14264 2
14264 2.89
14264 0
14264 0.05
14264 0.05
14285 1.15
14285 0
14285 3.65
14285 2.16
14285 2
14285 2.89
14285 0
14285 0.05
14285 0.05
14287 1.15
14287 0
14287 3.65
14287 2.16
14287 2
14287 2.89
14287 0
14287 0.05
14287 0.05
14288 1.15
14288 0
14288 3.65
14288 2.16
14288 2
14288 2.89
14288 0
14288 0.05
14288 0.05
14290 1.15
14290 0
14290 3.65
14290 2.16
14290 2
14290 2.89
14290 0
14290 0.05
14290 0.05
14291 1.15
14291 0
14291 3.65
14291 2.16
14291 2
14291 2.89
14291 0
14291 0.05
14291 0.05
14299 1.15
14299 0
14299 3.65
14299 2.16
14299 2
14299 2.89
14299 0
14299 0.05
14299 0.05
14300 1.15
14300 0
14300 3.65
14300 2.16
14300 2
14300 2.89
14300 0
14300 0.05
14300 0.05
14301 1.15
14301 0
14301 3.65
14301 2.16
14301 2
14301 2.89
14301 0
14301 0.05
14301 0.05
14302 1.15
14302 0
14302 3.65
14302 2.16
14302 2
14302 2.89
14302 0
14302 0.05
14302 0.05
14303 1.15
14303 0
14303 3.65
14303 2.16
14303 2
14303 2.89
14303 0
14303 0.05
14303 0.05
14304 1.15
14304 0
14304 3.65
14304 2.16
14304 2
14304 2.89
14304 0
14304 0.05
14304 0.05
14305 1.15
14305 0
14305 3.65
14305 2.16
14305 2
14305 2.89
14305 0
14305 0.05
14305 0.05
14306 1.15
14306 0
14306 3.65
14306 2.16
14306 2
14306 2.89
14306 0
14306 0.05
14306 0.05
14307 1.15
14307 0
14307 3.65
14307 2.16
14307 2
14307 2.89
14307 0
14307 0.05
14307 0.05
14308 1.15
14308 0
14308 3.65
14308 2.16
14308 2
14308 2.89
14308 0
14308 0.05
14308 0.05
14309 1.15
14309 0
14309 3.65
14309 2.16
14309 2
14309 2.89
14309 0
14309 0.05
14309 0.05
14311 1.15
14311 0
14311 3.65
14311 2.16
14311 2
14311 2.89
14311 0
14311 0.05
14311 0.05
14331 1.15
14331 0
14331 3.65
14331 2.16
14331 2
14331 2.89
14331 0
14331 0.05
14331 0.05
14337 1.15
14337 0
14337 3.65
14337 2.16
14337 2
14337 2.89
14337 0
14337 0.05
14337 0.05
14338 1.15
14338 0
14338 3.65
14338 2.16
14338 2
14338 2.89
14338 0
14338 0.05
14338 0.05
14340 1.15
14340 0
14340 3.65
14340 2.16
14340 2
14340 2.89
14340 0
14340 0.05
14340 0.05
14343 1.15
14343 0
14343 3.65
14343 2.16
14343 2
14343 2.89
14343 0
14343 0.05
14343 0.05
14344 1.15
14344 0
14344 3.65
14344 2.16
14344 2
14344 2.89
14344 0
14344 0.05
14344 0.05
14345 1.15
14345 0
14345 3.65
14345 2.16
14345 2
14345 2.89
14345 0
14345 0.05
14345 0.05
14346 1.15
14346 0
14346 3.65
14346 2.16
14346 2
14346 2.89
14346 0
14346 0.05
14346 0.05
14349 1.15
14349 0
14349 3.65
14349 2.16
14349 2
14349 2.89
14349 0
14349 0.05
14349 0.05
14350 1.15
14350 0
14350 3.65
14350 2.16
14350 2
14350 2.89
14350 0
14350 0.05
14350 0.05
14351 1.15
14351 0
14351 3.65
14351 2.16
14351 2
14351 2.89
14351 0
14351 0.05
14351 0.05
14352 1.15
14352 0
14352 3.65
14352 2.16
14352 2
14352 2.89
14352 0
14352 0.05
14352 0.05
14353 1.15
14353 0
14353 3.65
14353 2.16
14353 2
14353 2.89
14353 0
14353 0.05
14353 0.05
14355 1.15
14355 0
14355 3.65
14355 2.16
14355 2
14355 2.89
14355 0
14355 0.05
14355 0.05
14375 1.15
14375 0
14375 3.65
14375 2.16
14375 2
14375 2.89
14375 0
14375 0.05
14375 0.05
14380 1.15
14380 0
14380 3.65
14380 2.16
14380 2
14380 2.89
14380 0
14380 0.05
14380 0.05
14384 1.15
14384 0
14384 3.65
14384 2.16
14384 2
14384 2.89
14384 0
14384 0.05
14384 0.05
14385 1.15
14385 0
14385 3.65
14385 2.16
14385 2
14385 2.89
14385 0
14385 0.05
14385 0.05
14386 1.15
14386 0
14386 3.65
14386 2.16
14386 2
14386 2.89
14386 0
14386 0.05
14386 0.05
14390 1.15
14390 0
14390 3.65
14390 2.16
14390 2
14390 2.89
14390 0
14390 0.05
14390 0.05
14391 1.15
14391 0
14391 3.65
14391 2.16
14391 2
14391 2.89
14391 0
14391 0.05
14391 0.05
14392 1.15
14392 0
14392 3.65
14392 2.16
14392 2
14392 2.89
14392 0
14392 0.05
14392 0.05
14394 1.15
14394 0
14394 3.65
14394 2.16
14394 2
14394 2.89
14394 0
14394 0.05
14394 0.05
14395 1.15
14395 0
14395 3.65
14395 2.16
14395 2
14395 2.89
14395 0
14395 0.05
14395 0.05
14396 1.15
14396 0
14396 3.65
14396 2.16
14396 2
14396 2.89
14396 0
14396 0.05
14396 0.05
14397 1.15
14397 0
14397 3.65
14397 2.16
14397 2
14397 2.89
14397 0
14397 0.05
14397 0.05
14422 1.15
14422 0
14422 3.65
14422 2.16
14422 2
14422 2.89
14422 0
14422 0.05
14422 0.05
14423 1.15
14423 0
14423 3.65
14423 2.16
14423 2
14423 2.89
14423 0
14423 0.05
14423 0.05
14425 1.15
14425 0
14425 3.65
14425 2.16
14425 2
14425 2.89
14425 0
14425 0.05
14425 0.05
14426 1.15
14426 0
14426 3.65
14426 2.16
14426 2
14426 2.89
14426 0
14426 0.05
14426 0.05
14427 1.15
14427 0
14427 3.65
14427 2.16
14427 2
14427 2.89
14427 0
14427 0.05
14427 0.05
14428 1.15
14428 0
14428 3.65
14428 2.16
14428 2
14428 2.89
14428 0
14428 0.05
14428 0.05
14431 1.15
14431 0
14431 3.65
14431 2.16
14431 2
14431 2.89
14431 0
14431 0.05
14431 0.05
14432 1.15
14432 0
14432 3.65
14432 2.16
14432 2
14432 2.89
14432 0
14432 0.05
14432 0.05
14433 1.15
14433 0
14433 3.65
14433 2.16
14433 2
14433 2.89
14433 0
14433 0.05
14433 0.05
14435 1.15
14435 0
14435 3.65
14435 2.16
14435 2
14435 2.89
14435 0
14435 0.05
14435 0.05
14436 1.15
14436 0
14436 3.65
14436 2.16
14436 2
14436 2.89
14436 0
14436 0.05
14436 0.05
14438 1.15
14438 0
14438 3.65
14438 2.16
14438 2
14438 2.89
14438 0
14438 0.05
14438 0.05
14462 1.15
14462 0
14462 3.65
14462 2.16
14462 2
14462 2.89
14462 0
14462 0.05
14462 0.05
14463 1.15
14463 0
14463 3.65
14463 2.16
14463 2
14463 2.89
14463 0
14463 0.05
14463 0.05
14464 1.15
14464 0
14464 3.65
14464 2.16
14464 2
14464 2.89
14464 0
14464 0.05
14464 0.05
14465 1.15
14465 0
14465 3.65
14465 2.16
14465 2
14465 2.89
14465 0
14465 0.05
14465 0.05
14470 1.15
14470 0
14470 3.65
14470 2.16
14470 2
14470 2.89
14470 0
14470 0.05
14470 0.05
14472 1.15
14472 0
14472 3.65
14472 2.16
14472 2
14472 2.89
14472 0
14472 0.05
14472 0.05
14473 1.15
14473 0
14473 3.65
14473 2.16
14473 2
14473 2.89
14473 0
14473 0.05
14473 0.05
14474 1.15
14474 0
14474 3.65
14474 2.16
14474 2
14474 2.89
14474 0
14474 0.05
14474 0.05
14475 1.15
14475 0
14475 3.65
14475 2.16
14475 2
14475 2.89
14475 0
14475 0.05
14475 0.05
14495 1.15
14495 0
14495 3.65
14495 2.16
14495 2
14495 2.89
14495 0
14495 0.05
14495 0.05
14499 1.15
14499 0
14499 3.65
14499 2.16
14499 2
14499 2.89
14499 0
14499 0.05
14499 0.05
14500 1.15
14500 0
14500 3.65
14500 2.16
14500 2
14500 2.89
14500 0
14500 0.05
14500 0.05
14501 1.15
14501 0
14501 3.65
14501 2.16
14501 2
14501 2.89
14501 0
14501 0.05
14501 0.05
14503 1.15
14503 0
14503 3.65
14503 2.16
14503 2
14503 2.89
14503 0
14503 0.05
14503 0.05
14506 1.15
14506 0
14506 3.65
14506 2.16
14506 2
14506 2.89
14506 0
14506 0.05
14506 0.05
14507 1.15
14507 0
14507 3.65
14507 2.16
14507 2
14507 2.89
14507 0
14507 0.05
14507 0.05
14508 1.15
14508 0
14508 3.65
14508 2.16
14508 2
14508 2.89
14508 0
14508 0.05
14508 0.05
14509 1.15
14509 0
14509 3.65
14509 2.16
14509 2
14509 2.89
14509 0
14509 0.05
14509 0.05
14531 1.15
14531 0
14531 3.65
14531 2.16
14531 2
14531 2.89
14531 0
14531 0.05
14531 0.05
14533 1.15
14533 0
14533 3.65
14533 2.16
14533 2
14533 2.89
14533 0
14533 0.05
14533 0.05
14537 1.15
14537 0
14537 3.65
14537 2.16
14537 2
14537 2.89
14537 0
14537 0.05
14537 0.05
14540 1.15
14540 0
14540 3.65
14540 2.16
14540 2
14540 2.89
14540 0
14540 0.05
14540 0.05
14559 1.15
14559 0
14559 3.65
14559 2.16
14559 2
14559 2.89
14559 0
14559 0.05
14559 0.05
14561 1.15
14561 0
14561 3.65
14561 2.16
14561 2
14561 2.89
14561 0
14561 0.05
14561 0.05
14564 1.15
14564 0
14564 3.65
14564 2.16
14564 2
14564 2.89
14564 0
14564 0.05
14564 0.05
14565 1.15
14565 0
14565 3.65
14565 2.16
14565 2
14565 2.89
14565 0
14565 0.05
14565 0.05
14567 1.15
14567 0
14567 3.65
14567 2.16
14567 2
14567 2.89
14567 0
14567 0.05
14567 0.05
14568 1.15
14568 0
14568 3.65
14568 2.16
14568 2
14568 2.89
14568 0
14568 0.05
14568 0.05
14569 1.15
14569 0
14569 3.65
14569 2.16
14569 2
14569 2.89
14569 0
14569 0.05
14569 0.05
14570 1.15
14570 0
14570 3.65
14570 2.16
14570 2
14570 2.89
14570 0
14570 0.05
14570 0.05
14571 1.15
14571 0
14571 3.65
14571 2.16
14571 2
14571 2.89
14571 0
14571 0.05
14571 0.05
14572 1.15
14572 0
14572 3.65
14572 2.16
14572 2
14572 2.89
14572 0
14572 0.05
14572 0.05
14573 1.15
14573 0
14573 3.65
14573 2.16
14573 2
14573 2.89
14573 0
14573 0.05
14573 0.05
14593 1.15
14593 0
14593 3.65
14593 2.16
14593 2
14593 2.89
14593 0
14593 0.05
14593 0.05
14594 1.15
14594 0
14594 3.65
14594 2.16
14594 2
14594 2.89
14594 0
14594 0.05
14594 0.05
14596 1.15
14596 0
14596 3.65
14596 2.16
14596 2
14596 2.89
14596 0
14596 0.05
14596 0.05
14598 1.15
14598 0
14598 3.65
14598 2.16
14598 2
14598 2.89
14598 0
14598 0.05
14598 0.05
14600 1.15
14600 0
14600 3.65
14600 2.16
14600 2
14600 2.89
14600 0
14600 0.05
14600 0.05
14601 1.15
14601 0
14601 3.65
14601 2.16
14601 2
14601 2.89
14601 0
14601 0.05
14601 0.05
14603 1.15
14603 0
14603 3.65
14603 2.16
14603 2
14603 2.89
14603 0
14603 0.05
14603 0.05
14604 1.15
14604 0
14604 3.65
14604 2.16
14604 2
14604 2.89
14604 0
14604 0.05
14604 0.05
14605 1.15
14605 0
14605 3.65
14605 2.16
14605 2
14605 2.89
14605 0
14605 0.05
14605 0.05
14606 1.15
14606 0
14606 3.65
14606 2.16
14606 2
14606 2.89
14606 0
14606 0.05
14606 0.05
14607 1.15
14607 0
14607 3.65
14607 2.16
14607 2
14607 2.89
14607 0
14607 0.05
14607 0.05
14629 1.15
14629 0
14629 3.65
14629 2.16
14629 2
14629 2.89
14629 0
14629 0.05
14629 0.05
14631 1.15
14631 0
14631 3.65
14631 2.16
14631 2
14631 2.89
14631 0
14631 0.05
14631 0.05
14632 1.15
14632 0
14632 3.65
14632 2.16
14632 2
14632 2.89
14632 0
14632 0.05
14632 0.05
14633 1.15
14633 0
14633 3.65
14633 2.16
14633 2
14633 2.89
14633 0
14633 0.05
14633 0.05
14634 1.15
14634 0
14634 3.65
14634 2.16
14634 2
14634 2.89
14634 0
14634 0.05
14634 0.05
14635 1.15
14635 0
14635 3.65
14635 2.16
14635 2
14635 2.89
14635 0
14635 0.05
14635 0.05
14636 1.15
14636 0
14636 3.65
14636 2.16
14636 2
14636 2.89
14636 0
14636 0.05
14636 0.05
14637 1.15
14637 0
14637 3.65
14637 2.16
14637 2
14637 2.89
14637 0
14637 0.05
14637 0.05
14638 1.15
14638 0
14638 3.65
14638 2.16
14638 2
14638 2.89
14638 0
14638 0.05
14638 0.05
14639 1.15
14639 0
14639 3.65
14639 2.16
14639 2
14639 2.89
14639 0
14639 0.05
14639 0.05
14640 1.15
14640 0
14640 3.65
14640 2.16
14640 2
14640 2.89
14640 0
14640 0.05
14640 0.05
14641 1.15
14641 0
14641 3.65
14641 2.16
14641 2
14641 2.89
14641 0
14641 0.05
14641 0.05
14660 1.15
14660 0
14660 3.65
14660 2.16
14660 2
14660 2.89
14660 0
14660 0.05
14660 0.05
14662 1.15
14662 0
14662 3.65
14662 2.16
14662 2
14662 2.89
14662 0
14662 0.05
14662 0.05
14664 1.15
14664 0
14664 3.65
14664 2.16
14664 2
14664 2.89
14664 0
14664 0.05
14664 0.05
14665 1.15
14665 0
14665 3.65
14665 2.16
14665 2
14665 2.89
14665 0
14665 0.05
14665 0.05
14666 1.15
14666 0
14666 3.65
14666 2.16
14666 2
14666 2.89
14666 0
14666 0.05
14666 0.05
14667 1.15
14667 0
14667 3.65
14667 2.16
14667 2
14667 2.89
14667 0
14667 0.05
14667 0.05
14670 1.15
14670 0
14670 3.65
14670 2.16
14670 2
14670 2.89
14670 0
14670 0.05
14670 0.05
14671 1.15
14671 0
14671 3.65
14671 2.16
14671 2
14671 2.89
14671 0
14671 0.05
14671 0.05
14673 1.15
14673 0
14673 3.65
14673 2.16
14673 2
14673 2.89
14673 0
14673 0.05
14673 0.05
14674 1.15
14674 0
14674 3.65
14674 2.16
14674 2
14674 2.89
14674 0
14674 0.05
14674 0.05
14692 1.15
14692 0
14692 3.65
14692 2.16
14692 2
14692 2.89
14692 0
14692 0.05
14692 0.05
14694 1.15
14694 0
14694 3.65
14694 2.16
14694 2
14694 2.89
14694 0
14694 0.05
14694 0.05
14695 1.15
14695 0
14695 3.65
14695 2.16
14695 2
14695 2.89
14695 0
14695 0.05
14695 0.05
14698 1.15
14698 0
14698 3.65
14698 2.16
14698 2
14698 2.89
14698 0
14698 0.05
14698 0.05
14699 1.15
14699 0
14699 3.65
14699 2.16
14699 2
14699 2.89
14699 0
14699 0.05
14699 0.05
14700 1.15
14700 0
14700 3.65
14700 2.16
14700 2
14700 2.89
14700 0
14700 0.05
14700 0.05
14701 1.15
14701 0
14701 3.65
14701 2.16
14701 2
14701 2.89
14701 0
14701 0.05
14701 0.05
14702 1.15
14702 0
14702 3.65
14702 2.16
14702 2
14702 2.89
14702 0
14702 0.05
14702 0.05
14705 1.15
14705 0
14705 3.65
14705 2.16
14705 2
14705 2.89
14705 0
14705 0.05
14705 0.05
14706 1.15
14706 0
14706 3.65
14706 2.16
14706 2
14706 2.89
14706 0
14706 0.05
14706 0.05
14707 1.15
14707 0
14707 3.65
14707 2.16
14707 2
14707 2.89
14707 0
14707 0.05
14707 0.05
14727 1.15
14727 0
14727 3.65
14727 2.16
14727 2
14727 2.89
14727 0
14727 0.05
14727 0.05
14730 1.15
14730 0
14730 3.65
14730 2.16
14730 2
14730 2.89
14730 0
14730 0.05
14730 0.05
14731 1.15
14731 0
14731 3.65
14731 2.16
14731 2
14731 2.89
14731 0
14731 0.05
14731 0.05
14732 1.15
14732 0
14732 3.65
14732 2.16
14732 2
14732 2.89
14732 0
14732 0.05
14732 0.05
14734 1.15
14734 0
14734 3.65
14734 2.16
14734 2
14734 2.89
14734 0
14734 0.05
14734 0.05
14737 1.15
14737 0
14737 3.65
14737 2.16
14737 2
14737 2.89
14737 0
14737 0.05
14737 0.05
14738 1.15
14738 0
14738 3.65
14738 2.16
14738 2
14738 2.89
14738 0
14738 0.05
14738 0.05
14739 1.15
14739 0
14739 3.65
14739 2.16
14739 2
14739 2.89
14739 0
14739 0.05
14739 0.05
14761 1.15
14761 0
14761 3.65
14761 2.16
14761 2
14761 2.89
14761 0
14761 0.05
14761 0.05
14762 1.15
14762 0
14762 3.65
14762 2.16
14762 2
14762 2.89
14762 0
14762 0.05
14762 0.05
14764 1.15
14764 0
14764 3.65
14764 2.16
14764 2
14764 2.89
14764 0
14764 0.05
14764 0.05
14765 1.15
14765 0
14765 3.65
14765 2.16
14765 2
14765 2.89
14765 0
14765 0.05
14765 0.05
14767 1.15
14767 0
14767 3.65
14767 2.16
14767 2
14767 2.89
14767 0
14767 0.05
14767 0.05
14768 1.15
14768 0
14768 3.65
14768 2.16
14768 2
14768 2.89
14768 0
14768 0.05
14768 0.05
14793 1.15
14793 0
14793 3.65
14793 2.16
14793 2
14793 2.89
14793 0
14793 0.05
14793 0.05
14794 1.15
14794 0
14794 3.65
14794 2.16
14794 2
14794 2.89
14794 0
14794 0.05
14794 0.05
14795 1.15
14795 0
14795 3.65
14795 2.16
14795 2
14795 2.89
14795 0
14795 0.05
14795 0.05
14796 1.15
14796 0
14796 3.65
14796 2.16
14796 2
14796 2.89
14796 0
14796 0.05
14796 0.05
14797 1.15
14797 0
14797 3.65
14797 2.16
14797 2
14797 2.89
14797 0
14797 0.05
14797 0.05
14798 1.15
14798 0
14798 3.65
14798 2.16
14798 2
14798 2.89
14798 0
14798 0.05
14798 0.05
14799 1.15
14799 0
14799 3.65
14799 2.16
14799 2
14799 2.89
14799 0
14799 0.05
14799 0.05
14800 1.15
14800 0
14800 3.65
14800 2.16
14800 2
14800 2.89
14800 0
14800 0.05
14800 0.05
14802 1.15
14802 0
14802 3.65
14802 2.16
14802 2
14802 2.89
14802 0
14802 0.05
14802 0.05
14823 1.15
14823 0
14823 3.65
14823 2.16
14823 2
14823 2.89
14823 0
14823 0.05
14823 0.05
14825 1.15
14825 0
14825 3.65
14825 2.16
14825 2
14825 2.89
14825 0
14825 0.05
14825 0.05
14826 1.15
14826 0
14826 3.65
14826 2.16
14826 2
14826 2.89
14826 0
14826 0.05
14826 0.05
14827 1.15
14827 0
14827 3.65
14827 2.16
14827 2
14827 2.89
14827 0
14827 0.05
14827 0.05
14828 1.15
14828 0
14828 3.65
14828 2.16
14828 2
14828 2.89
14828 0
14828 0.05
14828 0.05
14829 1.15
14829 0
14829 3.65
14829 2.16
14829 2
14829 2.89
14829 0
14829 0.05
14829 0.05
14830 1.15
14830 0
14830 3.65
14830 2.16
14830 2
14830 2.89
14830 0
14830 0.05
14830 0.05
14831 1.15
14831 0
14831 3.65
14831 2.16
14831 2
14831 2.89
14831 0
14831 0.05
14831 0.05
14855 1.15
14855 0
14855 3.65
14855 2.16
14855 2
14855 2.89
14855 0
14855 0.05
14855 0.05
14857 1.15
14857 0
14857 3.65
14857 2.16
14857 2
14857 2.89
14857 0
14857 0.05
14857 0.05
14884 1.15
14884 0
14884 3.65
14884 2.16
14884 2
14884 2.89
14884 0
14884 0.05
14884 0.05
14885 1.15
14885 0
14885 3.65
14885 2.16
14885 2
14885 2.89
14885 0
14885 0.05
14885 0.05
14886 1.15
14886 0
14886 3.65
14886 2.16
14886 2
14886 2.89
14886 0
14886 0.05
14886 0.05
14887 1.15
14887 0
14887 3.65
14887 2.16
14887 2
14887 2.89
14887 0
14887 0.05
14887 0.05
14908 1.15
14908 0
14908 3.65
14908 2.16
14908 2
14908 2.89
14908 0
14908 0.05
14908 0.05
14909 1.15
14909 0
14909 3.65
14909 2.16
14909 2
14909 2.89
14909 0
14909 0.05
14909 0.05
14911 1.15
14911 0
14911 3.65
14911 2.16
14911 2
14911 2.89
14911 0
14911 0.05
14911 0.05
14913 1.15
14913 0
14913 3.65
14913 2.16
14913 2
14913 2.89
14913 0
14913 0.05
14913 0.05
14915 1.15
14915 0
14915 3.65
14915 2.16
14915 2
14915 2.89
14915 0
14915 0.05
14915 0.05
14939 1.15
14939 0
14939 3.65
14939 2.16
14939 2
14939 2.89
14939 0
14939 0.05
14939 0.05
14965 1.15
14965 0
14965 3.65
14965 2.16
14965 2
14965 2.89
14965 0
14965 0.05
14965 0.05
14966 1.15
14966 0
14966 3.65
14966 2.16
14966 2
14966 2.89
14966 0
14966 0.05
14966 0.05
14967 1.15
14967 0
14967 3.65
14967 2.16
14967 2
14967 2.89
14967 0
14967 0.05
14967 0.05
14984 1.15
14984 0
14984 3.65
14984 2.16
14984 2
14984 2.89
14984 0
14984 0.05
14984 0.05
14986 1.15
14986 0
14986 3.65
14986 2.16
14986 2
14986 2.89
14986 0
14986 0.05
14986 0.05
14987 1.15
14987 0
14987 3.65
14987 2.16
14987 2
14987 2.89
14987 0
14987 0.05
14987 0.05
14988 1.15
14988 0
14988 3.65
14988 2.16
14988 2
14988 2.89
14988 0
14988 0.05
14988 0.05
14989 1.15
14989 0
14989 3.65
14989 2.16
14989 2
14989 2.89
14989 0
14989 0.05
14989 0.05
14990 1.15
14990 0
14990 3.65
14990 2.16
14990 2
14990 2.89
14990 0
14990 0.05
14990 0.05
15011 1.15
15011 0
15011 3.65
15011 2.16
15011 2
15011 2.89
15011 0
15011 0.05
15011 0.05
15013 1.15
15013 0
15013 3.65
15013 2.16
15013 2
15013 2.89
15013 0
15013 0.05
15013 0.05
15014 1.15
15014 0
15014 3.65
15014 2.16
15014 2
15014 2.89
15014 0
15014 0.05
15014 0.05
15035 1.15
15035 0
15035 3.65
15035 2.16
15035 2
15035 2.89
15035 0
15035 0.05
15035 0.05
15036 1.15
15036 0
15036 3.65
15036 2.16
15036 2
15036 2.89
15036 0
15036 0.05
15036 0.05
15037 1.15
15037 0
15037 3.65
15037 2.16
15037 2
15037 2.89
15037 0
15037 0.05
15037 0.05
15039 1.15
15039 0
15039 3.65
15039 2.16
15039 2
15039 2.89
15039 0
15039 0.05
15039 0.05
15040 1.15
15040 0
15040 3.65
15040 2.16
15040 2
15040 2.89
15040 0
15040 0.05
15040 0.05
15043 1.15
15043 0
15043 3.65
15043 2.16
15043 2
15043 2.89
15043 0
15043 0.05
15043 0.05
15059 1.15
15059 0
15059 3.65
15059 2.16
15059 2
15059 2.89
15059 0
15059 0.05
15059 0.05
15061 1.15
15061 0
15061 3.65
15061 2.16
15061 2
15061 2.89
15061 0
15061 0.05
15061 0.05
15063 1.15
15063 0
15063 3.65
15063 2.16
15063 2
15063 2.89
15063 0
15063 0.05
15063 0.05
15064 1.15
15064 0
15064 3.65
15064 2.16
15064 2
15064 2.89
15064 0
15064 0.05
15064 0.05
15065 1.15
15065 0
15065 3.65
15065 2.16
15065 2
15065 2.89
15065 0
15065 0.05
15065 0.05
15066 1.15
15066 0
15066 3.65
15066 2.16
15066 2
15066 2.89
15066 0
15066 0.05
15066 0.05
15067 1.15
15067 0
15067 3.65
15067 2.16
15067 2
15067 2.89
15067 0
15067 0.05
15067 0.05
15068 1.15
15068 0
15068 3.65
15068 2.16
15068 2
15068 2.89
15068 0
15068 0.05
15068 0.05
15070 1.15
15070 0
15070 3.65
15070 2.16
15070 2
15070 2.89
15070 0
15070 0.05
15070 0.05
15091 1.15
15091 0
15091 3.65
15091 2.16
15091 2
15091 2.89
15091 0
15091 0.05
15091 0.05
15092 1.15
15092 0
15092 3.65
15092 2.16
15092 2
15092 2.89
15092 0
15092 0.05
15092 0.05
15093 1.15
15093 0
15093 3.65
15093 2.16
15093 2
15093 2.89
15093 0
15093 0.05
15093 0.05
15094 1.15
15094 0
15094 3.65
15094 2.16
15094 2
15094 2.89
15094 0
15094 0.05
15094 0.05
15095 1.15
15095 0
15095 3.65
15095 2.16
15095 2
15095 2.89
15095 0
15095 0.05
15095 0.05
15096 1.15
15096 0
15096 3.65
15096 2.16
15096 2
15096 2.89
15096 0
15096 0.05
15096 0.05
15097 1.15
15097 0
15097 3.65
15097 2.16
15097 2
15097 2.89
15097 0
15097 0.05
15097 0.05
15098 1.15
15098 0
15098 3.65
15098 2.16
15098 2
15098 2.89
15098 0
15098 0.05
15098 0.05
15099 1.15
15099 0
15099 3.65
15099 2.16
15099 2
15099 2.89
15099 0
15099 0.05
15099 0.05
15100 1.15
15100 0
15100 3.65
15100 2.16
15100 2
15100 2.89
15100 0
15100 0.05
15100 0.05
15126 1.15
15126 0
15126 3.65
15126 2.16
15126 2
15126 2.89
15126 0
15126 0.05
15126 0.05
15127 1.15
15127 0
15127 3.65
15127 2.16
15127 2
15127 2.89
15127 0
15127 0.05
15127 0.05
15128 1.15
15128 0
15128 3.65
15128 2.16
15128 2
15128 2.89
15128 0
15128 0.05
15128 0.05
15129 1.15
15129 0
15129 3.65
15129 2.16
15129 2
15129 2.89
15129 0
15129 0.05
15129 0.05
15130 1.15
15130 0
15130 3.65
15130 2.16
15130 2
15130 2.89
15130 0
15130 0.05
15130 0.05
15131 1.15
15131 0
15131 3.65
15131 2.16
15131 2
15131 2.89
15131 0
15131 0.05
15131 0.05
15132 1.15
15132 0
15132 3.65
15132 2.16
15132 2
15132 2.89
15132 0
15132 0.05
15132 0.05
15133 1.15
15133 0
15133 3.65
15133 2.16
15133 2
15133 2.89
15133 0
15133 0.05
15133 0.05
15134 1.15
15134 0
15134 3.65
15134 2.16
15134 2
15134 2.89
15134 0
15134 0.05
15134 0.05
15135 1.15
15135 0
15135 3.65
15135 2.16
15135 2
15135 2.89
15135 0
15135 0.05
15135 0.05
15136 1.15
15136 0
15136 3.65
15136 2.16
15136 2
15136 2.89
15136 0
15136 0.05
15136 0.05
15137 1.15
15137 0
15137 3.65
15137 2.16
15137 2
15137 2.89
15137 0
15137 0.05
15137 0.05
15169 1.15
15169 0
15169 3.65
15169 2.16
15169 2
15169 2.89
15169 0
15169 0.05
15169 0.05
15171 1.15
15171 0
15171 3.65
15171 2.16
15171 2
15171 2.89
15171 0
15171 0.05
15171 0.05
15172 1.15
15172 0
15172 3.65
15172 2.16
15172 2
15172 2.89
15172 0
15172 0.05
15172 0.05
15173 1.15
15173 0
15173 3.65
15173 2.16
15173 2
15173 2.89
15173 0
15173 0.05
15173 0.05
15174 1.15
15174 0
15174 3.65
15174 2.16
15174 2
15174 2.89
15174 0
15174 0.05
15174 0.05
15175 1.15
15175 0
15175 3.65
15175 2.16
15175 2
15175 2.89
15175 0
15175 0.05
15175 0.05
15176 1.15
15176 0
15176 3.65
15176 2.16
15176 2
15176 2.89
15176 0
15176 0.05
15176 0.05
15177 1.15
15177 0
15177 3.65
15177 2.16
15177 2
15177 2.89
15177 0
15177 0.05
15177 0.05
15178 1.15
15178 0
15178 3.65
15178 2.16
15178 2
15178 2.89
15178 0
15178 0.05
15178 0.05
15212 1.15
15212 0
15212 3.65
15212 2.16
15212 2
15212 2.89
15212 0
15212 0.05
15212 0.05
15213 1.15
15213 0
15213 3.65
15213 2.16
15213 2
15213 2.89
15213 0
15213 0.05
15213 0.05
15214 1.15
15214 0
15214 3.65
15214 2.16
15214 2
15214 2.89
15214 0
15214 0.05
15214 0.05
15215 1.15
15215 0
15215 3.65
15215 2.16
15215 2
15215 2.89
15215 0
15215 0.05
15215 0.05
15216 1.15
15216 0
15216 3.65
15216 2.16
15216 2
15216 2.89
15216 0
15216 0.05
15216 0.05
15217 1.15
15217 0
15217 3.65
15217 2.16
15217 2
15217 2.89
15217 0
15217 0.05
15217 0.05
15218 1.15
15218 0
15218 3.65
15218 2.16
15218 2
15218 2.89
15218 0
15218 0.05
15218 0.05
15219 1.15
15219 0
15219 3.65
15219 2.16
15219 2
15219 2.89
15219 0
15219 0.05
15219 0.05
15220 1.15
15220 0
15220 3.65
15220 2.16
15220 2
15220 2.89
15220 0
15220 0.05
15220 0.05
15221 1.15
15221 0
15221 3.65
15221 2.16
15221 2
15221 2.89
15221 0
15221 0.05
15221 0.05
15222 1.15
15222 0
15222 3.65
15222 2.16
15222 2
15222 2.89
15222 0
15222 0.05
15222 0.05
15261 1.15
15261 0
15261 3.65
15261 2.16
15261 2
15261 2.89
15261 0
15261 0.05
15261 0.05
15262 1.15
15262 0
15262 3.65
15262 2.16
15262 2
15262 2.89
15262 0
15262 0.05
15262 0.05
15263 1.15
15263 0
15263 3.65
15263 2.16
15263 2
15263 2.89
15263 0
15263 0.05
15263 0.05
15264 1.15
15264 0
15264 3.65
15264 2.16
15264 2
15264 2.89
15264 0
15264 0.05
15264 0.05
15265 1.15
15265 0
15265 3.65
15265 2.16
15265 2
15265 2.89
15265 0
15265 0.05
15265 0.05
15266 1.15
15266 0
15266 3.65
15266 2.16
15266 2
15266 2.89
15266 0
15266 0.05
15266 0.05
15267 1.15
15267 0
15267 3.65
15267 2.16
15267 2
15267 2.89
15267 0
15267 0.05
15267 0.05
15268 1.15
15268 0
15268 3.65
15268 2.16
15268 2
15268 2.89
15268 0
15268 0.05
15268 0.05
15269 1.15
15269 0
15269 3.65
15269 2.16
15269 2
15269 2.89
15269 0
15269 0.05
15269 0.05
15270 1.15
15270 0
15270 3.65
15270 2.16
15270 2
15270 2.89
15270 0
15270 0.05
15270 0.05
15310 1.15
15310 0
15310 3.65
15310 2.16
15310 2
15310 2.89
15310 0
15310 0.05
15310 0.05
15311 1.15
15311 0
15311 3.65
15311 2.16
15311 2
15311 2.89
15311 0
15311 0.05
15311 0.05
15312 1.15
15312 0
15312 3.65
15312 2.16
15312 2
15312 2.89
15312 0
15312 0.05
15312 0.05
15313 1.15
15313 0
15313 3.65
15313 2.16
15313 2
15313 2.89
15313 0
15313 0.05
15313 0.05
15314 1.15
15314 0
15314 3.65
15314 2.16
15314 2
15314 2.89
15314 0
15314 0.05
15314 0.05
15315 1.15
15315 0
15315 3.65
15315 2.16
15315 2
15315 2.89
15315 0
15315 0.05
15315 0.05
15316 1.15
15316 0
15316 3.65
15316 2.16
15316 2
15316 2.89
15316 0
15316 0.05
15316 0.05
15317 1.15
15317 0
15317 3.65
15317 2.16
15317 2
15317 2.89
15317 0
15317 0.05
15317 0.05
15318 1.15
15318 0
15318 3.65
15318 2.16
15318 2
15318 2.89
15318 0
15318 0.05
15318 0.05
15364 1.15
15364 0
15364 3.65
15364 2.16
15364 2
15364 2.89
15364 0
15364 0.05
15364 0.05
15365 1.15
15365 0
15365 3.65
15365 2.16
15365 2
15365 2.89
15365 0
15365 0.05
15365 0.05
15366 1.15
15366 0
15366 3.65
15366 2.16
15366 2
15366 2.89
15366 0
15366 0.05
15366 0.05
15367 1.15
15367 0
15367 3.65
15367 2.16
15367 2
15367 2.89
15367 0
15367 0.05
15367 0.05
15368 1.15
15368 0
15368 3.65
15368 2.16
15368 2
15368 2.89
15368 0
15368 0.05
15368 0.05
15369 1.15
15369 0
15369 3.65
15369 2.16
15369 2
15369 2.89
15369 0
15369 0.05
15369 0.05
15370 1.15
15370 0
15370 3.65
15370 2.16
15370 2
15370 2.89
15370 0
15370 0.05
15370 0.05
15371 1.15
15371 0
15371 3.65
15371 2.16
15371 2
15371 2.89
15371 0
15371 0.05
15371 0.05
15372 1.15
15372 0
15372 3.65
15372 2.16
15372 2
15372 2.89
15372 0
15372 0.05
15372 0.05
15423 1.15
15423 0
15423 3.65
15423 2.16
15423 2
15423 2.89
15423 0
15423 0.05
15423 0.05
15424 1.15
15424 0
15424 3.65
15424 2.16
15424 2
15424 2.89
15424 0
15424 0.05
15424 0.05
15425 1.15
15425 0
15425 3.65
15425 2.16
15425 2
15425 2.89
15425 0
15425 0.05
15425 0.05
15426 1.15
15426 0
15426 3.65
15426 2.16
15426 2
15426 2.89
15426 0
15426 0.05
15426 0.05
15427 1.15
15427 0
15427 3.65
15427 2.16
15427 2
15427 2.89
15427 0
15427 0.05
15427 0.05
15428 1.15
15428 0
15428 3.65
15428 2.16
15428 2
15428 2.89
15428 0
15428 0.05
15428 0.05
15429 1.15
15429 0
15429 3.65
15429 2.16
15429 2
15429 2.89
15429 0
15429 0.05
15429 0.05
15430 1.15
15430 0
15430 3.65
15430 2.16
15430 2
15430 2.89
15430 0
15430 0.05
15430 0.05
15431 1.15
15431 0
15431 3.65
15431 2.16
15431 2
15431 2.89
15431 0
15431 0.05
15431 0.05
15487 1.15
15487 0
15487 3.65
15487 2.16
15487 2
15487 2.89
15487 0
15487 0.05
15487 0.05
15488 1.15
15488 0
15488 3.65
15488 2.16
15488 2
15488 2.89
15488 0
15488 0.05
15488 0.05
15489 1.15
15489 0
15489 3.65
15489 2.16
15489 2
15489 2.89
15489 0
15489 0.05
15489 0.05
15490 1.15
15490 0
15490 3.65
15490 2.16
15490 2
15490 2.89
15490 0
15490 0.05
15490 0.05
15491 1.15
15491 0
15491 3.65
15491 2.16
15491 2
15491 2.89
15491 0
15491 0.05
15491 0.05
15492 1.15
15492 0
15492 3.65
15492 2.16
15492 2
15492 2.89
15492 0
15492 0.05
15492 0.05
15493 1.15
15493 0
15493 3.65
15493 2.16
15493 2
15493 2.89
15493 0
15493 0.05
15493 0.05
15494 1.15
15494 0
15494 3.65
15494 2.16
15494 2
15494 2.89
15494 0
15494 0.05
15494 0.05
15551 1.15
15551 0
15551 3.65
15551 2.16
15551 2
15551 2.89
15551 0
15551 0.05
15551 0.05
15553 1.15
15553 0
15553 3.65
15553 2.16
15553 2
15553 2.89
15553 0
15553 0.05
15553 0.05
15554 1.15
15554 0
15554 3.65
15554 2.16
15554 2
15554 2.89
15554 0
15554 0.05
15554 0.05
15556 1.15
15556 0
15556 3.65
15556 2.16
15556 2
15556 2.89
15556 0
15556 0.05
15556 0.05
15557 1.15
15557 0
15557 3.65
15557 2.16
15557 2
15557 2.89
15557 0
15557 0.05
15557 0.05
15558 1.15
15558 0
15558 3.65
15558 2.16
15558 2
15558 2.89
15558 0
15558 0.05
15558 0.05
15617 1.15
15617 0
15617 3.65
15617 2.16
15617 2
15617 2.89
15617 0
15617 0.05
15617 0.05
15619 1.15
15619 0
15619 3.65
15619 2.16
15619 2
15619 2.89
15619 0
15619 0.05
15619 0.05
15620 1.15
15620 0
15620 3.65
15620 2.16
15620 2
15620 2.89
15620 0
15620 0.05
15620 0.05
15621 1.15
15621 0
15621 3.65
15621 2.16
15621 2
15621 2.89
15621 0
15621 0.05
15621 0.05
15622 1.15
15622 0
15622 3.65
15622 2.16
15622 2
15622 2.89
15622 0
15622 0.05
15622 0.05
15683 1.15
15683 0
15683 3.65
15683 2.16
15683 2
15683 2.89
15683 0
15683 0.05
15683 0.05
15684 1.15
15684 0
15684 3.65
15684 2.16
15684 2
15684 2.89
15684 0
15684 0.05
15684 0.05
15685 1.15
15685 0
15685 3.65
15685 2.16
15685 2
15685 2.89
15685 0
15685 0.05
15685 0.05
15686 1.15
15686 0
15686 3.65
15686 2.16
15686 2
15686 2.89
15686 0
15686 0.05
15686 0.05
15751 1.15
15751 0
15751 3.65
15751 2.16
15751 2
15751 2.89
15751 0
15751 0.05
15751 0.05
15752 1.15
15752 0
15752 3.65
15752 2.16
15752 2
15752 2.89
15752 0
15752 0.05
15752 0.05
15753 1.15
15753 0
15753 3.65
15753 2.16
15753 2
15753 2.89
15753 0
15753 0.05
15753 0.05
15754 1.15
15754 0
15754 3.65
15754 2.16
15754 2
15754 2.89
15754 0
15754 0.05
15754 0.05
15816 1.15
15816 0
15816 3.65
15816 2.16
15816 2
15816 2.89
15816 0
15816 0.05
15816 0.05
15817 1.15
15817 0
15817 3.65
15817 2.16
15817 2
15817 2.89
15817 0
15817 0.05
15817 0.05
15818 1.15
15818 0
15818 3.65
15818 2.16
15818 2
15818 2.89
15818 0
15818 0.05
15818 0.05
15819 1.15
15819 0
15819 3.65
15819 2.16
15819 2
15819 2.89
15819 0
15819 0.05
15819 0.05
15820 1.15
15820 0
15820 3.65
15820 2.16
15820 2
15820 2.89
15820 0
15820 0.05
15820 0.05
15821 1.15
15821 0
15821 3.65
15821 2.16
15821 2
15821 2.89
15821 0
15821 0.05
15821 0.05
15822 1.15
15822 0
15822 3.65
15822 2.16
15822 2
15822 2.89
15822 0
15822 0.05
15822 0.05
15880 1.15
15880 0
15880 3.65
15880 2.16
15880 2
15880 2.89
15880 0
15880 0.05
15880 0.05
15881 1.15
15881 0
15881 3.65
15881 2.16
15881 2
15881 2.89
15881 0
15881 0.05
15881 0.05
15884 1.15
15884 0
15884 3.65
15884 2.16
15884 2
15884 2.89
15884 0
15884 0.05
15884 0.05
15885 1.15
15885 0
15885 3.65
15885 2.16
15885 2
15885 2.89
15885 0
15885 0.05
15885 0.05
15886 1.15
15886 0
15886 3.65
15886 2.16
15886 2
15886 2.89
15886 0
15886 0.05
15886 0.05
15887 1.15
15887 0
15887 3.65
15887 2.16
15887 2
15887 2.89
15887 0
15887 0.05
15887 0.05
15940 1.15
15940 0
15940 3.65
15940 2.16
15940 2
15940 2.89
15940 0
15940 0.05
15940 0.05
15941 1.15
15941 0
15941 3.65
15941 2.16
15941 2
15941 2.89
15941 0
15941 0.05
15941 0.05
15943 1.15
15943 0
15943 3.65
15943 2.16
15943 2
15943 2.89
15943 0
15943 0.05
15943 0.05
15944 1.15
15944 0
15944 3.65
15944 2.16
15944 2
15944 2.89
15944 0
15944 0.05
15944 0.05
15945 1.15
15945 0
15945 3.65
15945 2.16
15945 2
15945 2.89
15945 0
15945 0.05
15945 0.05
15946 1.15
15946 0
15946 3.65
15946 2.16
15946 2
15946 2.89
15946 0
15946 0.05
15946 0.05
15947 1.15
15947 0
15947 3.65
15947 2.16
15947 2
15947 2.89
15947 0
15947 0.05
15947 0.05
15948 1.15
15948 0
15948 3.65
15948 2.16
15948 2
15948 2.89
15948 0
15948 0.05
15948 0.05
15949 1.15
15949 0
15949 3.65
15949 2.16
15949 2
15949 2.89
15949 0
15949 0.05
15949 0.05
15950 1.15
15950 0
15950 3.65
15950 2.16
15950 2
15950 2.89
15950 0
15950 0.05
15950 0.05
15951 1.15
15951 0
15951 3.65
15951 2.16
15951 2
15951 2.89
15951 0
15951 0.05
15951 0.05
15986 1.15
15986 0
15986 3.65
15986 2.16
15986 2
15986 2.89
15986 0
15986 0.05
15986 0.05
15997 1.15
15997 0
15997 3.65
15997 2.16
15997 2
15997 2.89
15997 0
15997 0.05
15997 0.05
15999 1.15
15999 0
15999 3.65
15999 2.16
15999 2
15999 2.89
15999 0
15999 0.05
15999 0.05
16000 1.15
16000 0
16000 3.65
16000 2.16
16000 2
16000 2.89
16000 0
16000 0.05
16000 0.05
16001 1.15
16001 0
16001 3.65
16001 2.16
16001 2
16001 2.89
16001 0
16001 0.05
16001 0.05
16002 1.15
16002 0
16002 3.65
16002 2.16
16002 2
16002 2.89
16002 0
16002 0.05
16002 0.05
16003 1.15
16003 0
16003 3.65
16003 2.16
16003 2
16003 2.89
16003 0
16003 0.05
16003 0.05
16004 1.15
16004 0
16004 3.65
16004 2.16
16004 2
16004 2.89
16004 0
16004 0.05
16004 0.05
16005 1.15
16005 0
16005 3.65
16005 2.16
16005 2
16005 2.89
16005 0
16005 0.05
16005 0.05
16006 1.15
16006 0
16006 3.65
16006 2.16
16006 2
16006 2.89
16006 0
16006 0.05
16006 0.05
16007 1.15
16007 0
16007 3.65
16007 2.16
16007 2
16007 2.89
16007 0
16007 0.05
16007 0.05
16037 1.15
16037 0
16037 3.65
16037 2.16
16037 2
16037 2.89
16037 0
16037 0.05
16037 0.05
16049 1.15
16049 0
16049 3.65
16049 2.16
16049 2
16049 2.89
16049 0
16049 0.05
16049 0.05
16050 1.15
16050 0
16050 3.65
16050 2.16
16050 2
16050 2.89
16050 0
16050 0.05
16050 0.05
16051 1.15
16051 0
16051 3.65
16051 2.16
16051 2
16051 2.89
16051 0
16051 0.05
16051 0.05
16052 1.15
16052 0
16052 3.65
16052 2.16
16052 2
16052 2.89
16052 0
16052 0.05
16052 0.05
16053 1.15
16053 0
16053 3.65
16053 2.16
16053 2
16053 2.89
16053 0
16053 0.05
16053 0.05
16054 1.15
16054 0
16054 3.65
16054 2.16
16054 2
16054 2.89
16054 0
16054 0.05
16054 0.05
16055 1.15
16055 0
16055 3.65
16055 2.16
16055 2
16055 2.89
16055 0
16055 0.05
16055 0.05
16056 1.15
16056 0
16056 3.65
16056 2.16
16056 2
16056 2.89
16056 0
16056 0.05
16056 0.05
16057 1.15
16057 0
16057 3.65
16057 2.16
16057 2
16057 2.89
16057 0
16057 0.05
16057 0.05
16058 1.15
16058 0
16058 3.65
16058 2.16
16058 2
16058 2.89
16058 0
16058 0.05
16058 0.05
16059 1.15
16059 0
16059 3.65
16059 2.16
16059 2
16059 2.89
16059 0
16059 0.05
16059 0.05
16085 1.15
16085 0
16085 3.65
16085 2.16
16085 2
16085 2.89
16085 0
16085 0.05
16085 0.05
16086 1.15
16086 0
16086 3.65
16086 2.16
16086 2
16086 2.89
16086 0
16086 0.05
16086 0.05
16100 1.15
16100 0
16100 3.65
16100 2.16
16100 2
16100 2.89
16100 0
16100 0.05
16100 0.05
16101 1.15
16101 0
16101 3.65
16101 2.16
16101 2
16101 2.89
16101 0
16101 0.05
16101 0.05
16102 1.15
16102 0
16102 3.65
16102 2.16
16102 2
16102 2.89
16102 0
16102 0.05
16102 0.05
16103 1.15
16103 0
16103 3.65
16103 2.16
16103 2
16103 2.89
16103 0
16103 0.05
16103 0.05
16104 1.15
16104 0
16104 3.65
16104 2.16
16104 2
16104 2.89
16104 0
16104 0.05
16104 0.05
16105 1.15
16105 0
16105 3.65
16105 2.16
16105 2
16105 2.89
16105 0
16105 0.05
16105 0.05
16106 1.15
16106 0
16106 3.65
16106 2.16
16106 2
16106 2.89
16106 0
16106 0.05
16106 0.05
16107 1.15
16107 0
16107 3.65
16107 2.16
16107 2
16107 2.89
16107 0
16107 0.05
16107 0.05
16133 1.15
16133 0
16133 3.65
16133 2.16
16133 2
16133 2.89
16133 0
16133 0.05
16133 0.05
16135 1.15
16135 0
16135 3.65
16135 2.16
16135 2
16135 2.89
16135 0
16135 0.05
16135 0.05
16137 1.15
16137 0
16137 3.65
16137 2.16
16137 2
16137 2.89
16137 0
16137 0.05
16137 0.05
16145 1.15
16145 0
16145 3.65
16145 2.16
16145 2
16145 2.89
16145 0
16145 0.05
16145 0.05
16150 1.15
16150 0
16150 3.65
16150 2.16
16150 2
16150 2.89
16150 0
16150 0.05
16150 0.05
16152 1.15
16152 0
16152 3.65
16152 2.16
16152 2
16152 2.89
16152 0
16152 0.05
16152 0.05
16153 1.15
16153 0
16153 3.65
16153 2.16
16153 2
16153 2.89
16153 0
16153 0.05
16153 0.05
16154 1.15
16154 0
16154 3.65
16154 2.16
16154 2
16154 2.89
16154 0
16154 0.05
16154 0.05
16155 1.15
16155 0
16155 3.65
16155 2.16
16155 2
16155 2.89
16155 0
16155 0.05
16155 0.05
16182 1.15
16182 0
16182 3.65
16182 2.16
16182 2
16182 2.89
16182 0
16182 0.05
16182 0.05
16183 1.15
16183 0
16183 3.65
16183 2.16
16183 2
16183 2.89
16183 0
16183 0.05
16183 0.05
16184 1.15
16184 0
16184 3.65
16184 2.16
16184 2
16184 2.89
16184 0
16184 0.05
16184 0.05
16193 1.15
16193 0
16193 3.65
16193 2.16
16193 2
16193 2.89
16193 0
16193 0.05
16193 0.05
16194 1.15
16194 0
16194 3.65
16194 2.16
16194 2
16194 2.89
16194 0
16194 0.05
16194 0.05
16197 1.15
16197 0
16197 3.65
16197 2.16
16197 2
16197 2.89
16197 0
16197 0.05
16197 0.05
16198 1.15
16198 0
16198 3.65
16198 2.16
16198 2
16198 2.89
16198 0
16198 0.05
16198 0.05
16199 1.15
16199 0
16199 3.65
16199 2.16
16199 2
16199 2.89
16199 0
16199 0.05
16199 0.05
16200 1.15
16200 0
16200 3.65
16200 2.16
16200 2
16200 2.89
16200 0
16200 0.05
16200 0.05
16201 1.15
16201 0
16201 3.65
16201 2.16
16201 2
16201 2.89
16201 0
16201 0.05
16201 0.05
16202 1.15
16202 0
16202 3.65
16202 2.16
16202 2
16202 2.89
16202 0
16202 0.05
16202 0.05
16223 1.15
16223 0
16223 3.65
16223 2.16
16223 2
16223 2.89
16223 0
16223 0.05
16223 0.05
16226 1.15
16226 0
16226 3.65
16226 2.16
16226 2
16226 2.89
16226 0
16226 0.05
16226 0.05
16227 1.15
16227 0
16227 3.65
16227 2.16
16227 2
16227 2.89
16227 0
16227 0.05
16227 0.05
16229 1.15
16229 0
16229 3.65
16229 2.16
16229 2
16229 2.89
16229 0
16229 0.05
16229 0.05
16230 1.15
16230 0
16230 3.65
16230 2.16
16230 2
16230 2.89
16230 0
16230 0.05
16230 0.05
16231 1.15
16231 0
16231 3.65
16231 2.16
16231 2
16231 2.89
16231 0
16231 0.05
16231 0.05
16233 1.15
16233 0
16233 3.65
16233 2.16
16233 2
16233 2.89
16233 0
16233 0.05
16233 0.05
16243 1.15
16243 0
16243 3.65
16243 2.16
16243 2
16243 2.89
16243 0
16243 0.05
16243 0.05
16244 1.15
16244 0
16244 3.65
16244 2.16
16244 2
16244 2.89
16244 0
16244 0.05
16244 0.05
16245 1.15
16245 0
16245 3.65
16245 2.16
16245 2
16245 2.89
16245 0
16245 0.05
16245 0.05
16246 1.15
16246 0
16246 3.65
16246 2.16
16246 2
16246 2.89
16246 0
16246 0.05
16246 0.05
16247 1.15
16247 0
16247 3.65
16247 2.16
16247 2
16247 2.89
16247 0
16247 0.05
16247 0.05
16248 1.15
16248 0
16248 3.65
16248 2.16
16248 2
16248 2.89
16248 0
16248 0.05
16248 0.05
16273 1.15
16273 0
16273 3.65
16273 2.16
16273 2
16273 2.89
16273 0
16273 0.05
16273 0.05
16274 1.15
16274 0
16274 3.65
16274 2.16
16274 2
16274 2.89
16274 0
16274 0.05
16274 0.05
16275 1.15
16275 0
16275 3.65
16275 2.16
16275 2
16275 2.89
16275 0
16275 0.05
16275 0.05
16276 1.15
16276 0
16276 3.65
16276 2.16
16276 2
16276 2.89
16276 0
16276 0.05
16276 0.05
16279 1.15
16279 0
16279 3.65
16279 2.16
16279 2
16279 2.89
16279 0
16279 0.05
16279 0.05
16290 1.15
16290 0
16290 3.65
16290 2.16
16290 2
16290 2.89
16290 0
16290 0.05
16290 0.05
16291 1.15
16291 0
16291 3.65
16291 2.16
16291 2
16291 2.89
16291 0
16291 0.05
16291 0.05
16292 1.15
16292 0
16292 3.65
16292 2.16
16292 2
16292 2.89
16292 0
16292 0.05
16292 0.05
16293 1.15
16293 0
16293 3.65
16293 2.16
16293 2
16293 2.89
16293 0
16293 0.05
16293 0.05
16294 1.15
16294 0
16294 3.65
16294 2.16
16294 2
16294 2.89
16294 0
16294 0.05
16294 0.05
16320 1.15
16320 0
16320 3.65
16320 2.16
16320 2
16320 2.89
16320 0
16320 0.05
16320 0.05
16321 1.15
16321 0
16321 3.65
16321 2.16
16321 2
16321 2.89
16321 0
16321 0.05
16321 0.05
16322 1.15
16322 0
16322 3.65
16322 2.16
16322 2
16322 2.89
16322 0
16322 0.05
16322 0.05
16323 1.15
16323 0
16323 3.65
16323 2.16
16323 2
16323 2.89
16323 0
16323 0.05
16323 0.05
16324 1.15
16324 0
16324 3.65
16324 2.16
16324 2
16324 2.89
16324 0
16324 0.05
16324 0.05
16325 1.15
16325 0
16325 3.65
16325 2.16
16325 2
16325 2.89
16325 0
16325 0.05
16325 0.05
16326 1.15
16326 0
16326 3.65
16326 2.16
16326 2
16326 2.89
16326 0
16326 0.05
16326 0.05
16336 1.15
16336 0
16336 3.65
16336 2.16
16336 2
16336 2.89
16336 0
16336 0.05
16336 0.05
16337 1.15
16337 0
16337 3.65
16337 2.16
16337 2
16337 2.89
16337 0
16337 0.05
16337 0.05
16338 1.15
16338 0
16338 3.65
16338 2.16
16338 2
16338 2.89
16338 0
16338 0.05
16338 0.05
16339 1.15
16339 0
16339 3.65
16339 2.16
16339 2
16339 2.89
16339 0
16339 0.05
16339 0.05
16340 1.15
16340 0
16340 3.65
16340 2.16
16340 2
16340 2.89
16340 0
16340 0.05
16340 0.05
16341 1.15
16341 0
16341 3.65
16341 2.16
16341 2
16341 2.89
16341 0
16341 0.05
16341 0.05
16364 1.15
16364 0
16364 3.65
16364 2.16
16364 2
16364 2.89
16364 0
16364 0.05
16364 0.05
16366 1.15
16366 0
16366 3.65
16366 2.16
16366 2
16366 2.89
16366 0
16366 0.05
16366 0.05
16380 1.15
16380 0
16380 3.65
16380 2.16
16380 2
16380 2.89
16380 0
16380 0.05
16380 0.05
16381 1.15
16381 0
16381 3.65
16381 2.16
16381 2
16381 2.89
16381 0
16381 0.05
16381 0.05
16382 1.15
16382 0
16382 3.65
16382 2.16
16382 2
16382 2.89
16382 0
16382 0.05
16382 0.05
16383 1.15
16383 0
16383 3.65
16383 2.16
16383 2
16383 2.89
16383 0
16383 0.05
16383 0.05
16384 1.15
16384 0
16384 3.65
16384 2.16
16384 2
16384 2.89
16384 0
16384 0.05
16384 0.05
16408 1.15
16408 0
16408 3.65
16408 2.16
16408 2
16408 2.89
16408 0
16408 0.05
16408 0.05
16410 1.15
16410 0
16410 3.65
16410 2.16
16410 2
16410 2.89
16410 0
16410 0.05
16410 0.05
16412 1.15
16412 0
16412 3.65
16412 2.16
16412 2
16412 2.89
16412 0
16412 0.05
16412 0.05
16413 1.15
16413 0
16413 3.65
16413 2.16
16413 2
16413 2.89
16413 0
16413 0.05
16413 0.05
16420 1.15
16420 0
16420 3.65
16420 2.16
16420 2
16420 2.89
16420 0
16420 0.05
16420 0.05
16421 1.15
16421 0
16421 3.65
16421 2.16
16421 2
16421 2.89
16421 0
16421 0.05
16421 0.05
16424 1.15
16424 0
16424 3.65
16424 2.16
16424 2
16424 2.89
16424 0
16424 0.05
16424 0.05
16425 1.15
16425 0
16425 3.65
16425 2.16
16425 2
16425 2.89
16425 0
16425 0.05
16425 0.05
16426 1.15
16426 0
16426 3.65
16426 2.16
16426 2
16426 2.89
16426 0
16426 0.05
16426 0.05
16447 1.15
16447 0
16447 3.65
16447 2.16
16447 2
16447 2.89
16447 0
16447 0.05
16447 0.05
16450 1.15
16450 0
16450 3.65
16450 2.16
16450 2
16450 2.89
16450 0
16450 0.05
16450 0.05
16451 1.15
16451 0
16451 3.65
16451 2.16
16451 2
16451 2.89
16451 0
16451 0.05
16451 0.05
16452 1.15
16452 0
16452 3.65
16452 2.16
16452 2
16452 2.89
16452 0
16452 0.05
16452 0.05
16453 1.15
16453 0
16453 3.65
16453 2.16
16453 2
16453 2.89
16453 0
16453 0.05
16453 0.05
16454 1.15
16454 0
16454 3.65
16454 2.16
16454 2
16454 2.89
16454 0
16454 0.05
16454 0.05
16457 1.15
16457 0
16457 3.65
16457 2.16
16457 2
16457 2.89
16457 0
16457 0.05
16457 0.05
16458 1.15
16458 0
16458 3.65
16458 2.16
16458 2
16458 2.89
16458 0
16458 0.05
16458 0.05
16459 1.15
16459 0
16459 3.65
16459 2.16
16459 2
16459 2.89
16459 0
16459 0.05
16459 0.05
16464 1.15
16464 0
16464 3.65
16464 2.16
16464 2
16464 2.89
16464 0
16464 0.05
16464 0.05
16466 1.15
16466 0
16466 3.65
16466 2.16
16466 2
16466 2.89
16466 0
16466 0.05
16466 0.05
16468 1.15
16468 0
16468 3.65
16468 2.16
16468 2
16468 2.89
16468 0
16468 0.05
16468 0.05
16469 1.15
16469 0
16469 3.65
16469 2.16
16469 2
16469 2.89
16469 0
16469 0.05
16469 0.05
16470 1.15
16470 0
16470 3.65
16470 2.16
16470 2
16470 2.89
16470 0
16470 0.05
16470 0.05
16491 1.15
16491 0
16491 3.65
16491 2.16
16491 2
16491 2.89
16491 0
16491 0.05
16491 0.05
16494 1.15
16494 0
16494 3.65
16494 2.16
16494 2
16494 2.89
16494 0
16494 0.05
16494 0.05
16495 1.15
16495 0
16495 3.65
16495 2.16
16495 2
16495 2.89
16495 0
16495 0.05
16495 0.05
16496 1.15
16496 0
16496 3.65
16496 2.16
16496 2
16496 2.89
16496 0
16496 0.05
16496 0.05
16497 1.15
16497 0
16497 3.65
16497 2.16
16497 2
16497 2.89
16497 0
16497 0.05
16497 0.05
16500 1.15
16500 0
16500 3.65
16500 2.16
16500 2
16500 2.89
16500 0
16500 0.05
16500 0.05
16501 1.15
16501 0
16501 3.65
16501 2.16
16501 2
16501 2.89
16501 0
16501 0.05
16501 0.05
16502 1.15
16502 0
16502 3.65
16502 2.16
16502 2
16502 2.89
16502 0
16502 0.05
16502 0.05
16504 1.15
16504 0
16504 3.65
16504 2.16
16504 2
16504 2.89
16504 0
16504 0.05
16504 0.05
16505 1.15
16505 0
16505 3.65
16505 2.16
16505 2
16505 2.89
16505 0
16505 0.05
16505 0.05
16510 1.15
16510 0
16510 3.65
16510 2.16
16510 2
16510 2.89
16510 0
16510 0.05
16510 0.05
16512 1.15
16512 0
16512 3.65
16512 2.16
16512 2
16512 2.89
16512 0
16512 0.05
16512 0.05
16513 1.15
16513 0
16513 3.65
16513 2.16
16513 2
16513 2.89
16513 0
16513 0.05
16513 0.05
16514 1.15
16514 0
16514 3.65
16514 2.16
16514 2
16514 2.89
16514 0
16514 0.05
16514 0.05
16515 1.15
16515 0
16515 3.65
16515 2.16
16515 2
16515 2.89
16515 0
16515 0.05
16515 0.05
16540 1.15
16540 0
16540 3.65
16540 2.16
16540 2
16540 2.89
16540 0
16540 0.05
16540 0.05
16541 1.15
16541 0
16541 3.65
16541 2.16
16541 2
16541 2.89
16541 0
16541 0.05
16541 0.05
16544 1.15
16544 0
16544 3.65
16544 2.16
16544 2
16544 2.89
16544 0
16544 0.05
16544 0.05
16545 1.15
16545 0
16545 3.65
16545 2.16
16545 2
16545 2.89
16545 0
16545 0.05
16545 0.05
16547 1.15
16547 0
16547 3.65
16547 2.16
16547 2
16547 2.89
16547 0
16547 0.05
16547 0.05
16549 1.15
16549 0
16549 3.65
16549 2.16
16549 2
16549 2.89
16549 0
16549 0.05
16549 0.05
16552 1.15
16552 0
16552 3.65
16552 2.16
16552 2
16552 2.89
16552 0
16552 0.05
16552 0.05
16553 1.15
16553 0
16553 3.65
16553 2.16
16553 2
16553 2.89
16553 0
16553 0.05
16553 0.05
16554 1.15
16554 0
16554 3.65
16554 2.16
16554 2
16554 2.89
16554 0
16554 0.05
16554 0.05
16555 1.15
16555 0
16555 3.65
16555 2.16
16555 2
16555 2.89
16555 0
16555 0.05
16555 0.05
16556 1.15
16556 0
16556 3.65
16556 2.16
16556 2
16556 2.89
16556 0
16556 0.05
16556 0.05
16557 1.15
16557 0
16557 3.65
16557 2.16
16557 2
16557 2.89
16557 0
16557 0.05
16557 0.05
16558 1.15
16558 0
16558 3.65
16558 2.16
16558 2
16558 2.89
16558 0
16558 0.05
16558 0.05
16584 1.15
16584 0
16584 3.65
16584 2.16
16584 2
16584 2.89
16584 0
16584 0.05
16584 0.05
16589 1.15
16589 0
16589 3.65
16589 2.16
16589 2
16589 2.89
16589 0
16589 0.05
16589 0.05
16590 1.15
16590 0
16590 3.65
16590 2.16
16590 2
16590 2.89
16590 0
16590 0.05
16590 0.05
16593 1.15
16593 0
16593 3.65
16593 2.16
16593 2
16593 2.89
16593 0
16593 0.05
16593 0.05
16595 1.15
16595 0
16595 3.65
16595 2.16
16595 2
16595 2.89
16595 0
16595 0.05
16595 0.05
16596 1.15
16596 0
16596 3.65
16596 2.16
16596 2
16596 2.89
16596 0
16596 0.05
16596 0.05
16599 1.15
16599 0
16599 3.65
16599 2.16
16599 2
16599 2.89
16599 0
16599 0.05
16599 0.05
16600 1.15
16600 0
16600 3.65
16600 2.16
16600 2
16600 2.89
16600 0
16600 0.05
16600 0.05
16601 1.15
16601 0
16601 3.65
16601 2.16
16601 2
16601 2.89
16601 0
16601 0.05
16601 0.05
16628 1.15
16628 0
16628 3.65
16628 2.16
16628 2
16628 2.89
16628 0
16628 0.05
16628 0.05
16633 1.15
16633 0
16633 3.65
16633 2.16
16633 2
16633 2.89
16633 0
16633 0.05
16633 0.05
16636 1.15
16636 0
16636 3.65
16636 2.16
16636 2
16636 2.89
16636 0
16636 0.05
16636 0.05
16638 1.15
16638 0
16638 3.65
16638 2.16
16638 2
16638 2.89
16638 0
16638 0.05
16638 0.05
16639 1.15
16639 0
16639 3.65
16639 2.16
16639 2
16639 2.89
16639 0
16639 0.05
16639 0.05
16643 1.15
16643 0
16643 3.65
16643 2.16
16643 2
16643 2.89
16643 0
16643 0.05
16643 0.05
16645 1.15
16645 0
16645 3.65
16645 2.16
16645 2
16645 2.89
16645 0
16645 0.05
16645 0.05
16672 1.15
16672 0
16672 3.65
16672 2.16
16672 2
16672 2.89
16672 0
16672 0.05
16672 0.05
16673 1.15
16673 0
16673 3.65
16673 2.16
16673 2
16673 2.89
16673 0
16673 0.05
16673 0.05
16676 1.15
16676 0
16676 3.65
16676 2.16
16676 2
16676 2.89
16676 0
16676 0.05
16676 0.05
16680 1.15
16680 0
16680 3.65
16680 2.16
16680 2
16680 2.89
16680 0
16680 0.05
16680 0.05
16681 1.15
16681 0
16681 3.65
16681 2.16
16681 2
16681 2.89
16681 0
16681 0.05
16681 0.05
16683 1.15
16683 0
16683 3.65
16683 2.16
16683 2
16683 2.89
16683 0
16683 0.05
16683 0.05
16685 1.15
16685 0
16685 3.65
16685 2.16
16685 2
16685 2.89
16685 0
16685 0.05
16685 0.05
16687 1.15
16687 0
16687 3.65
16687 2.16
16687 2
16687 2.89
16687 0
16687 0.05
16687 0.05
16688 1.15
16688 0
16688 3.65
16688 2.16
16688 2
16688 2.89
16688 0
16688 0.05
16688 0.05
16689 1.15
16689 0
16689 3.65
16689 2.16
16689 2
16689 2.89
16689 0
16689 0.05
16689 0.05
16719 1.15
16719 0
16719 3.65
16719 2.16
16719 2
16719 2.89
16719 0
16719 0.05
16719 0.05
16720 1.15
16720 0
16720 3.65
16720 2.16
16720 2
16720 2.89
16720 0
16720 0.05
16720 0.05
16725 1.15
16725 0
16725 3.65
16725 2.16
16725 2
16725 2.89
16725 0
16725 0.05
16725 0.05
16728 1.15
16728 0
16728 3.65
16728 2.16
16728 2
16728 2.89
16728 0
16728 0.05
16728 0.05
16729 1.15
16729 0
16729 3.65
16729 2.16
16729 2
16729 2.89
16729 0
16729 0.05
16729 0.05
16730 1.15
16730 0
16730 3.65
16730 2.16
16730 2
16730 2.89
16730 0
16730 0.05
16730 0.05
16731 1.15
16731 0
16731 3.65
16731 2.16
16731 2
16731 2.89
16731 0
16731 0.05
16731 0.05
16733 1.15
16733 0
16733 3.65
16733 2.16
16733 2
16733 2.89
16733 0
16733 0.05
16733 0.05
16734 1.15
16734 0
16734 3.65
16734 2.16
16734 2
16734 2.89
16734 0
16734 0.05
16734 0.05
16767 1.15
16767 0
16767 3.65
16767 2.16
16767 2
16767 2.89
16767 0
16767 0.05
16767 0.05
16776 1.15
16776 0
16776 3.65
16776 2.16
16776 2
16776 2.89
16776 0
16776 0.05
16776 0.05
16779 1.15
16779 0
16779 3.65
16779 2.16
16779 2
16779 2.89
16779 0
16779 0.05
16779 0.05
16780 1.15
16780 0
16780 3.65
16780 2.16
16780 2
16780 2.89
16780 0
16780 0.05
16780 0.05
16781 1.15
16781 0
16781 3.65
16781 2.16
16781 2
16781 2.89
16781 0
16781 0.05
16781 0.05
16782 1.15
16782 0
16782 3.65
16782 2.16
16782 2
16782 2.89
16782 0
16782 0.05
16782 0.05
16818 1.15
16818 0
16818 3.65
16818 2.16
16818 2
16818 2.89
16818 0
16818 0.05
16818 0.05
16819 1.15
16819 0
16819 3.65
16819 2.16
16819 2
16819 2.89
16819 0
16819 0.05
16819 0.05
16821 1.15
16821 0
16821 3.65
16821 2.16
16821 2
16821 2.89
16821 0
16821 0.05
16821 0.05
16822 1.15
16822 0
16822 3.65
16822 2.16
16822 2
16822 2.89
16822 0
16822 0.05
16822 0.05
16825 1.15
16825 0
16825 3.65
16825 2.16
16825 2
16825 2.89
16825 0
16825 0.05
16825 0.05
16826 1.15
16826 0
16826 3.65
16826 2.16
16826 2
16826 2.89
16826 0
16826 0.05
16826 0.05
16827 1.15
16827 0
16827 3.65
16827 2.16
16827 2
16827 2.89
16827 0
16827 0.05
16827 0.05
16828 1.15
16828 0
16828 3.65
16828 2.16
16828 2
16828 2.89
16828 0
16828 0.05
16828 0.05
16829 1.15
16829 0
16829 3.65
16829 2.16
16829 2
16829 2.89
16829 0
16829 0.05
16829 0.05
16830 1.15
16830 0
16830 3.65
16830 2.16
16830 2
16830 2.89
16830 0
16830 0.05
16830 0.05
16865 1.15
16865 0
16865 3.65
16865 2.16
16865 2
16865 2.89
16865 0
16865 0.05
16865 0.05
16867 1.15
16867 0
16867 3.65
16867 2.16
16867 2
16867 2.89
16867 0
16867 0.05
16867 0.05
16868 1.15
16868 0
16868 3.65
16868 2.16
16868 2
16868 2.89
16868 0
16868 0.05
16868 0.05
16870 1.15
16870 0
16870 3.65
16870 2.16
16870 2
16870 2.89
16870 0
16870 0.05
16870 0.05
16871 1.15
16871 0
16871 3.65
16871 2.16
16871 2
16871 2.89
16871 0
16871 0.05
16871 0.05
16873 1.15
16873 0
16873 3.65
16873 2.16
16873 2
16873 2.89
16873 0
16873 0.05
16873 0.05
16875 1.15
16875 0
16875 3.65
16875 2.16
16875 2
16875 2.89
16875 0
16875 0.05
16875 0.05
16876 1.15
16876 0
16876 3.65
16876 2.16
16876 2
16876 2.89
16876 0
16876 0.05
16876 0.05
16877 1.15
16877 0
16877 3.65
16877 2.16
16877 2
16877 2.89
16877 0
16877 0.05
16877 0.05
16878 1.15
16878 0
16878 3.65
16878 2.16
16878 2
16878 2.89
16878 0
16878 0.05
16878 0.05
16879 1.15
16879 0
16879 3.65
16879 2.16
16879 2
16879 2.89
16879 0
16879 0.05
16879 0.05
16917 1.15
16917 0
16917 3.65
16917 2.16
16917 2
16917 2.89
16917 0
16917 0.05
16917 0.05
16918 1.15
16918 0
16918 3.65
16918 2.16
16918 2
16918 2.89
16918 0
16918 0.05
16918 0.05
16920 1.15
16920 0
16920 3.65
16920 2.16
16920 2
16920 2.89
16920 0
16920 0.05
16920 0.05
16921 1.15
16921 0
16921 3.65
16921 2.16
16921 2
16921 2.89
16921 0
16921 0.05
16921 0.05
16922 1.15
16922 0
16922 3.65
16922 2.16
16922 2
16922 2.89
16922 0
16922 0.05
16922 0.05
16923 1.15
16923 0
16923 3.65
16923 2.16
16923 2
16923 2.89
16923 0
16923 0.05
16923 0.05
16965 1.15
16965 0
16965 3.65
16965 2.16
16965 2
16965 2.89
16965 0
16965 0.05
16965 0.05
16966 1.15
16966 0
16966 3.65
16966 2.16
16966 2
16966 2.89
16966 0
16966 0.05
16966 0.05
17007 1.15
17007 0
17007 3.65
17007 2.16
17007 2
17007 2.89
17007 0
17007 0.05
17007 0.05
17008 1.15
17008 0
17008 3.65
17008 2.16
17008 2
17008 2.89
17008 0
17008 0.05
17008 0.05
