pt_graph cpue_kghour
13389 1.38
13389 0
13389 4.9
13389 2.99
13389 4.42
13389 3.9
13389 0
13389 0.05
13389 0.05
13599 1.38
13599 0
13599 4.9
13599 2.99
13599 4.42
13599 3.9
13599 0
13599 0.05
13599 0.05
13600 1.38
13600 0
13600 4.9
13600 2.99
13600 4.42
13600 3.9
13600 0
13600 0.05
13600 0.05
13664 1.38
13664 0
13664 4.9
13664 2.99
13664 4.42
13664 3.9
13664 0
13664 0.05
13664 0.05
13720 1.38
13720 0
13720 4.9
13720 2.99
13720 4.42
13720 3.9
13720 0
13720 0.05
13720 0.05
13762 1.38
13762 0
13762 4.9
13762 2.99
13762 4.42
13762 3.9
13762 0
13762 0.05
13762 0.05
13820 1.38
13820 0
13820 4.9
13820 2.99
13820 4.42
13820 3.9
13820 0
13820 0.05
13820 0.05
13828 1.38
13828 0
13828 4.9
13828 2.99
13828 4.42
13828 3.9
13828 0
13828 0.05
13828 0.05
13866 1.38
13866 0
13866 4.9
13866 2.99
13866 4.42
13866 3.9
13866 0
13866 0.05
13866 0.05
13869 1.38
13869 0
13869 4.9
13869 2.99
13869 4.42
13869 3.9
13869 0
13869 0.05
13869 0.05
13934 1.38
13934 0
13934 4.9
13934 2.99
13934 4.42
13934 3.9
13934 0
13934 0.05
13934 0.05
13977 1.38
13977 0
13977 4.9
13977 2.99
13977 4.42
13977 3.9
13977 0
13977 0.05
13977 0.05
14002 1.38
14002 0
14002 4.9
14002 2.99
14002 4.42
14002 3.9
14002 0
14002 0.05
14002 0.05
14055 1.38
14055 0
14055 4.9
14055 2.99
14055 4.42
14055 3.9
14055 0
14055 0.05
14055 0.05
14095 1.38
14095 0
14095 4.9
14095 2.99
14095 4.42
14095 3.9
14095 0
14095 0.05
14095 0.05
14096 1.38
14096 0
14096 4.9
14096 2.99
14096 4.42
14096 3.9
14096 0
14096 0.05
14096 0.05
14163 1.38
14163 0
14163 4.9
14163 2.99
14163 4.42
14163 3.9
14163 0
14163 0.05
14163 0.05
14208 1.38
14208 0
14208 4.9
14208 2.99
14208 4.42
14208 3.9
14208 0
14208 0.05
14208 0.05
14210 1.38
14210 0
14210 4.9
14210 2.99
14210 4.42
14210 3.9
14210 0
14210 0.05
14210 0.05
14211 1.38
14211 0
14211 4.9
14211 2.99
14211 4.42
14211 3.9
14211 0
14211 0.05
14211 0.05
14238 1.38
14238 0
14238 4.9
14238 2.99
14238 4.42
14238 3.9
14238 0
14238 0.05
14238 0.05
14330 1.38
14330 0
14330 4.9
14330 2.99
14330 4.42
14330 3.9
14330 0
14330 0.05
14330 0.05
14337 1.38
14337 0
14337 4.9
14337 2.99
14337 4.42
14337 3.9
14337 0
14337 0.05
14337 0.05
14349 1.38
14349 0
14349 4.9
14349 2.99
14349 4.42
14349 3.9
14349 0
14349 0.05
14349 0.05
14355 1.38
14355 0
14355 4.9
14355 2.99
14355 4.42
14355 3.9
14355 0
14355 0.05
14355 0.05
14385 1.38
14385 0
14385 4.9
14385 2.99
14385 4.42
14385 3.9
14385 0
14385 0.05
14385 0.05
14394 1.38
14394 0
14394 4.9
14394 2.99
14394 4.42
14394 3.9
14394 0
14394 0.05
14394 0.05
14435 1.38
14435 0
14435 4.9
14435 2.99
14435 4.42
14435 3.9
14435 0
14435 0.05
14435 0.05
14466 1.38
14466 0
14466 4.9
14466 2.99
14466 4.42
14466 3.9
14466 0
14466 0.05
14466 0.05
14470 1.38
14470 0
14470 4.9
14470 2.99
14470 4.42
14470 3.9
14470 0
14470 0.05
14470 0.05
14474 1.38
14474 0
14474 4.9
14474 2.99
14474 4.42
14474 3.9
14474 0
14474 0.05
14474 0.05
14538 1.38
14538 0
14538 4.9
14538 2.99
14538 4.42
14538 3.9
14538 0
14538 0.05
14538 0.05
14565 1.38
14565 0
14565 4.9
14565 2.99
14565 4.42
14565 3.9
14565 0
14565 0.05
14565 0.05
14570 1.38
14570 0
14570 4.9
14570 2.99
14570 4.42
14570 3.9
14570 0
14570 0.05
14570 0.05
14571 1.38
14571 0
14571 4.9
14571 2.99
14571 4.42
14571 3.9
14571 0
14571 0.05
14571 0.05
14599 1.38
14599 0
14599 4.9
14599 2.99
14599 4.42
14599 3.9
14599 0
14599 0.05
14599 0.05
14607 1.38
14607 0
14607 4.9
14607 2.99
14607 4.42
14607 3.9
14607 0
14607 0.05
14607 0.05
14634 1.38
14634 0
14634 4.9
14634 2.99
14634 4.42
14634 3.9
14634 0
14634 0.05
14634 0.05
14638 1.38
14638 0
14638 4.9
14638 2.99
14638 4.42
14638 3.9
14638 0
14638 0.05
14638 0.05
14641 1.38
14641 0
14641 4.9
14641 2.99
14641 4.42
14641 3.9
14641 0
14641 0.05
14641 0.05
14674 1.38
14674 0
14674 4.9
14674 2.99
14674 4.42
14674 3.9
14674 0
14674 0.05
14674 0.05
14695 1.38
14695 0
14695 4.9
14695 2.99
14695 4.42
14695 3.9
14695 0
14695 0.05
14695 0.05
14699 1.38
14699 0
14699 4.9
14699 2.99
14699 4.42
14699 3.9
14699 0
14699 0.05
14699 0.05
14703 1.38
14703 0
14703 4.9
14703 2.99
14703 4.42
14703 3.9
14703 0
14703 0.05
14703 0.05
14726 1.38
14726 0
14726 4.9
14726 2.99
14726 4.42
14726 3.9
14726 0
14726 0.05
14726 0.05
14728 1.38
14728 0
14728 4.9
14728 2.99
14728 4.42
14728 3.9
14728 0
14728 0.05
14728 0.05
14739 1.38
14739 0
14739 4.9
14739 2.99
14739 4.42
14739 3.9
14739 0
14739 0.05
14739 0.05
14761 1.38
14761 0
14761 4.9
14761 2.99
14761 4.42
14761 3.9
14761 0
14761 0.05
14761 0.05
14766 1.38
14766 0
14766 4.9
14766 2.99
14766 4.42
14766 3.9
14766 0
14766 0.05
14766 0.05
14798 1.38
14798 0
14798 4.9
14798 2.99
14798 4.42
14798 3.9
14798 0
14798 0.05
14798 0.05
14799 1.38
14799 0
14799 4.9
14799 2.99
14799 4.42
14799 3.9
14799 0
14799 0.05
14799 0.05
14802 1.38
14802 0
14802 4.9
14802 2.99
14802 4.42
14802 3.9
14802 0
14802 0.05
14802 0.05
14830 1.38
14830 0
14830 4.9
14830 2.99
14830 4.42
14830 3.9
14830 0
14830 0.05
14830 0.05
14855 1.38
14855 0
14855 4.9
14855 2.99
14855 4.42
14855 3.9
14855 0
14855 0.05
14855 0.05
14857 1.38
14857 0
14857 4.9
14857 2.99
14857 4.42
14857 3.9
14857 0
14857 0.05
14857 0.05
14885 1.38
14885 0
14885 4.9
14885 2.99
14885 4.42
14885 3.9
14885 0
14885 0.05
14885 0.05
14887 1.38
14887 0
14887 4.9
14887 2.99
14887 4.42
14887 3.9
14887 0
14887 0.05
14887 0.05
15032 1.38
15032 0
15032 4.9
15032 2.99
15032 4.42
15032 3.9
15032 0
15032 0.05
15032 0.05
15039 1.38
15039 0
15039 4.9
15039 2.99
15039 4.42
15039 3.9
15039 0
15039 0.05
15039 0.05
15040 1.38
15040 0
15040 4.9
15040 2.99
15040 4.42
15040 3.9
15040 0
15040 0.05
15040 0.05
15068 1.38
15068 0
15068 4.9
15068 2.99
15068 4.42
15068 3.9
15068 0
15068 0.05
15068 0.05
15096 1.38
15096 0
15096 4.9
15096 2.99
15096 4.42
15096 3.9
15096 0
15096 0.05
15096 0.05
15098 1.38
15098 0
15098 4.9
15098 2.99
15098 4.42
15098 3.9
15098 0
15098 0.05
15098 0.05
15100 1.38
15100 0
15100 4.9
15100 2.99
15100 4.42
15100 3.9
15100 0
15100 0.05
15100 0.05
15137 1.38
15137 0
15137 4.9
15137 2.99
15137 4.42
15137 3.9
15137 0
15137 0.05
15137 0.05
15171 1.38
15171 0
15171 4.9
15171 2.99
15171 4.42
15171 3.9
15171 0
15171 0.05
15171 0.05
15176 1.38
15176 0
15176 4.9
15176 2.99
15176 4.42
15176 3.9
15176 0
15176 0.05
15176 0.05
15220 1.38
15220 0
15220 4.9
15220 2.99
15220 4.42
15220 3.9
15220 0
15220 0.05
15220 0.05
15221 1.38
15221 0
15221 4.9
15221 2.99
15221 4.42
15221 3.9
15221 0
15221 0.05
15221 0.05
15222 1.38
15222 0
15222 4.9
15222 2.99
15222 4.42
15222 3.9
15222 0
15222 0.05
15222 0.05
15267 1.38
15267 0
15267 4.9
15267 2.99
15267 4.42
15267 3.9
15267 0
15267 0.05
15267 0.05
15269 1.38
15269 0
15269 4.9
15269 2.99
15269 4.42
15269 3.9
15269 0
15269 0.05
15269 0.05
15312 1.38
15312 0
15312 4.9
15312 2.99
15312 4.42
15312 3.9
15312 0
15312 0.05
15312 0.05
15313 1.38
15313 0
15313 4.9
15313 2.99
15313 4.42
15313 3.9
15313 0
15313 0.05
15313 0.05
15314 1.38
15314 0
15314 4.9
15314 2.99
15314 4.42
15314 3.9
15314 0
15314 0.05
15314 0.05
15316 1.38
15316 0
15316 4.9
15316 2.99
15316 4.42
15316 3.9
15316 0
15316 0.05
15316 0.05
15317 1.38
15317 0
15317 4.9
15317 2.99
15317 4.42
15317 3.9
15317 0
15317 0.05
15317 0.05
15318 1.38
15318 0
15318 4.9
15318 2.99
15318 4.42
15318 3.9
15318 0
15318 0.05
15318 0.05
15364 1.38
15364 0
15364 4.9
15364 2.99
15364 4.42
15364 3.9
15364 0
15364 0.05
15364 0.05
15365 1.38
15365 0
15365 4.9
15365 2.99
15365 4.42
15365 3.9
15365 0
15365 0.05
15365 0.05
15366 1.38
15366 0
15366 4.9
15366 2.99
15366 4.42
15366 3.9
15366 0
15366 0.05
15366 0.05
15367 1.38
15367 0
15367 4.9
15367 2.99
15367 4.42
15367 3.9
15367 0
15367 0.05
15367 0.05
15368 1.38
15368 0
15368 4.9
15368 2.99
15368 4.42
15368 3.9
15368 0
15368 0.05
15368 0.05
15369 1.38
15369 0
15369 4.9
15369 2.99
15369 4.42
15369 3.9
15369 0
15369 0.05
15369 0.05
15371 1.38
15371 0
15371 4.9
15371 2.99
15371 4.42
15371 3.9
15371 0
15371 0.05
15371 0.05
15426 1.38
15426 0
15426 4.9
15426 2.99
15426 4.42
15426 3.9
15426 0
15426 0.05
15426 0.05
15427 1.38
15427 0
15427 4.9
15427 2.99
15427 4.42
15427 3.9
15427 0
15427 0.05
15427 0.05
15430 1.38
15430 0
15430 4.9
15430 2.99
15430 4.42
15430 3.9
15430 0
15430 0.05
15430 0.05
15431 1.38
15431 0
15431 4.9
15431 2.99
15431 4.42
15431 3.9
15431 0
15431 0.05
15431 0.05
15490 1.38
15490 0
15490 4.9
15490 2.99
15490 4.42
15490 3.9
15490 0
15490 0.05
15490 0.05
15493 1.38
15493 0
15493 4.9
15493 2.99
15493 4.42
15493 3.9
15493 0
15493 0.05
15493 0.05
15494 1.38
15494 0
15494 4.9
15494 2.99
15494 4.42
15494 3.9
15494 0
15494 0.05
15494 0.05
15555 1.38
15555 0
15555 4.9
15555 2.99
15555 4.42
15555 3.9
15555 0
15555 0.05
15555 0.05
15619 1.38
15619 0
15619 4.9
15619 2.99
15619 4.42
15619 3.9
15619 0
15619 0.05
15619 0.05
15622 1.38
15622 0
15622 4.9
15622 2.99
15622 4.42
15622 3.9
15622 0
15622 0.05
15622 0.05
15681 1.38
15681 0
15681 4.9
15681 2.99
15681 4.42
15681 3.9
15681 0
15681 0.05
15681 0.05
15684 1.38
15684 0
15684 4.9
15684 2.99
15684 4.42
15684 3.9
15684 0
15684 0.05
15684 0.05
15752 1.38
15752 0
15752 4.9
15752 2.99
15752 4.42
15752 3.9
15752 0
15752 0.05
15752 0.05
15754 1.38
15754 0
15754 4.9
15754 2.99
15754 4.42
15754 3.9
15754 0
15754 0.05
15754 0.05
15818 1.38
15818 0
15818 4.9
15818 2.99
15818 4.42
15818 3.9
15818 0
15818 0.05
15818 0.05
15882 1.38
15882 0
15882 4.9
15882 2.99
15882 4.42
15882 3.9
15882 0
15882 0.05
15882 0.05
15884 1.38
15884 0
15884 4.9
15884 2.99
15884 4.42
15884 3.9
15884 0
15884 0.05
15884 0.05
15885 1.38
15885 0
15885 4.9
15885 2.99
15885 4.42
15885 3.9
15885 0
15885 0.05
15885 0.05
15950 1.38
15950 0
15950 4.9
15950 2.99
15950 4.42
15950 3.9
15950 0
15950 0.05
15950 0.05
15951 1.38
15951 0
15951 4.9
15951 2.99
15951 4.42
15951 3.9
15951 0
15951 0.05
15951 0.05
