pt_graph cpue_kghour
14455 1.09
14455 3.9
14455 5.65
14455 2.56
14455 2.62
14455 2.8
14455 0.1
14455 1.51
14455 0.19
14691 1.09
14691 3.9
14691 5.65
14691 2.56
14691 2.62
14691 2.8
14691 0.1
14691 1.51
14691 0.19
14760 1.09
14760 3.9
14760 5.65
14760 2.56
14760 2.62
14760 2.8
14760 0.1
14760 1.51
14760 0.19
14852 1.09
14852 3.9
14852 5.65
14852 2.56
14852 2.62
14852 2.8
14852 0.1
14852 1.51
14852 0.19
14939 1.09
14939 3.9
14939 5.65
14939 2.56
14939 2.62
14939 2.8
14939 0.1
14939 1.51
14939 0.19
14962 1.09
14962 3.9
14962 5.65
14962 2.56
14962 2.62
14962 2.8
14962 0.1
14962 1.51
14962 0.19
14982 1.09
14982 3.9
14982 5.65
14982 2.56
14982 2.62
14982 2.8
14982 0.1
14982 1.51
14982 0.19
15008 1.09
15008 3.9
15008 5.65
15008 2.56
15008 2.62
15008 2.8
15008 0.1
15008 1.51
15008 0.19
15035 1.09
15035 3.9
15035 5.65
15035 2.56
15035 2.62
15035 2.8
15035 0.1
15035 1.51
15035 0.19
15064 1.09
15064 3.9
15064 5.65
15064 2.56
15064 2.62
15064 2.8
15064 0.1
15064 1.51
15064 0.19
15084 1.09
15084 3.9
15084 5.65
15084 2.56
15084 2.62
15084 2.8
15084 0.1
15084 1.51
15084 0.19
15091 1.09
15091 3.9
15091 5.65
15091 2.56
15091 2.62
15091 2.8
15091 0.1
15091 1.51
15091 0.19
15122 1.09
15122 3.9
15122 5.65
15122 2.56
15122 2.62
15122 2.8
15122 0.1
15122 1.51
15122 0.19
15167 1.09
15167 3.9
15167 5.65
15167 2.56
15167 2.62
15167 2.8
15167 0.1
15167 1.51
15167 0.19
15170 1.09
15170 3.9
15170 5.65
15170 2.56
15170 2.62
15170 2.8
15170 0.1
15170 1.51
15170 0.19
15208 1.09
15208 3.9
15208 5.65
15208 2.56
15208 2.62
15208 2.8
15208 0.1
15208 1.51
15208 0.19
15261 1.09
15261 3.9
15261 5.65
15261 2.56
15261 2.62
15261 2.8
15261 0.1
15261 1.51
15261 0.19
15262 1.09
15262 3.9
15262 5.65
15262 2.56
15262 2.62
15262 2.8
15262 0.1
15262 1.51
15262 0.19
15267 1.09
15267 3.9
15267 5.65
15267 2.56
15267 2.62
15267 2.8
15267 0.1
15267 1.51
15267 0.19
15301 1.09
15301 3.9
15301 5.65
15301 2.56
15301 2.62
15301 2.8
15301 0.1
15301 1.51
15301 0.19
15302 1.09
15302 3.9
15302 5.65
15302 2.56
15302 2.62
15302 2.8
15302 0.1
15302 1.51
15302 0.19
15312 1.09
15312 3.9
15312 5.65
15312 2.56
15312 2.62
15312 2.8
15312 0.1
15312 1.51
15312 0.19
15355 1.09
15355 3.9
15355 5.65
15355 2.56
15355 2.62
15355 2.8
15355 0.1
15355 1.51
15355 0.19
15357 1.09
15357 3.9
15357 5.65
15357 2.56
15357 2.62
15357 2.8
15357 0.1
15357 1.51
15357 0.19
15362 1.09
15362 3.9
15362 5.65
15362 2.56
15362 2.62
15362 2.8
15362 0.1
15362 1.51
15362 0.19
15414 1.09
15414 3.9
15414 5.65
15414 2.56
15414 2.62
15414 2.8
15414 0.1
15414 1.51
15414 0.19
15424 1.09
15424 3.9
15424 5.65
15424 2.56
15424 2.62
15424 2.8
15424 0.1
15424 1.51
15424 0.19
15428 1.09
15428 3.9
15428 5.65
15428 2.56
15428 2.62
15428 2.8
15428 0.1
15428 1.51
15428 0.19
15478 1.09
15478 3.9
15478 5.65
15478 2.56
15478 2.62
15478 2.8
15478 0.1
15478 1.51
15478 0.19
15548 1.09
15548 3.9
15548 5.65
15548 2.56
15548 2.62
15548 2.8
15548 0.1
15548 1.51
15548 0.19
15549 1.09
15549 3.9
15549 5.65
15549 2.56
15549 2.62
15549 2.8
15549 0.1
15549 1.51
15549 0.19
15614 1.09
15614 3.9
15614 5.65
15614 2.56
15614 2.62
15614 2.8
15614 0.1
15614 1.51
15614 0.19
15619 1.09
15619 3.9
15619 5.65
15619 2.56
15619 2.62
15619 2.8
15619 0.1
15619 1.51
15619 0.19
15669 1.09
15669 3.9
15669 5.65
15669 2.56
15669 2.62
15669 2.8
15669 0.1
15669 1.51
15669 0.19
15747 1.09
15747 3.9
15747 5.65
15747 2.56
15747 2.62
15747 2.8
15747 0.1
15747 1.51
15747 0.19
15750 1.09
15750 3.9
15750 5.65
15750 2.56
15750 2.62
15750 2.8
15750 0.1
15750 1.51
15750 0.19
15752 1.09
15752 3.9
15752 5.65
15752 2.56
15752 2.62
15752 2.8
15752 0.1
15752 1.51
15752 0.19
15871 1.09
15871 3.9
15871 5.65
15871 2.56
15871 2.62
15871 2.8
15871 0.1
15871 1.51
15871 0.19
15887 1.09
15887 3.9
15887 5.65
15887 2.56
15887 2.62
15887 2.8
15887 0.1
15887 1.51
15887 0.19
15930 1.09
15930 3.9
15930 5.65
15930 2.56
15930 2.62
15930 2.8
15930 0.1
15930 1.51
15930 0.19
15999 1.09
15999 3.9
15999 5.65
15999 2.56
15999 2.62
15999 2.8
15999 0.1
15999 1.51
15999 0.19
16044 1.09
16044 3.9
16044 5.65
16044 2.56
16044 2.62
16044 2.8
16044 0.1
16044 1.51
16044 0.19
16046 1.09
16046 3.9
16046 5.65
16046 2.56
16046 2.62
16046 2.8
16046 0.1
16046 1.51
16046 0.19
16178 1.09
16178 3.9
16178 5.65
16178 2.56
16178 2.62
16178 2.8
16178 0.1
16178 1.51
16178 0.19
16195 1.09
16195 3.9
16195 5.65
16195 2.56
16195 2.62
16195 2.8
16195 0.1
16195 1.51
16195 0.19
16199 1.09
16199 3.9
16199 5.65
16199 2.56
16199 2.62
16199 2.8
16199 0.1
16199 1.51
16199 0.19
16225 1.09
16225 3.9
16225 5.65
16225 2.56
16225 2.62
16225 2.8
16225 0.1
16225 1.51
16225 0.19
16230 1.09
16230 3.9
16230 5.65
16230 2.56
16230 2.62
16230 2.8
16230 0.1
16230 1.51
16230 0.19
16236 1.09
16236 3.9
16236 5.65
16236 2.56
16236 2.62
16236 2.8
16236 0.1
16236 1.51
16236 0.19
16283 1.09
16283 3.9
16283 5.65
16283 2.56
16283 2.62
16283 2.8
16283 0.1
16283 1.51
16283 0.19
16292 1.09
16292 3.9
16292 5.65
16292 2.56
16292 2.62
16292 2.8
16292 0.1
16292 1.51
16292 0.19
16320 1.09
16320 3.9
16320 5.65
16320 2.56
16320 2.62
16320 2.8
16320 0.1
16320 1.51
16320 0.19
16332 1.09
16332 3.9
16332 5.65
16332 2.56
16332 2.62
16332 2.8
16332 0.1
16332 1.51
16332 0.19
16333 1.09
16333 3.9
16333 5.65
16333 2.56
16333 2.62
16333 2.8
16333 0.1
16333 1.51
16333 0.19
16365 1.09
16365 3.9
16365 5.65
16365 2.56
16365 2.62
16365 2.8
16365 0.1
16365 1.51
16365 0.19
16370 1.09
16370 3.9
16370 5.65
16370 2.56
16370 2.62
16370 2.8
16370 0.1
16370 1.51
16370 0.19
16375 1.09
16375 3.9
16375 5.65
16375 2.56
16375 2.62
16375 2.8
16375 0.1
16375 1.51
16375 0.19
16379 1.09
16379 3.9
16379 5.65
16379 2.56
16379 2.62
16379 2.8
16379 0.1
16379 1.51
16379 0.19
16380 1.09
16380 3.9
16380 5.65
16380 2.56
16380 2.62
16380 2.8
16380 0.1
16380 1.51
16380 0.19
16383 1.09
16383 3.9
16383 5.65
16383 2.56
16383 2.62
16383 2.8
16383 0.1
16383 1.51
16383 0.19
16418 1.09
16418 3.9
16418 5.65
16418 2.56
16418 2.62
16418 2.8
16418 0.1
16418 1.51
16418 0.19
16423 1.09
16423 3.9
16423 5.65
16423 2.56
16423 2.62
16423 2.8
16423 0.1
16423 1.51
16423 0.19
16449 1.09
16449 3.9
16449 5.65
16449 2.56
16449 2.62
16449 2.8
16449 0.1
16449 1.51
16449 0.19
16462 1.09
16462 3.9
16462 5.65
16462 2.56
16462 2.62
16462 2.8
16462 0.1
16462 1.51
16462 0.19
16466 1.09
16466 3.9
16466 5.65
16466 2.56
16466 2.62
16466 2.8
16466 0.1
16466 1.51
16466 0.19
16500 1.09
16500 3.9
16500 5.65
16500 2.56
16500 2.62
16500 2.8
16500 0.1
16500 1.51
16500 0.19
16541 1.09
16541 3.9
16541 5.65
16541 2.56
16541 2.62
16541 2.8
16541 0.1
16541 1.51
16541 0.19
16578 1.09
16578 3.9
16578 5.65
16578 2.56
16578 2.62
16578 2.8
16578 0.1
16578 1.51
16578 0.19
16635 1.09
16635 3.9
16635 5.65
16635 2.56
16635 2.62
16635 2.8
16635 0.1
16635 1.51
16635 0.19
16641 1.09
16641 3.9
16641 5.65
16641 2.56
16641 2.62
16641 2.8
16641 0.1
16641 1.51
16641 0.19
16669 1.09
16669 3.9
16669 5.65
16669 2.56
16669 2.62
16669 2.8
16669 0.1
16669 1.51
16669 0.19
16759 1.09
16759 3.9
16759 5.65
16759 2.56
16759 2.62
16759 2.8
16759 0.1
16759 1.51
16759 0.19
16814 1.09
16814 3.9
16814 5.65
16814 2.56
16814 2.62
16814 2.8
16814 0.1
16814 1.51
16814 0.19
16819 1.09
16819 3.9
16819 5.65
16819 2.56
16819 2.62
16819 2.8
16819 0.1
16819 1.51
16819 0.19
16825 1.09
16825 3.9
16825 5.65
16825 2.56
16825 2.62
16825 2.8
16825 0.1
16825 1.51
16825 0.19
16856 1.09
16856 3.9
16856 5.65
16856 2.56
16856 2.62
16856 2.8
16856 0.1
16856 1.51
16856 0.19
16907 1.09
16907 3.9
16907 5.65
16907 2.56
16907 2.62
16907 2.8
16907 0.1
16907 1.51
16907 0.19
16956 1.09
16956 3.9
16956 5.65
16956 2.56
16956 2.62
16956 2.8
16956 0.1
16956 1.51
16956 0.19
17005 1.09
17005 3.9
17005 5.65
17005 2.56
17005 2.62
17005 2.8
17005 0.1
17005 1.51
17005 0.19
17033 1.09
17033 3.9
17033 5.65
17033 2.56
17033 2.62
17033 2.8
17033 0.1
17033 1.51
17033 0.19
17048 1.09
17048 3.9
17048 5.65
17048 2.56
17048 2.62
17048 2.8
17048 0.1
17048 1.51
17048 0.19
17079 1.09
17079 3.9
17079 5.65
17079 2.56
17079 2.62
17079 2.8
17079 0.1
17079 1.51
17079 0.19
17115 1.09
17115 3.9
17115 5.65
17115 2.56
17115 2.62
17115 2.8
17115 0.1
17115 1.51
17115 0.19
17117 1.09
17117 3.9
17117 5.65
17117 2.56
17117 2.62
17117 2.8
17117 0.1
17117 1.51
17117 0.19
17160 1.09
17160 3.9
17160 5.65
17160 2.56
17160 2.62
17160 2.8
17160 0.1
17160 1.51
17160 0.19
17168 1.09
17168 3.9
17168 5.65
17168 2.56
17168 2.62
17168 2.8
17168 0.1
17168 1.51
17168 0.19
17197 1.09
17197 3.9
17197 5.65
17197 2.56
17197 2.62
17197 2.8
17197 0.1
17197 1.51
17197 0.19
17199 1.09
17199 3.9
17199 5.65
17199 2.56
17199 2.62
17199 2.8
17199 0.1
17199 1.51
17199 0.19
17204 1.09
17204 3.9
17204 5.65
17204 2.56
17204 2.62
17204 2.8
17204 0.1
17204 1.51
17204 0.19
17211 1.09
17211 3.9
17211 5.65
17211 2.56
17211 2.62
17211 2.8
17211 0.1
17211 1.51
17211 0.19
17213 1.09
17213 3.9
17213 5.65
17213 2.56
17213 2.62
17213 2.8
17213 0.1
17213 1.51
17213 0.19
17215 1.09
17215 3.9
17215 5.65
17215 2.56
17215 2.62
17215 2.8
17215 0.1
17215 1.51
17215 0.19
17216 1.09
17216 3.9
17216 5.65
17216 2.56
17216 2.62
17216 2.8
17216 0.1
17216 1.51
17216 0.19
17238 1.09
17238 3.9
17238 5.65
17238 2.56
17238 2.62
17238 2.8
17238 0.1
17238 1.51
17238 0.19
17243 1.09
17243 3.9
17243 5.65
17243 2.56
17243 2.62
17243 2.8
17243 0.1
17243 1.51
17243 0.19
17250 1.09
17250 3.9
17250 5.65
17250 2.56
17250 2.62
17250 2.8
17250 0.1
17250 1.51
17250 0.19
17252 1.09
17252 3.9
17252 5.65
17252 2.56
17252 2.62
17252 2.8
17252 0.1
17252 1.51
17252 0.19
17281 1.09
17281 3.9
17281 5.65
17281 2.56
17281 2.62
17281 2.8
17281 0.1
17281 1.51
17281 0.19
17314 1.09
17314 3.9
17314 5.65
17314 2.56
17314 2.62
17314 2.8
17314 0.1
17314 1.51
17314 0.19
17328 1.09
17328 3.9
17328 5.65
17328 2.56
17328 2.62
17328 2.8
17328 0.1
17328 1.51
17328 0.19
17354 1.09
17354 3.9
17354 5.65
17354 2.56
17354 2.62
17354 2.8
17354 0.1
17354 1.51
17354 0.19
17359 1.09
17359 3.9
17359 5.65
17359 2.56
17359 2.62
17359 2.8
17359 0.1
17359 1.51
17359 0.19
17363 1.09
17363 3.9
17363 5.65
17363 2.56
17363 2.62
17363 2.8
17363 0.1
17363 1.51
17363 0.19
17393 1.09
17393 3.9
17393 5.65
17393 2.56
17393 2.62
17393 2.8
17393 0.1
17393 1.51
17393 0.19
17459 1.09
17459 3.9
17459 5.65
17459 2.56
17459 2.62
17459 2.8
17459 0.1
17459 1.51
17459 0.19
17484 1.09
17484 3.9
17484 5.65
17484 2.56
17484 2.62
17484 2.8
17484 0.1
17484 1.51
17484 0.19
17527 1.09
17527 3.9
17527 5.65
17527 2.56
17527 2.62
17527 2.8
17527 0.1
17527 1.51
17527 0.19
17533 1.09
17533 3.9
17533 5.65
17533 2.56
17533 2.62
17533 2.8
17533 0.1
17533 1.51
17533 0.19
17574 1.09
17574 3.9
17574 5.65
17574 2.56
17574 2.62
17574 2.8
17574 0.1
17574 1.51
17574 0.19
17578 1.09
17578 3.9
17578 5.65
17578 2.56
17578 2.62
17578 2.8
17578 0.1
17578 1.51
17578 0.19
17580 1.09
17580 3.9
17580 5.65
17580 2.56
17580 2.62
17580 2.8
17580 0.1
17580 1.51
17580 0.19
17615 1.09
17615 3.9
17615 5.65
17615 2.56
17615 2.62
17615 2.8
17615 0.1
17615 1.51
17615 0.19
17651 1.09
17651 3.9
17651 5.65
17651 2.56
17651 2.62
17651 2.8
17651 0.1
17651 1.51
17651 0.19
17665 1.09
17665 3.9
17665 5.65
17665 2.56
17665 2.62
17665 2.8
17665 0.1
17665 1.51
17665 0.19
17738 1.09
17738 3.9
17738 5.65
17738 2.56
17738 2.62
17738 2.8
17738 0.1
17738 1.51
17738 0.19
17740 1.09
17740 3.9
17740 5.65
17740 2.56
17740 2.62
17740 2.8
17740 0.1
17740 1.51
17740 0.19
17786 1.09
17786 3.9
17786 5.65
17786 2.56
17786 2.62
17786 2.8
17786 0.1
17786 1.51
17786 0.19
17794 1.09
17794 3.9
17794 5.65
17794 2.56
17794 2.62
17794 2.8
17794 0.1
17794 1.51
17794 0.19
17937 1.09
17937 3.9
17937 5.65
17937 2.56
17937 2.62
17937 2.8
17937 0.1
17937 1.51
17937 0.19
17979 1.09
17979 3.9
17979 5.65
17979 2.56
17979 2.62
17979 2.8
17979 0.1
17979 1.51
17979 0.19
17980 1.09
17980 3.9
17980 5.65
17980 2.56
17980 2.62
17980 2.8
17980 0.1
17980 1.51
17980 0.19
17981 1.09
17981 3.9
17981 5.65
17981 2.56
17981 2.62
17981 2.8
17981 0.1
17981 1.51
17981 0.19
18028 1.09
18028 3.9
18028 5.65
18028 2.56
18028 2.62
18028 2.8
18028 0.1
18028 1.51
18028 0.19
18029 1.09
18029 3.9
18029 5.65
18029 2.56
18029 2.62
18029 2.8
18029 0.1
18029 1.51
18029 0.19
18065 1.09
18065 3.9
18065 5.65
18065 2.56
18065 2.62
18065 2.8
18065 0.1
18065 1.51
18065 0.19
18076 1.09
18076 3.9
18076 5.65
18076 2.56
18076 2.62
18076 2.8
18076 0.1
18076 1.51
18076 0.19
18110 1.09
18110 3.9
18110 5.65
18110 2.56
18110 2.62
18110 2.8
18110 0.1
18110 1.51
18110 0.19
18120 1.09
18120 3.9
18120 5.65
18120 2.56
18120 2.62
18120 2.8
18120 0.1
18120 1.51
18120 0.19
18123 1.09
18123 3.9
18123 5.65
18123 2.56
18123 2.62
18123 2.8
18123 0.1
18123 1.51
18123 0.19
18125 1.09
18125 3.9
18125 5.65
18125 2.56
18125 2.62
18125 2.8
18125 0.1
18125 1.51
18125 0.19
18172 1.09
18172 3.9
18172 5.65
18172 2.56
18172 2.62
18172 2.8
18172 0.1
18172 1.51
18172 0.19
18217 1.09
18217 3.9
18217 5.65
18217 2.56
18217 2.62
18217 2.8
18217 0.1
18217 1.51
18217 0.19
18268 1.09
18268 3.9
18268 5.65
18268 2.56
18268 2.62
18268 2.8
18268 0.1
18268 1.51
18268 0.19
18269 1.09
18269 3.9
18269 5.65
18269 2.56
18269 2.62
18269 2.8
18269 0.1
18269 1.51
18269 0.19
18316 1.09
18316 3.9
18316 5.65
18316 2.56
18316 2.62
18316 2.8
18316 0.1
18316 1.51
18316 0.19
18345 1.09
18345 3.9
18345 5.65
18345 2.56
18345 2.62
18345 2.8
18345 0.1
18345 1.51
18345 0.19
18383 1.09
18383 3.9
18383 5.65
18383 2.56
18383 2.62
18383 2.8
18383 0.1
18383 1.51
18383 0.19
18455 1.09
18455 3.9
18455 5.65
18455 2.56
18455 2.62
18455 2.8
18455 0.1
18455 1.51
18455 0.19
18485 1.09
18485 3.9
18485 5.65
18485 2.56
18485 2.62
18485 2.8
18485 0.1
18485 1.51
18485 0.19
18488 1.09
18488 3.9
18488 5.65
18488 2.56
18488 2.62
18488 2.8
18488 0.1
18488 1.51
18488 0.19
18631 1.09
18631 3.9
18631 5.65
18631 2.56
18631 2.62
18631 2.8
18631 0.1
18631 1.51
18631 0.19
18735 1.09
18735 3.9
18735 5.65
18735 2.56
18735 2.62
18735 2.8
18735 0.1
18735 1.51
18735 0.19
18776 1.09
18776 3.9
18776 5.65
18776 2.56
18776 2.62
18776 2.8
18776 0.1
18776 1.51
18776 0.19
18794 1.09
18794 3.9
18794 5.65
18794 2.56
18794 2.62
18794 2.8
18794 0.1
18794 1.51
18794 0.19
18822 1.09
18822 3.9
18822 5.65
18822 2.56
18822 2.62
18822 2.8
18822 0.1
18822 1.51
18822 0.19
18828 1.09
18828 3.9
18828 5.65
18828 2.56
18828 2.62
18828 2.8
18828 0.1
18828 1.51
18828 0.19
18841 1.09
18841 3.9
18841 5.65
18841 2.56
18841 2.62
18841 2.8
18841 0.1
18841 1.51
18841 0.19
18870 1.09
18870 3.9
18870 5.65
18870 2.56
18870 2.62
18870 2.8
18870 0.1
18870 1.51
18870 0.19
18878 1.09
18878 3.9
18878 5.65
18878 2.56
18878 2.62
18878 2.8
18878 0.1
18878 1.51
18878 0.19
18901 1.09
18901 3.9
18901 5.65
18901 2.56
18901 2.62
18901 2.8
18901 0.1
18901 1.51
18901 0.19
18907 1.09
18907 3.9
18907 5.65
18907 2.56
18907 2.62
18907 2.8
18907 0.1
18907 1.51
18907 0.19
18938 1.09
18938 3.9
18938 5.65
18938 2.56
18938 2.62
18938 2.8
18938 0.1
18938 1.51
18938 0.19
18943 1.09
18943 3.9
18943 5.65
18943 2.56
18943 2.62
18943 2.8
18943 0.1
18943 1.51
18943 0.19
18951 1.09
18951 3.9
18951 5.65
18951 2.56
18951 2.62
18951 2.8
18951 0.1
18951 1.51
18951 0.19
18952 1.09
18952 3.9
18952 5.65
18952 2.56
18952 2.62
18952 2.8
18952 0.1
18952 1.51
18952 0.19
18959 1.09
18959 3.9
18959 5.65
18959 2.56
18959 2.62
18959 2.8
18959 0.1
18959 1.51
18959 0.19
18997 1.09
18997 3.9
18997 5.65
18997 2.56
18997 2.62
18997 2.8
18997 0.1
18997 1.51
18997 0.19
19029 1.09
19029 3.9
19029 5.65
19029 2.56
19029 2.62
19029 2.8
19029 0.1
19029 1.51
19029 0.19
19034 1.09
19034 3.9
19034 5.65
19034 2.56
19034 2.62
19034 2.8
19034 0.1
19034 1.51
19034 0.19
19135 1.09
19135 3.9
19135 5.65
19135 2.56
19135 2.62
19135 2.8
19135 0.1
19135 1.51
19135 0.19
19137 1.09
19137 3.9
19137 5.65
19137 2.56
19137 2.62
19137 2.8
19137 0.1
19137 1.51
19137 0.19
19168 1.09
19168 3.9
19168 5.65
19168 2.56
19168 2.62
19168 2.8
19168 0.1
19168 1.51
19168 0.19
19228 1.09
19228 3.9
19228 5.65
19228 2.56
19228 2.62
19228 2.8
19228 0.1
19228 1.51
19228 0.19
19237 1.09
19237 3.9
19237 5.65
19237 2.56
19237 2.62
19237 2.8
19237 0.1
19237 1.51
19237 0.19
19263 1.09
19263 3.9
19263 5.65
19263 2.56
19263 2.62
19263 2.8
19263 0.1
19263 1.51
19263 0.19
19298 1.09
19298 3.9
19298 5.65
19298 2.56
19298 2.62
19298 2.8
19298 0.1
19298 1.51
19298 0.19
19327 1.09
19327 3.9
19327 5.65
19327 2.56
19327 2.62
19327 2.8
19327 0.1
19327 1.51
19327 0.19
19354 1.09
19354 3.9
19354 5.65
19354 2.56
19354 2.62
19354 2.8
19354 0.1
19354 1.51
19354 0.19
