pt_graph cpue_kghour
9617 1.08
9617 0
9617 2.9
9617 2.09
9617 2
9617 2.48
9617 0
9617 0
9617 0
9616 1.08
9616 0
9616 2.9
9616 2.09
9616 2
9616 2.48
9616 0
9616 0
9616 0
9695 1.08
9695 0
9695 2.9
9695 2.09
9695 2
9695 2.48
9695 0
9695 0
9695 0
9693 1.08
9693 0
9693 2.9
9693 2.09
9693 2
9693 2.48
9693 0
9693 0
9693 0
9692 1.08
9692 0
9692 2.9
9692 2.09
9692 2
9692 2.48
9692 0
9692 0
9692 0
9774 1.08
9774 0
9774 2.9
9774 2.09
9774 2
9774 2.48
9774 0
9774 0
9774 0
9773 1.08
9773 0
9773 2.9
9773 2.09
9773 2
9773 2.48
9773 0
9773 0
9773 0
9769 1.08
9769 0
9769 2.9
9769 2.09
9769 2
9769 2.48
9769 0
9769 0
9769 0
9855 1.08
9855 0
9855 2.9
9855 2.09
9855 2
9855 2.48
9855 0
9855 0
9855 0
9854 1.08
9854 0
9854 2.9
9854 2.09
9854 2
9854 2.48
9854 0
9854 0
9854 0
9852 1.08
9852 0
9852 2.9
9852 2.09
9852 2
9852 2.48
9852 0
9852 0
9852 0
9851 1.08
9851 0
9851 2.9
9851 2.09
9851 2
9851 2.48
9851 0
9851 0
9851 0
9941 1.08
9941 0
9941 2.9
9941 2.09
9941 2
9941 2.48
9941 0
9941 0
9941 0
9940 1.08
9940 0
9940 2.9
9940 2.09
9940 2
9940 2.48
9940 0
9940 0
9940 0
9939 1.08
9939 0
9939 2.9
9939 2.09
9939 2
9939 2.48
9939 0
9939 0
9939 0
9937 1.08
9937 0
9937 2.9
9937 2.09
9937 2
9937 2.48
9937 0
9937 0
9937 0
9936 1.08
9936 0
9936 2.9
9936 2.09
9936 2
9936 2.48
9936 0
9936 0
9936 0
9934 1.08
9934 0
9934 2.9
9934 2.09
9934 2
9934 2.48
9934 0
9934 0
9934 0
10022 1.08
10022 0
10022 2.9
10022 2.09
10022 2
10022 2.48
10022 0
10022 0
10022 0
10021 1.08
10021 0
10021 2.9
10021 2.09
10021 2
10021 2.48
10021 0
10021 0
10021 0
10019 1.08
10019 0
10019 2.9
10019 2.09
10019 2
10019 2.48
10019 0
10019 0
10019 0
10098 1.08
10098 0
10098 2.9
10098 2.09
10098 2
10098 2.48
10098 0
10098 0
10098 0
10097 1.08
10097 0
10097 2.9
10097 2.09
10097 2
10097 2.48
10097 0
10097 0
10097 0
10262 1.08
10262 0
10262 2.9
10262 2.09
10262 2
10262 2.48
10262 0
10262 0
10262 0
10550 1.08
10550 0
10550 2.9
10550 2.09
10550 2
10550 2.48
10550 0
10550 0
10550 0
10548 1.08
10548 0
10548 2.9
10548 2.09
10548 2
10548 2.48
10548 0
10548 0
10548 0
10547 1.08
10547 0
10547 2.9
10547 2.09
10547 2
10547 2.48
10547 0
10547 0
10547 0
10753 1.08
10753 0
10753 2.9
10753 2.09
10753 2
10753 2.48
10753 0
10753 0
10753 0
10855 1.08
10855 0
10855 2.9
10855 2.09
10855 2
10855 2.48
10855 0
10855 0
10855 0
10853 1.08
10853 0
10853 2.9
10853 2.09
10853 2
10853 2.48
10853 0
10853 0
10853 0
11280 1.08
11280 0
11280 2.9
11280 2.09
11280 2
11280 2.48
11280 0
11280 0
11280 0
11452 1.08
11452 0
11452 2.9
11452 2.09
11452 2
11452 2.48
11452 0
11452 0
11452 0
11450 1.08
11450 0
11450 2.9
11450 2.09
11450 2
11450 2.48
11450 0
11450 0
11450 0
11449 1.08
11449 0
11449 2.9
11449 2.09
11449 2
11449 2.48
11449 0
11449 0
11449 0
11448 1.08
11448 0
11448 2.9
11448 2.09
11448 2
11448 2.48
11448 0
11448 0
11448 0
11441 1.08
11441 0
11441 2.9
11441 2.09
11441 2
11441 2.48
11441 0
11441 0
11441 0
11409 1.08
11409 0
11409 2.9
11409 2.09
11409 2
11409 2.48
11409 0
11409 0
11409 0
11405 1.08
11405 0
11405 2.9
11405 2.09
11405 2
11405 2.48
11405 0
11405 0
11405 0
11404 1.08
11404 0
11404 2.9
11404 2.09
11404 2
11404 2.48
11404 0
11404 0
11404 0
11581 1.08
11581 0
11581 2.9
11581 2.09
11581 2
11581 2.48
11581 0
11581 0
11581 0
11580 1.08
11580 0
11580 2.9
11580 2.09
11580 2
11580 2.48
11580 0
11580 0
11580 0
11578 1.08
11578 0
11578 2.9
11578 2.09
11578 2
11578 2.48
11578 0
11578 0
11578 0
11574 1.08
11574 0
11574 2.9
11574 2.09
11574 2
11574 2.48
11574 0
11574 0
11574 0
11534 1.08
11534 0
11534 2.9
11534 2.09
11534 2
11534 2.48
11534 0
11534 0
11534 0
11708 1.08
11708 0
11708 2.9
11708 2.09
11708 2
11708 2.48
11708 0
11708 0
11708 0
11664 1.08
11664 0
11664 2.9
11664 2.09
11664 2
11664 2.48
11664 0
11664 0
11664 0
11661 1.08
11661 0
11661 2.9
11661 2.09
11661 2
11661 2.48
11661 0
11661 0
11661 0
11841 1.08
11841 0
11841 2.9
11841 2.09
11841 2
11841 2.48
11841 0
11841 0
11841 0
11798 1.08
11798 0
11798 2.9
11798 2.09
11798 2
11798 2.48
11798 0
11798 0
11798 0
11796 1.08
11796 0
11796 2.9
11796 2.09
11796 2
11796 2.48
11796 0
11796 0
11796 0
11794 1.08
11794 0
11794 2.9
11794 2.09
11794 2
11794 2.48
11794 0
11794 0
11794 0
11793 1.08
11793 0
11793 2.9
11793 2.09
11793 2
11793 2.48
11793 0
11793 0
11793 0
11792 1.08
11792 0
11792 2.9
11792 2.09
11792 2
11792 2.48
11792 0
11792 0
11792 0
11964 1.08
11964 0
11964 2.9
11964 2.09
11964 2
11964 2.48
11964 0
11964 0
11964 0
11963 1.08
11963 0
11963 2.9
11963 2.09
11963 2
11963 2.48
11963 0
11963 0
11963 0
11925 1.08
11925 0
11925 2.9
11925 2.09
11925 2
11925 2.48
11925 0
11925 0
11925 0
11923 1.08
11923 0
11923 2.9
11923 2.09
11923 2
11923 2.48
11923 0
11923 0
11923 0
11924 1.08
11924 0
11924 2.9
11924 2.09
11924 2
11924 2.48
11924 0
11924 0
11924 0
11922 1.08
11922 0
11922 2.9
11922 2.09
11922 2
11922 2.48
11922 0
11922 0
11922 0
12050 1.08
12050 0
12050 2.9
12050 2.09
12050 2
12050 2.48
12050 0
12050 0
12050 0
12049 1.08
12049 0
12049 2.9
12049 2.09
12049 2
12049 2.48
12049 0
12049 0
12049 0
12047 1.08
12047 0
12047 2.9
12047 2.09
12047 2
12047 2.48
12047 0
12047 0
12047 0
12048 1.08
12048 0
12048 2.9
12048 2.09
12048 2
12048 2.48
12048 0
12048 0
12048 0
12046 1.08
12046 0
12046 2.9
12046 2.09
12046 2
12046 2.48
12046 0
12046 0
12046 0
12201 1.08
12201 0
12201 2.9
12201 2.09
12201 2
12201 2.48
12201 0
12201 0
12201 0
12177 1.08
12177 0
12177 2.9
12177 2.09
12177 2
12177 2.48
12177 0
12177 0
12177 0
12174 1.08
12174 0
12174 2.9
12174 2.09
12174 2
12174 2.48
12174 0
12174 0
12174 0
12171 1.08
12171 0
12171 2.9
12171 2.09
12171 2
12171 2.48
12171 0
12171 0
12171 0
12169 1.08
12169 0
12169 2.9
12169 2.09
12169 2
12169 2.48
12169 0
12169 0
12169 0
12170 1.08
12170 0
12170 2.9
12170 2.09
12170 2
12170 2.48
12170 0
12170 0
12170 0
12168 1.08
12168 0
12168 2.9
12168 2.09
12168 2
12168 2.48
12168 0
12168 0
12168 0
12327 1.08
12327 0
12327 2.9
12327 2.09
12327 2
12327 2.48
12327 0
12327 0
12327 0
12301 1.08
12301 0
12301 2.9
12301 2.09
12301 2
12301 2.48
12301 0
12301 0
12301 0
12296 1.08
12296 0
12296 2.9
12296 2.09
12296 2
12296 2.48
12296 0
12296 0
12296 0
12295 1.08
12295 0
12295 2.9
12295 2.09
12295 2
12295 2.48
12295 0
12295 0
12295 0
12293 1.08
12293 0
12293 2.9
12293 2.09
12293 2
12293 2.48
12293 0
12293 0
12293 0
12294 1.08
12294 0
12294 2.9
12294 2.09
12294 2
12294 2.48
12294 0
12294 0
12294 0
12460 1.08
12460 0
12460 2.9
12460 2.09
12460 2
12460 2.48
12460 0
12460 0
12460 0
12432 1.08
12432 0
12432 2.9
12432 2.09
12432 2
12432 2.48
12432 0
12432 0
12432 0
12429 1.08
12429 0
12429 2.9
12429 2.09
12429 2
12429 2.48
12429 0
12429 0
12429 0
12427 1.08
12427 0
12427 2.9
12427 2.09
12427 2
12427 2.48
12427 0
12427 0
12427 0
12425 1.08
12425 0
12425 2.9
12425 2.09
12425 2
12425 2.48
12425 0
12425 0
12425 0
12426 1.08
12426 0
12426 2.9
12426 2.09
12426 2
12426 2.48
12426 0
12426 0
12426 0
12423 1.08
12423 0
12423 2.9
12423 2.09
12423 2
12423 2.48
12423 0
12423 0
12423 0
12424 1.08
12424 0
12424 2.9
12424 2.09
12424 2
12424 2.48
12424 0
12424 0
12424 0
12598 1.08
12598 0
12598 2.9
12598 2.09
12598 2
12598 2.48
12598 0
12598 0
12598 0
12597 1.08
12597 0
12597 2.9
12597 2.09
12597 2
12597 2.48
12597 0
12597 0
12597 0
12584 1.08
12584 0
12584 2.9
12584 2.09
12584 2
12584 2.48
12584 0
12584 0
12584 0
12574 1.08
12574 0
12574 2.9
12574 2.09
12574 2
12574 2.48
12574 0
12574 0
12574 0
12560 1.08
12560 0
12560 2.9
12560 2.09
12560 2
12560 2.48
12560 0
12560 0
12560 0
12559 1.08
12559 0
12559 2.9
12559 2.09
12559 2
12559 2.48
12559 0
12559 0
12559 0
12558 1.08
12558 0
12558 2.9
12558 2.09
12558 2
12558 2.48
12558 0
12558 0
12558 0
12556 1.08
12556 0
12556 2.9
12556 2.09
12556 2
12556 2.48
12556 0
12556 0
12556 0
12557 1.08
12557 0
12557 2.9
12557 2.09
12557 2
12557 2.48
12557 0
12557 0
12557 0
12554 1.08
12554 0
12554 2.9
12554 2.09
12554 2
12554 2.48
12554 0
12554 0
12554 0
12555 1.08
12555 0
12555 2.9
12555 2.09
12555 2
12555 2.48
12555 0
12555 0
12555 0
12720 1.08
12720 0
12720 2.9
12720 2.09
12720 2
12720 2.48
12720 0
12720 0
12720 0
12719 1.08
12719 0
12719 2.9
12719 2.09
12719 2
12719 2.48
12719 0
12719 0
12719 0
12716 1.08
12716 0
12716 2.9
12716 2.09
12716 2
12716 2.48
12716 0
12716 0
12716 0
12715 1.08
12715 0
12715 2.9
12715 2.09
12715 2
12715 2.48
12715 0
12715 0
12715 0
12711 1.08
12711 0
12711 2.9
12711 2.09
12711 2
12711 2.48
12711 0
12711 0
12711 0
12697 1.08
12697 0
12697 2.9
12697 2.09
12697 2
12697 2.48
12697 0
12697 0
12697 0
12696 1.08
12696 0
12696 2.9
12696 2.09
12696 2
12696 2.48
12696 0
12696 0
12696 0
12683 1.08
12683 0
12683 2.9
12683 2.09
12683 2
12683 2.48
12683 0
12683 0
12683 0
12681 1.08
12681 0
12681 2.9
12681 2.09
12681 2
12681 2.48
12681 0
12681 0
12681 0
12682 1.08
12682 0
12682 2.9
12682 2.09
12682 2
12682 2.48
12682 0
12682 0
12682 0
12680 1.08
12680 0
12680 2.9
12680 2.09
12680 2
12680 2.48
12680 0
12680 0
12680 0
12678 1.08
12678 0
12678 2.9
12678 2.09
12678 2
12678 2.48
12678 0
12678 0
12678 0
12679 1.08
12679 0
12679 2.9
12679 2.09
12679 2
12679 2.48
12679 0
12679 0
12679 0
12676 1.08
12676 0
12676 2.9
12676 2.09
12676 2
12676 2.48
12676 0
12676 0
12676 0
12677 1.08
12677 0
12677 2.9
12677 2.09
12677 2
12677 2.48
12677 0
12677 0
12677 0
12838 1.08
12838 0
12838 2.9
12838 2.09
12838 2
12838 2.48
12838 0
12838 0
12838 0
12835 1.08
12835 0
12835 2.9
12835 2.09
12835 2
12835 2.48
12835 0
12835 0
12835 0
12834 1.08
12834 0
12834 2.9
12834 2.09
12834 2
12834 2.48
12834 0
12834 0
12834 0
12833 1.08
12833 0
12833 2.9
12833 2.09
12833 2
12833 2.48
12833 0
12833 0
12833 0
12828 1.08
12828 0
12828 2.9
12828 2.09
12828 2
12828 2.48
12828 0
12828 0
12828 0
12810 1.08
12810 0
12810 2.9
12810 2.09
12810 2
12810 2.48
12810 0
12810 0
12810 0
12804 1.08
12804 0
12804 2.9
12804 2.09
12804 2
12804 2.48
12804 0
12804 0
12804 0
12799 1.08
12799 0
12799 2.9
12799 2.09
12799 2
12799 2.48
12799 0
12799 0
12799 0
12798 1.08
12798 0
12798 2.9
12798 2.09
12798 2
12798 2.48
12798 0
12798 0
12798 0
12796 1.08
12796 0
12796 2.9
12796 2.09
12796 2
12796 2.48
12796 0
12796 0
12796 0
12797 1.08
12797 0
12797 2.9
12797 2.09
12797 2
12797 2.48
12797 0
12797 0
12797 0
12794 1.08
12794 0
12794 2.9
12794 2.09
12794 2
12794 2.48
12794 0
12794 0
12794 0
12795 1.08
12795 0
12795 2.9
12795 2.09
12795 2
12795 2.48
12795 0
12795 0
12795 0
12793 1.08
12793 0
12793 2.9
12793 2.09
12793 2
12793 2.48
12793 0
12793 0
12793 0
12957 1.08
12957 0
12957 2.9
12957 2.09
12957 2
12957 2.48
12957 0
12957 0
12957 0
12956 1.08
12956 0
12956 2.9
12956 2.09
12956 2
12956 2.48
12956 0
12956 0
12956 0
12952 1.08
12952 0
12952 2.9
12952 2.09
12952 2
12952 2.48
12952 0
12952 0
12952 0
12948 1.08
12948 0
12948 2.9
12948 2.09
12948 2
12948 2.48
12948 0
12948 0
12948 0
12938 1.08
12938 0
12938 2.9
12938 2.09
12938 2
12938 2.48
12938 0
12938 0
12938 0
12934 1.08
12934 0
12934 2.9
12934 2.09
12934 2
12934 2.48
12934 0
12934 0
12934 0
12928 1.08
12928 0
12928 2.9
12928 2.09
12928 2
12928 2.48
12928 0
12928 0
12928 0
12918 1.08
12918 0
12918 2.9
12918 2.09
12918 2
12918 2.48
12918 0
12918 0
12918 0
12917 1.08
12917 0
12917 2.9
12917 2.09
12917 2
12917 2.48
12917 0
12917 0
12917 0
12916 1.08
12916 0
12916 2.9
12916 2.09
12916 2
12916 2.48
12916 0
12916 0
12916 0
12914 1.08
12914 0
12914 2.9
12914 2.09
12914 2
12914 2.48
12914 0
12914 0
12914 0
12912 1.08
12912 0
12912 2.9
12912 2.09
12912 2
12912 2.48
12912 0
12912 0
12912 0
12913 1.08
12913 0
12913 2.9
12913 2.09
12913 2
12913 2.48
12913 0
12913 0
12913 0
12910 1.08
12910 0
12910 2.9
12910 2.09
12910 2
12910 2.48
12910 0
12910 0
12910 0
12911 1.08
12911 0
12911 2.9
12911 2.09
12911 2
12911 2.48
12911 0
12911 0
12911 0
12909 1.08
12909 0
12909 2.9
12909 2.09
12909 2
12909 2.48
12909 0
12909 0
12909 0
13068 1.08
13068 0
13068 2.9
13068 2.09
13068 2
13068 2.48
13068 0
13068 0
13068 0
13067 1.08
13067 0
13067 2.9
13067 2.09
13067 2
13067 2.48
13067 0
13067 0
13067 0
13063 1.08
13063 0
13063 2.9
13063 2.09
13063 2
13063 2.48
13063 0
13063 0
13063 0
13061 1.08
13061 0
13061 2.9
13061 2.09
13061 2
13061 2.48
13061 0
13061 0
13061 0
13058 1.08
13058 0
13058 2.9
13058 2.09
13058 2
13058 2.48
13058 0
13058 0
13058 0
13049 1.08
13049 0
13049 2.9
13049 2.09
13049 2
13049 2.48
13049 0
13049 0
13049 0
13045 1.08
13045 0
13045 2.9
13045 2.09
13045 2
13045 2.48
13045 0
13045 0
13045 0
13040 1.08
13040 0
13040 2.9
13040 2.09
13040 2
13040 2.48
13040 0
13040 0
13040 0
13037 1.08
13037 0
13037 2.9
13037 2.09
13037 2
13037 2.48
13037 0
13037 0
13037 0
13036 1.08
13036 0
13036 2.9
13036 2.09
13036 2
13036 2.48
13036 0
13036 0
13036 0
13030 1.08
13030 0
13030 2.9
13030 2.09
13030 2
13030 2.48
13030 0
13030 0
13030 0
13031 1.08
13031 0
13031 2.9
13031 2.09
13031 2
13031 2.48
13031 0
13031 0
13031 0
13029 1.08
13029 0
13029 2.9
13029 2.09
13029 2
13029 2.48
13029 0
13029 0
13029 0
13027 1.08
13027 0
13027 2.9
13027 2.09
13027 2
13027 2.48
13027 0
13027 0
13027 0
13028 1.08
13028 0
13028 2.9
13028 2.09
13028 2
13028 2.48
13028 0
13028 0
13028 0
13025 1.08
13025 0
13025 2.9
13025 2.09
13025 2
13025 2.48
13025 0
13025 0
13025 0
13026 1.08
13026 0
13026 2.9
13026 2.09
13026 2
13026 2.48
13026 0
13026 0
13026 0
13171 1.08
13171 0
13171 2.9
13171 2.09
13171 2
13171 2.48
13171 0
13171 0
13171 0
13170 1.08
13170 0
13170 2.9
13170 2.09
13170 2
13170 2.48
13170 0
13170 0
13170 0
13169 1.08
13169 0
13169 2.9
13169 2.09
13169 2
13169 2.48
13169 0
13169 0
13169 0
13168 1.08
13168 0
13168 2.9
13168 2.09
13168 2
13168 2.48
13168 0
13168 0
13168 0
13166 1.08
13166 0
13166 2.9
13166 2.09
13166 2
13166 2.48
13166 0
13166 0
13166 0
13164 1.08
13164 0
13164 2.9
13164 2.09
13164 2
13164 2.48
13164 0
13164 0
13164 0
13156 1.08
13156 0
13156 2.9
13156 2.09
13156 2
13156 2.48
13156 0
13156 0
13156 0
13154 1.08
13154 0
13154 2.9
13154 2.09
13154 2
13154 2.48
13154 0
13154 0
13154 0
13145 1.08
13145 0
13145 2.9
13145 2.09
13145 2
13145 2.48
13145 0
13145 0
13145 0
13144 1.08
13144 0
13144 2.9
13144 2.09
13144 2
13144 2.48
13144 0
13144 0
13144 0
13142 1.08
13142 0
13142 2.9
13142 2.09
13142 2
13142 2.48
13142 0
13142 0
13142 0
13143 1.08
13143 0
13143 2.9
13143 2.09
13143 2
13143 2.48
13143 0
13143 0
13143 0
13265 1.08
13265 0
13265 2.9
13265 2.09
13265 2
13265 2.48
13265 0
13265 0
13265 0
13263 1.08
13263 0
13263 2.9
13263 2.09
13263 2
13263 2.48
13263 0
13263 0
13263 0
13259 1.08
13259 0
13259 2.9
13259 2.09
13259 2
13259 2.48
13259 0
13259 0
13259 0
13256 1.08
13256 0
13256 2.9
13256 2.09
13256 2
13256 2.48
13256 0
13256 0
13256 0
13255 1.08
13255 0
13255 2.9
13255 2.09
13255 2
13255 2.48
13255 0
13255 0
13255 0
13243 1.08
13243 0
13243 2.9
13243 2.09
13243 2
13243 2.48
13243 0
13243 0
13243 0
13242 1.08
13242 0
13242 2.9
13242 2.09
13242 2
13242 2.48
13242 0
13242 0
13242 0
13241 1.08
13241 0
13241 2.9
13241 2.09
13241 2
13241 2.48
13241 0
13241 0
13241 0
13239 1.08
13239 0
13239 2.9
13239 2.09
13239 2
13239 2.48
13239 0
13239 0
13239 0
13238 1.08
13238 0
13238 2.9
13238 2.09
13238 2
13238 2.48
13238 0
13238 0
13238 0
13349 1.08
13349 0
13349 2.9
13349 2.09
13349 2
13349 2.48
13349 0
13349 0
13349 0
13342 1.08
13342 0
13342 2.9
13342 2.09
13342 2
13342 2.48
13342 0
13342 0
13342 0
13339 1.08
13339 0
13339 2.9
13339 2.09
13339 2
13339 2.48
13339 0
13339 0
13339 0
13337 1.08
13337 0
13337 2.9
13337 2.09
13337 2
13337 2.48
13337 0
13337 0
13337 0
13336 1.08
13336 0
13336 2.9
13336 2.09
13336 2
13336 2.48
13336 0
13336 0
13336 0
13334 1.08
13334 0
13334 2.9
13334 2.09
13334 2
13334 2.48
13334 0
13334 0
13334 0
13335 1.08
13335 0
13335 2.9
13335 2.09
13335 2
13335 2.48
13335 0
13335 0
13335 0
13432 1.08
13432 0
13432 2.9
13432 2.09
13432 2
13432 2.48
13432 0
13432 0
13432 0
13430 1.08
13430 0
13430 2.9
13430 2.09
13430 2
13430 2.48
13430 0
13430 0
13430 0
13429 1.08
13429 0
13429 2.9
13429 2.09
13429 2
13429 2.48
13429 0
13429 0
13429 0
13427 1.08
13427 0
13427 2.9
13427 2.09
13427 2
13427 2.48
13427 0
13427 0
13427 0
13426 1.08
13426 0
13426 2.9
13426 2.09
13426 2
13426 2.48
13426 0
13426 0
13426 0
13425 1.08
13425 0
13425 2.9
13425 2.09
13425 2
13425 2.48
13425 0
13425 0
13425 0
13419 1.08
13419 0
13419 2.9
13419 2.09
13419 2
13419 2.48
13419 0
13419 0
13419 0
13417 1.08
13417 0
13417 2.9
13417 2.09
13417 2
13417 2.48
13417 0
13417 0
13417 0
13498 1.08
13498 0
13498 2.9
13498 2.09
13498 2
13498 2.48
13498 0
13498 0
13498 0
13497 1.08
13497 0
13497 2.9
13497 2.09
13497 2
13497 2.48
13497 0
13497 0
13497 0
13496 1.08
13496 0
13496 2.9
13496 2.09
13496 2
13496 2.48
13496 0
13496 0
13496 0
13495 1.08
13495 0
13495 2.9
13495 2.09
13495 2
13495 2.48
13495 0
13495 0
13495 0
