pt_graph cpue_kghour
5441 1.09
5441 3.9
5441 6.12
5441 2.59
5441 2.65
5441 2.9
5441 0
5441 1.51
5441 0.19
6142 1.09
6142 3.9
6142 6.12
6142 2.59
6142 2.65
6142 2.9
6142 0
6142 1.51
6142 0.19
6322 1.09
6322 3.9
6322 6.12
6322 2.59
6322 2.65
6322 2.9
6322 0
6322 1.51
6322 0.19
6321 1.09
6321 3.9
6321 6.12
6321 2.59
6321 2.65
6321 2.9
6321 0
6321 1.51
6321 0.19
6382 1.09
6382 3.9
6382 6.12
6382 2.59
6382 2.65
6382 2.9
6382 0
6382 1.51
6382 0.19
6444 1.09
6444 3.9
6444 6.12
6444 2.59
6444 2.65
6444 2.9
6444 0
6444 1.51
6444 0.19
6627 1.09
6627 3.9
6627 6.12
6627 2.59
6627 2.65
6627 2.9
6627 0
6627 1.51
6627 0.19
6687 1.09
6687 3.9
6687 6.12
6687 2.59
6687 2.65
6687 2.9
6687 0
6687 1.51
6687 0.19
6747 1.09
6747 3.9
6747 6.12
6747 2.59
6747 2.65
6747 2.9
6747 0
6747 1.51
6747 0.19
6807 1.09
6807 3.9
6807 6.12
6807 2.59
6807 2.65
6807 2.9
6807 0
6807 1.51
6807 0.19
6806 1.09
6806 3.9
6806 6.12
6806 2.59
6806 2.65
6806 2.9
6806 0
6806 1.51
6806 0.19
6865 1.09
6865 3.9
6865 6.12
6865 2.59
6865 2.65
6865 2.9
6865 0
6865 1.51
6865 0.19
6921 1.09
6921 3.9
6921 6.12
6921 2.59
6921 2.65
6921 2.9
6921 0
6921 1.51
6921 0.19
6981 1.09
6981 3.9
6981 6.12
6981 2.59
6981 2.65
6981 2.9
6981 0
6981 1.51
6981 0.19
7226 1.09
7226 3.9
7226 6.12
7226 2.59
7226 2.65
7226 2.9
7226 0
7226 1.51
7226 0.19
7666 1.09
7666 3.9
7666 6.12
7666 2.59
7666 2.65
7666 2.9
7666 0
7666 1.51
7666 0.19
7930 1.09
7930 3.9
7930 6.12
7930 2.59
7930 2.65
7930 2.9
7930 0
7930 1.51
7930 0.19
8056 1.09
8056 3.9
8056 6.12
8056 2.59
8056 2.65
8056 2.9
8056 0
8056 1.51
8056 0.19
8057 1.09
8057 3.9
8057 6.12
8057 2.59
8057 2.65
8057 2.9
8057 0
8057 1.51
8057 0.19
8508 1.09
8508 3.9
8508 6.12
8508 2.59
8508 2.65
8508 2.9
8508 0
8508 1.51
8508 0.19
8509 1.09
8509 3.9
8509 6.12
8509 2.59
8509 2.65
8509 2.9
8509 0
8509 1.51
8509 0.19
8519 1.09
8519 3.9
8519 6.12
8519 2.59
8519 2.65
8519 2.9
8519 0
8519 1.51
8519 0.19
8520 1.09
8520 3.9
8520 6.12
8520 2.59
8520 2.65
8520 2.9
8520 0
8520 1.51
8520 0.19
8560 1.09
8560 3.9
8560 6.12
8560 2.59
8560 2.65
8560 2.9
8560 0
8560 1.51
8560 0.19
8561 1.09
8561 3.9
8561 6.12
8561 2.59
8561 2.65
8561 2.9
8561 0
8561 1.51
8561 0.19
8572 1.09
8572 3.9
8572 6.12
8572 2.59
8572 2.65
8572 2.9
8572 0
8572 1.51
8572 0.19
8610 1.09
8610 3.9
8610 6.12
8610 2.59
8610 2.65
8610 2.9
8610 0
8610 1.51
8610 0.19
8612 1.09
8612 3.9
8612 6.12
8612 2.59
8612 2.65
8612 2.9
8612 0
8612 1.51
8612 0.19
8621 1.09
8621 3.9
8621 6.12
8621 2.59
8621 2.65
8621 2.9
8621 0
8621 1.51
8621 0.19
8622 1.09
8622 3.9
8622 6.12
8622 2.59
8622 2.65
8622 2.9
8622 0
8622 1.51
8622 0.19
8655 1.09
8655 3.9
8655 6.12
8655 2.59
8655 2.65
8655 2.9
8655 0
8655 1.51
8655 0.19
8657 1.09
8657 3.9
8657 6.12
8657 2.59
8657 2.65
8657 2.9
8657 0
8657 1.51
8657 0.19
8667 1.09
8667 3.9
8667 6.12
8667 2.59
8667 2.65
8667 2.9
8667 0
8667 1.51
8667 0.19
8668 1.09
8668 3.9
8668 6.12
8668 2.59
8668 2.65
8668 2.9
8668 0
8668 1.51
8668 0.19
8699 1.09
8699 3.9
8699 6.12
8699 2.59
8699 2.65
8699 2.9
8699 0
8699 1.51
8699 0.19
8701 1.09
8701 3.9
8701 6.12
8701 2.59
8701 2.65
8701 2.9
8701 0
8701 1.51
8701 0.19
8743 1.09
8743 3.9
8743 6.12
8743 2.59
8743 2.65
8743 2.9
8743 0
8743 1.51
8743 0.19
8744 1.09
8744 3.9
8744 6.12
8744 2.59
8744 2.65
8744 2.9
8744 0
8744 1.51
8744 0.19
8745 1.09
8745 3.9
8745 6.12
8745 2.59
8745 2.65
8745 2.9
8745 0
8745 1.51
8745 0.19
8755 1.09
8755 3.9
8755 6.12
8755 2.59
8755 2.65
8755 2.9
8755 0
8755 1.51
8755 0.19
8789 1.09
8789 3.9
8789 6.12
8789 2.59
8789 2.65
8789 2.9
8789 0
8789 1.51
8789 0.19
8790 1.09
8790 3.9
8790 6.12
8790 2.59
8790 2.65
8790 2.9
8790 0
8790 1.51
8790 0.19
8791 1.09
8791 3.9
8791 6.12
8791 2.59
8791 2.65
8791 2.9
8791 0
8791 1.51
8791 0.19
8800 1.09
8800 3.9
8800 6.12
8800 2.59
8800 2.65
8800 2.9
8800 0
8800 1.51
8800 0.19
8835 1.09
8835 3.9
8835 6.12
8835 2.59
8835 2.65
8835 2.9
8835 0
8835 1.51
8835 0.19
8836 1.09
8836 3.9
8836 6.12
8836 2.59
8836 2.65
8836 2.9
8836 0
8836 1.51
8836 0.19
8842 1.09
8842 3.9
8842 6.12
8842 2.59
8842 2.65
8842 2.9
8842 0
8842 1.51
8842 0.19
8881 1.09
8881 3.9
8881 6.12
8881 2.59
8881 2.65
8881 2.9
8881 0
8881 1.51
8881 0.19
8882 1.09
8882 3.9
8882 6.12
8882 2.59
8882 2.65
8882 2.9
8882 0
8882 1.51
8882 0.19
8886 1.09
8886 3.9
8886 6.12
8886 2.59
8886 2.65
8886 2.9
8886 0
8886 1.51
8886 0.19
8887 1.09
8887 3.9
8887 6.12
8887 2.59
8887 2.65
8887 2.9
8887 0
8887 1.51
8887 0.19
8888 1.09
8888 3.9
8888 6.12
8888 2.59
8888 2.65
8888 2.9
8888 0
8888 1.51
8888 0.19
8925 1.09
8925 3.9
8925 6.12
8925 2.59
8925 2.65
8925 2.9
8925 0
8925 1.51
8925 0.19
8926 1.09
8926 3.9
8926 6.12
8926 2.59
8926 2.65
8926 2.9
8926 0
8926 1.51
8926 0.19
8928 1.09
8928 3.9
8928 6.12
8928 2.59
8928 2.65
8928 2.9
8928 0
8928 1.51
8928 0.19
8929 1.09
8929 3.9
8929 6.12
8929 2.59
8929 2.65
8929 2.9
8929 0
8929 1.51
8929 0.19
8964 1.09
8964 3.9
8964 6.12
8964 2.59
8964 2.65
8964 2.9
8964 0
8964 1.51
8964 0.19
8965 1.09
8965 3.9
8965 6.12
8965 2.59
8965 2.65
8965 2.9
8965 0
8965 1.51
8965 0.19
8968 1.09
8968 3.9
8968 6.12
8968 2.59
8968 2.65
8968 2.9
8968 0
8968 1.51
8968 0.19
9129 1.09
9129 3.9
9129 6.12
9129 2.59
9129 2.65
9129 2.9
9129 0
9129 1.51
9129 0.19
9130 1.09
9130 3.9
9130 6.12
9130 2.59
9130 2.65
9130 2.9
9130 0
9130 1.51
9130 0.19
9150 1.09
9150 3.9
9150 6.12
9150 2.59
9150 2.65
9150 2.9
9150 0
9150 1.51
9150 0.19
9172 1.09
9172 3.9
9172 6.12
9172 2.59
9172 2.65
9172 2.9
9172 0
9172 1.51
9172 0.19
9173 1.09
9173 3.9
9173 6.12
9173 2.59
9173 2.65
9173 2.9
9173 0
9173 1.51
9173 0.19
9174 1.09
9174 3.9
9174 6.12
9174 2.59
9174 2.65
9174 2.9
9174 0
9174 1.51
9174 0.19
9192 1.09
9192 3.9
9192 6.12
9192 2.59
9192 2.65
9192 2.9
9192 0
9192 1.51
9192 0.19
9216 1.09
9216 3.9
9216 6.12
9216 2.59
9216 2.65
9216 2.9
9216 0
9216 1.51
9216 0.19
9217 1.09
9217 3.9
9217 6.12
9217 2.59
9217 2.65
9217 2.9
9217 0
9217 1.51
9217 0.19
9259 1.09
9259 3.9
9259 6.12
9259 2.59
9259 2.65
9259 2.9
9259 0
9259 1.51
9259 0.19
9262 1.09
9262 3.9
9262 6.12
9262 2.59
9262 2.65
9262 2.9
9262 0
9262 1.51
9262 0.19
9282 1.09
9282 3.9
9282 6.12
9282 2.59
9282 2.65
9282 2.9
9282 0
9282 1.51
9282 0.19
9306 1.09
9306 3.9
9306 6.12
9306 2.59
9306 2.65
9306 2.9
9306 0
9306 1.51
9306 0.19
9307 1.09
9307 3.9
9307 6.12
9307 2.59
9307 2.65
9307 2.9
9307 0
9307 1.51
9307 0.19
9308 1.09
9308 3.9
9308 6.12
9308 2.59
9308 2.65
9308 2.9
9308 0
9308 1.51
9308 0.19
9309 1.09
9309 3.9
9309 6.12
9309 2.59
9309 2.65
9309 2.9
9309 0
9309 1.51
9309 0.19
9310 1.09
9310 3.9
9310 6.12
9310 2.59
9310 2.65
9310 2.9
9310 0
9310 1.51
9310 0.19
9332 1.09
9332 3.9
9332 6.12
9332 2.59
9332 2.65
9332 2.9
9332 0
9332 1.51
9332 0.19
9359 1.09
9359 3.9
9359 6.12
9359 2.59
9359 2.65
9359 2.9
9359 0
9359 1.51
9359 0.19
9360 1.09
9360 3.9
9360 6.12
9360 2.59
9360 2.65
9360 2.9
9360 0
9360 1.51
9360 0.19
9361 1.09
9361 3.9
9361 6.12
9361 2.59
9361 2.65
9361 2.9
9361 0
9361 1.51
9361 0.19
9362 1.09
9362 3.9
9362 6.12
9362 2.59
9362 2.65
9362 2.9
9362 0
9362 1.51
9362 0.19
9414 1.09
9414 3.9
9414 6.12
9414 2.59
9414 2.65
9414 2.9
9414 0
9414 1.51
9414 0.19
9415 1.09
9415 3.9
9415 6.12
9415 2.59
9415 2.65
9415 2.9
9415 0
9415 1.51
9415 0.19
9416 1.09
9416 3.9
9416 6.12
9416 2.59
9416 2.65
9416 2.9
9416 0
9416 1.51
9416 0.19
9440 1.09
9440 3.9
9440 6.12
9440 2.59
9440 2.65
9440 2.9
9440 0
9440 1.51
9440 0.19
9454 1.09
9454 3.9
9454 6.12
9454 2.59
9454 2.65
9454 2.9
9454 0
9454 1.51
9454 0.19
9469 1.09
9469 3.9
9469 6.12
9469 2.59
9469 2.65
9469 2.9
9469 0
9469 1.51
9469 0.19
9471 1.09
9471 3.9
9471 6.12
9471 2.59
9471 2.65
9471 2.9
9471 0
9471 1.51
9471 0.19
9472 1.09
9472 3.9
9472 6.12
9472 2.59
9472 2.65
9472 2.9
9472 0
9472 1.51
9472 0.19
9473 1.09
9473 3.9
9473 6.12
9473 2.59
9473 2.65
9473 2.9
9473 0
9473 1.51
9473 0.19
9477 1.09
9477 3.9
9477 6.12
9477 2.59
9477 2.65
9477 2.9
9477 0
9477 1.51
9477 0.19
9529 1.09
9529 3.9
9529 6.12
9529 2.59
9529 2.65
9529 2.9
9529 0
9529 1.51
9529 0.19
9530 1.09
9530 3.9
9530 6.12
9530 2.59
9530 2.65
9530 2.9
9530 0
9530 1.51
9530 0.19
9531 1.09
9531 3.9
9531 6.12
9531 2.59
9531 2.65
9531 2.9
9531 0
9531 1.51
9531 0.19
9533 1.09
9533 3.9
9533 6.12
9533 2.59
9533 2.65
9533 2.9
9533 0
9533 1.51
9533 0.19
9535 1.09
9535 3.9
9535 6.12
9535 2.59
9535 2.65
9535 2.9
9535 0
9535 1.51
9535 0.19
9536 1.09
9536 3.9
9536 6.12
9536 2.59
9536 2.65
9536 2.9
9536 0
9536 1.51
9536 0.19
9538 1.09
9538 3.9
9538 6.12
9538 2.59
9538 2.65
9538 2.9
9538 0
9538 1.51
9538 0.19
9569 1.09
9569 3.9
9569 6.12
9569 2.59
9569 2.65
9569 2.9
9569 0
9569 1.51
9569 0.19
9586 1.09
9586 3.9
9586 6.12
9586 2.59
9586 2.65
9586 2.9
9586 0
9586 1.51
9586 0.19
9599 1.09
9599 3.9
9599 6.12
9599 2.59
9599 2.65
9599 2.9
9599 0
9599 1.51
9599 0.19
9603 1.09
9603 3.9
9603 6.12
9603 2.59
9603 2.65
9603 2.9
9603 0
9603 1.51
9603 0.19
9606 1.09
9606 3.9
9606 6.12
9606 2.59
9606 2.65
9606 2.9
9606 0
9606 1.51
9606 0.19
9607 1.09
9607 3.9
9607 6.12
9607 2.59
9607 2.65
9607 2.9
9607 0
9607 1.51
9607 0.19
9608 1.09
9608 3.9
9608 6.12
9608 2.59
9608 2.65
9608 2.9
9608 0
9608 1.51
9608 0.19
9674 1.09
9674 3.9
9674 6.12
9674 2.59
9674 2.65
9674 2.9
9674 0
9674 1.51
9674 0.19
9675 1.09
9675 3.9
9675 6.12
9675 2.59
9675 2.65
9675 2.9
9675 0
9675 1.51
9675 0.19
9676 1.09
9676 3.9
9676 6.12
9676 2.59
9676 2.65
9676 2.9
9676 0
9676 1.51
9676 0.19
9677 1.09
9677 3.9
9677 6.12
9677 2.59
9677 2.65
9677 2.9
9677 0
9677 1.51
9677 0.19
9678 1.09
9678 3.9
9678 6.12
9678 2.59
9678 2.65
9678 2.9
9678 0
9678 1.51
9678 0.19
9679 1.09
9679 3.9
9679 6.12
9679 2.59
9679 2.65
9679 2.9
9679 0
9679 1.51
9679 0.19
9680 1.09
9680 3.9
9680 6.12
9680 2.59
9680 2.65
9680 2.9
9680 0
9680 1.51
9680 0.19
9681 1.09
9681 3.9
9681 6.12
9681 2.59
9681 2.65
9681 2.9
9681 0
9681 1.51
9681 0.19
9682 1.09
9682 3.9
9682 6.12
9682 2.59
9682 2.65
9682 2.9
9682 0
9682 1.51
9682 0.19
9683 1.09
9683 3.9
9683 6.12
9683 2.59
9683 2.65
9683 2.9
9683 0
9683 1.51
9683 0.19
9684 1.09
9684 3.9
9684 6.12
9684 2.59
9684 2.65
9684 2.9
9684 0
9684 1.51
9684 0.19
9685 1.09
9685 3.9
9685 6.12
9685 2.59
9685 2.65
9685 2.9
9685 0
9685 1.51
9685 0.19
9686 1.09
9686 3.9
9686 6.12
9686 2.59
9686 2.65
9686 2.9
9686 0
9686 1.51
9686 0.19
9721 1.09
9721 3.9
9721 6.12
9721 2.59
9721 2.65
9721 2.9
9721 0
9721 1.51
9721 0.19
9738 1.09
9738 3.9
9738 6.12
9738 2.59
9738 2.65
9738 2.9
9738 0
9738 1.51
9738 0.19
9747 1.09
9747 3.9
9747 6.12
9747 2.59
9747 2.65
9747 2.9
9747 0
9747 1.51
9747 0.19
9749 1.09
9749 3.9
9749 6.12
9749 2.59
9749 2.65
9749 2.9
9749 0
9749 1.51
9749 0.19
9752 1.09
9752 3.9
9752 6.12
9752 2.59
9752 2.65
9752 2.9
9752 0
9752 1.51
9752 0.19
9753 1.09
9753 3.9
9753 6.12
9753 2.59
9753 2.65
9753 2.9
9753 0
9753 1.51
9753 0.19
9757 1.09
9757 3.9
9757 6.12
9757 2.59
9757 2.65
9757 2.9
9757 0
9757 1.51
9757 0.19
9758 1.09
9758 3.9
9758 6.12
9758 2.59
9758 2.65
9758 2.9
9758 0
9758 1.51
9758 0.19
9759 1.09
9759 3.9
9759 6.12
9759 2.59
9759 2.65
9759 2.9
9759 0
9759 1.51
9759 0.19
9761 1.09
9761 3.9
9761 6.12
9761 2.59
9761 2.65
9761 2.9
9761 0
9761 1.51
9761 0.19
9762 1.09
9762 3.9
9762 6.12
9762 2.59
9762 2.65
9762 2.9
9762 0
9762 1.51
9762 0.19
9833 1.09
9833 3.9
9833 6.12
9833 2.59
9833 2.65
9833 2.9
9833 0
9833 1.51
9833 0.19
9834 1.09
9834 3.9
9834 6.12
9834 2.59
9834 2.65
9834 2.9
9834 0
9834 1.51
9834 0.19
9835 1.09
9835 3.9
9835 6.12
9835 2.59
9835 2.65
9835 2.9
9835 0
9835 1.51
9835 0.19
9838 1.09
9838 3.9
9838 6.12
9838 2.59
9838 2.65
9838 2.9
9838 0
9838 1.51
9838 0.19
9839 1.09
9839 3.9
9839 6.12
9839 2.59
9839 2.65
9839 2.9
9839 0
9839 1.51
9839 0.19
9841 1.09
9841 3.9
9841 6.12
9841 2.59
9841 2.65
9841 2.9
9841 0
9841 1.51
9841 0.19
9842 1.09
9842 3.9
9842 6.12
9842 2.59
9842 2.65
9842 2.9
9842 0
9842 1.51
9842 0.19
9843 1.09
9843 3.9
9843 6.12
9843 2.59
9843 2.65
9843 2.9
9843 0
9843 1.51
9843 0.19
9844 1.09
9844 3.9
9844 6.12
9844 2.59
9844 2.65
9844 2.9
9844 0
9844 1.51
9844 0.19
9845 1.09
9845 3.9
9845 6.12
9845 2.59
9845 2.65
9845 2.9
9845 0
9845 1.51
9845 0.19
9846 1.09
9846 3.9
9846 6.12
9846 2.59
9846 2.65
9846 2.9
9846 0
9846 1.51
9846 0.19
9891 1.09
9891 3.9
9891 6.12
9891 2.59
9891 2.65
9891 2.9
9891 0
9891 1.51
9891 0.19
9900 1.09
9900 3.9
9900 6.12
9900 2.59
9900 2.65
9900 2.9
9900 0
9900 1.51
9900 0.19
9901 1.09
9901 3.9
9901 6.12
9901 2.59
9901 2.65
9901 2.9
9901 0
9901 1.51
9901 0.19
9909 1.09
9909 3.9
9909 6.12
9909 2.59
9909 2.65
9909 2.9
9909 0
9909 1.51
9909 0.19
9911 1.09
9911 3.9
9911 6.12
9911 2.59
9911 2.65
9911 2.9
9911 0
9911 1.51
9911 0.19
9912 1.09
9912 3.9
9912 6.12
9912 2.59
9912 2.65
9912 2.9
9912 0
9912 1.51
9912 0.19
9913 1.09
9913 3.9
9913 6.12
9913 2.59
9913 2.65
9913 2.9
9913 0
9913 1.51
9913 0.19
9914 1.09
9914 3.9
9914 6.12
9914 2.59
9914 2.65
9914 2.9
9914 0
9914 1.51
9914 0.19
9918 1.09
9918 3.9
9918 6.12
9918 2.59
9918 2.65
9918 2.9
9918 0
9918 1.51
9918 0.19
9919 1.09
9919 3.9
9919 6.12
9919 2.59
9919 2.65
9919 2.9
9919 0
9919 1.51
9919 0.19
9920 1.09
9920 3.9
9920 6.12
9920 2.59
9920 2.65
9920 2.9
9920 0
9920 1.51
9920 0.19
9923 1.09
9923 3.9
9923 6.12
9923 2.59
9923 2.65
9923 2.9
9923 0
9923 1.51
9923 0.19
9924 1.09
9924 3.9
9924 6.12
9924 2.59
9924 2.65
9924 2.9
9924 0
9924 1.51
9924 0.19
9925 1.09
9925 3.9
9925 6.12
9925 2.59
9925 2.65
9925 2.9
9925 0
9925 1.51
9925 0.19
9926 1.09
9926 3.9
9926 6.12
9926 2.59
9926 2.65
9926 2.9
9926 0
9926 1.51
9926 0.19
9927 1.09
9927 3.9
9927 6.12
9927 2.59
9927 2.65
9927 2.9
9927 0
9927 1.51
9927 0.19
9928 1.09
9928 3.9
9928 6.12
9928 2.59
9928 2.65
9928 2.9
9928 0
9928 1.51
9928 0.19
9991 1.09
9991 3.9
9991 6.12
9991 2.59
9991 2.65
9991 2.9
9991 0
9991 1.51
9991 0.19
9992 1.09
9992 3.9
9992 6.12
9992 2.59
9992 2.65
9992 2.9
9992 0
9992 1.51
9992 0.19
9993 1.09
9993 3.9
9993 6.12
9993 2.59
9993 2.65
9993 2.9
9993 0
9993 1.51
9993 0.19
9995 1.09
9995 3.9
9995 6.12
9995 2.59
9995 2.65
9995 2.9
9995 0
9995 1.51
9995 0.19
9997 1.09
9997 3.9
9997 6.12
9997 2.59
9997 2.65
9997 2.9
9997 0
9997 1.51
9997 0.19
9999 1.09
9999 3.9
9999 6.12
9999 2.59
9999 2.65
9999 2.9
9999 0
9999 1.51
9999 0.19
10000 1.09
10000 3.9
10000 6.12
10000 2.59
10000 2.65
10000 2.9
10000 0
10000 1.51
10000 0.19
10001 1.09
10001 3.9
10001 6.12
10001 2.59
10001 2.65
10001 2.9
10001 0
10001 1.51
10001 0.19
10004 1.09
10004 3.9
10004 6.12
10004 2.59
10004 2.65
10004 2.9
10004 0
10004 1.51
10004 0.19
10006 1.09
10006 3.9
10006 6.12
10006 2.59
10006 2.65
10006 2.9
10006 0
10006 1.51
10006 0.19
10007 1.09
10007 3.9
10007 6.12
10007 2.59
10007 2.65
10007 2.9
10007 0
10007 1.51
10007 0.19
10008 1.09
10008 3.9
10008 6.12
10008 2.59
10008 2.65
10008 2.9
10008 0
10008 1.51
10008 0.19
10009 1.09
10009 3.9
10009 6.12
10009 2.59
10009 2.65
10009 2.9
10009 0
10009 1.51
10009 0.19
10074 1.09
10074 3.9
10074 6.12
10074 2.59
10074 2.65
10074 2.9
10074 0
10074 1.51
10074 0.19
10075 1.09
10075 3.9
10075 6.12
10075 2.59
10075 2.65
10075 2.9
10075 0
10075 1.51
10075 0.19
10076 1.09
10076 3.9
10076 6.12
10076 2.59
10076 2.65
10076 2.9
10076 0
10076 1.51
10076 0.19
10078 1.09
10078 3.9
10078 6.12
10078 2.59
10078 2.65
10078 2.9
10078 0
10078 1.51
10078 0.19
10079 1.09
10079 3.9
10079 6.12
10079 2.59
10079 2.65
10079 2.9
10079 0
10079 1.51
10079 0.19
10081 1.09
10081 3.9
10081 6.12
10081 2.59
10081 2.65
10081 2.9
10081 0
10081 1.51
10081 0.19
10083 1.09
10083 3.9
10083 6.12
10083 2.59
10083 2.65
10083 2.9
10083 0
10083 1.51
10083 0.19
10084 1.09
10084 3.9
10084 6.12
10084 2.59
10084 2.65
10084 2.9
10084 0
10084 1.51
10084 0.19
10086 1.09
10086 3.9
10086 6.12
10086 2.59
10086 2.65
10086 2.9
10086 0
10086 1.51
10086 0.19
10089 1.09
10089 3.9
10089 6.12
10089 2.59
10089 2.65
10089 2.9
10089 0
10089 1.51
10089 0.19
10090 1.09
10090 3.9
10090 6.12
10090 2.59
10090 2.65
10090 2.9
10090 0
10090 1.51
10090 0.19
10091 1.09
10091 3.9
10091 6.12
10091 2.59
10091 2.65
10091 2.9
10091 0
10091 1.51
10091 0.19
10092 1.09
10092 3.9
10092 6.12
10092 2.59
10092 2.65
10092 2.9
10092 0
10092 1.51
10092 0.19
10130 1.09
10130 3.9
10130 6.12
10130 2.59
10130 2.65
10130 2.9
10130 0
10130 1.51
10130 0.19
10153 1.09
10153 3.9
10153 6.12
10153 2.59
10153 2.65
10153 2.9
10153 0
10153 1.51
10153 0.19
10154 1.09
10154 3.9
10154 6.12
10154 2.59
10154 2.65
10154 2.9
10154 0
10154 1.51
10154 0.19
10155 1.09
10155 3.9
10155 6.12
10155 2.59
10155 2.65
10155 2.9
10155 0
10155 1.51
10155 0.19
10156 1.09
10156 3.9
10156 6.12
10156 2.59
10156 2.65
10156 2.9
10156 0
10156 1.51
10156 0.19
10160 1.09
10160 3.9
10160 6.12
10160 2.59
10160 2.65
10160 2.9
10160 0
10160 1.51
10160 0.19
10167 1.09
10167 3.9
10167 6.12
10167 2.59
10167 2.65
10167 2.9
10167 0
10167 1.51
10167 0.19
10169 1.09
10169 3.9
10169 6.12
10169 2.59
10169 2.65
10169 2.9
10169 0
10169 1.51
10169 0.19
10171 1.09
10171 3.9
10171 6.12
10171 2.59
10171 2.65
10171 2.9
10171 0
10171 1.51
10171 0.19
10173 1.09
10173 3.9
10173 6.12
10173 2.59
10173 2.65
10173 2.9
10173 0
10173 1.51
10173 0.19
10175 1.09
10175 3.9
10175 6.12
10175 2.59
10175 2.65
10175 2.9
10175 0
10175 1.51
10175 0.19
10235 1.09
10235 3.9
10235 6.12
10235 2.59
10235 2.65
10235 2.9
10235 0
10235 1.51
10235 0.19
10238 1.09
10238 3.9
10238 6.12
10238 2.59
10238 2.65
10238 2.9
10238 0
10238 1.51
10238 0.19
10240 1.09
10240 3.9
10240 6.12
10240 2.59
10240 2.65
10240 2.9
10240 0
10240 1.51
10240 0.19
10241 1.09
10241 3.9
10241 6.12
10241 2.59
10241 2.65
10241 2.9
10241 0
10241 1.51
10241 0.19
10246 1.09
10246 3.9
10246 6.12
10246 2.59
10246 2.65
10246 2.9
10246 0
10246 1.51
10246 0.19
10248 1.09
10248 3.9
10248 6.12
10248 2.59
10248 2.65
10248 2.9
10248 0
10248 1.51
10248 0.19
10252 1.09
10252 3.9
10252 6.12
10252 2.59
10252 2.65
10252 2.9
10252 0
10252 1.51
10252 0.19
10253 1.09
10253 3.9
10253 6.12
10253 2.59
10253 2.65
10253 2.9
10253 0
10253 1.51
10253 0.19
10254 1.09
10254 3.9
10254 6.12
10254 2.59
10254 2.65
10254 2.9
10254 0
10254 1.51
10254 0.19
10255 1.09
10255 3.9
10255 6.12
10255 2.59
10255 2.65
10255 2.9
10255 0
10255 1.51
10255 0.19
10256 1.09
10256 3.9
10256 6.12
10256 2.59
10256 2.65
10256 2.9
10256 0
10256 1.51
10256 0.19
10257 1.09
10257 3.9
10257 6.12
10257 2.59
10257 2.65
10257 2.9
10257 0
10257 1.51
10257 0.19
10258 1.09
10258 3.9
10258 6.12
10258 2.59
10258 2.65
10258 2.9
10258 0
10258 1.51
10258 0.19
10319 1.09
10319 3.9
10319 6.12
10319 2.59
10319 2.65
10319 2.9
10319 0
10319 1.51
10319 0.19
10320 1.09
10320 3.9
10320 6.12
10320 2.59
10320 2.65
10320 2.9
10320 0
10320 1.51
10320 0.19
10322 1.09
10322 3.9
10322 6.12
10322 2.59
10322 2.65
10322 2.9
10322 0
10322 1.51
10322 0.19
10325 1.09
10325 3.9
10325 6.12
10325 2.59
10325 2.65
10325 2.9
10325 0
10325 1.51
10325 0.19
10326 1.09
10326 3.9
10326 6.12
10326 2.59
10326 2.65
10326 2.9
10326 0
10326 1.51
10326 0.19
10330 1.09
10330 3.9
10330 6.12
10330 2.59
10330 2.65
10330 2.9
10330 0
10330 1.51
10330 0.19
10332 1.09
10332 3.9
10332 6.12
10332 2.59
10332 2.65
10332 2.9
10332 0
10332 1.51
10332 0.19
10334 1.09
10334 3.9
10334 6.12
10334 2.59
10334 2.65
10334 2.9
10334 0
10334 1.51
10334 0.19
10335 1.09
10335 3.9
10335 6.12
10335 2.59
10335 2.65
10335 2.9
10335 0
10335 1.51
10335 0.19
10336 1.09
10336 3.9
10336 6.12
10336 2.59
10336 2.65
10336 2.9
10336 0
10336 1.51
10336 0.19
10337 1.09
10337 3.9
10337 6.12
10337 2.59
10337 2.65
10337 2.9
10337 0
10337 1.51
10337 0.19
10338 1.09
10338 3.9
10338 6.12
10338 2.59
10338 2.65
10338 2.9
10338 0
10338 1.51
10338 0.19
10339 1.09
10339 3.9
10339 6.12
10339 2.59
10339 2.65
10339 2.9
10339 0
10339 1.51
10339 0.19
10340 1.09
10340 3.9
10340 6.12
10340 2.59
10340 2.65
10340 2.9
10340 0
10340 1.51
10340 0.19
10405 1.09
10405 3.9
10405 6.12
10405 2.59
10405 2.65
10405 2.9
10405 0
10405 1.51
10405 0.19
10406 1.09
10406 3.9
10406 6.12
10406 2.59
10406 2.65
10406 2.9
10406 0
10406 1.51
10406 0.19
10409 1.09
10409 3.9
10409 6.12
10409 2.59
10409 2.65
10409 2.9
10409 0
10409 1.51
10409 0.19
10412 1.09
10412 3.9
10412 6.12
10412 2.59
10412 2.65
10412 2.9
10412 0
10412 1.51
10412 0.19
10413 1.09
10413 3.9
10413 6.12
10413 2.59
10413 2.65
10413 2.9
10413 0
10413 1.51
10413 0.19
10415 1.09
10415 3.9
10415 6.12
10415 2.59
10415 2.65
10415 2.9
10415 0
10415 1.51
10415 0.19
10419 1.09
10419 3.9
10419 6.12
10419 2.59
10419 2.65
10419 2.9
10419 0
10419 1.51
10419 0.19
10420 1.09
10420 3.9
10420 6.12
10420 2.59
10420 2.65
10420 2.9
10420 0
10420 1.51
10420 0.19
10421 1.09
10421 3.9
10421 6.12
10421 2.59
10421 2.65
10421 2.9
10421 0
10421 1.51
10421 0.19
10422 1.09
10422 3.9
10422 6.12
10422 2.59
10422 2.65
10422 2.9
10422 0
10422 1.51
10422 0.19
10423 1.09
10423 3.9
10423 6.12
10423 2.59
10423 2.65
10423 2.9
10423 0
10423 1.51
10423 0.19
10424 1.09
10424 3.9
10424 6.12
10424 2.59
10424 2.65
10424 2.9
10424 0
10424 1.51
10424 0.19
10425 1.09
10425 3.9
10425 6.12
10425 2.59
10425 2.65
10425 2.9
10425 0
10425 1.51
10425 0.19
10426 1.09
10426 3.9
10426 6.12
10426 2.59
10426 2.65
10426 2.9
10426 0
10426 1.51
10426 0.19
10427 1.09
10427 3.9
10427 6.12
10427 2.59
10427 2.65
10427 2.9
10427 0
10427 1.51
10427 0.19
10501 1.09
10501 3.9
10501 6.12
10501 2.59
10501 2.65
10501 2.9
10501 0
10501 1.51
10501 0.19
10502 1.09
10502 3.9
10502 6.12
10502 2.59
10502 2.65
10502 2.9
10502 0
10502 1.51
10502 0.19
10504 1.09
10504 3.9
10504 6.12
10504 2.59
10504 2.65
10504 2.9
10504 0
10504 1.51
10504 0.19
10510 1.09
10510 3.9
10510 6.12
10510 2.59
10510 2.65
10510 2.9
10510 0
10510 1.51
10510 0.19
10512 1.09
10512 3.9
10512 6.12
10512 2.59
10512 2.65
10512 2.9
10512 0
10512 1.51
10512 0.19
10515 1.09
10515 3.9
10515 6.12
10515 2.59
10515 2.65
10515 2.9
10515 0
10515 1.51
10515 0.19
10516 1.09
10516 3.9
10516 6.12
10516 2.59
10516 2.65
10516 2.9
10516 0
10516 1.51
10516 0.19
10517 1.09
10517 3.9
10517 6.12
10517 2.59
10517 2.65
10517 2.9
10517 0
10517 1.51
10517 0.19
10518 1.09
10518 3.9
10518 6.12
10518 2.59
10518 2.65
10518 2.9
10518 0
10518 1.51
10518 0.19
10519 1.09
10519 3.9
10519 6.12
10519 2.59
10519 2.65
10519 2.9
10519 0
10519 1.51
10519 0.19
10520 1.09
10520 3.9
10520 6.12
10520 2.59
10520 2.65
10520 2.9
10520 0
10520 1.51
10520 0.19
10521 1.09
10521 3.9
10521 6.12
10521 2.59
10521 2.65
10521 2.9
10521 0
10521 1.51
10521 0.19
10522 1.09
10522 3.9
10522 6.12
10522 2.59
10522 2.65
10522 2.9
10522 0
10522 1.51
10522 0.19
10524 1.09
10524 3.9
10524 6.12
10524 2.59
10524 2.65
10524 2.9
10524 0
10524 1.51
10524 0.19
10599 1.09
10599 3.9
10599 6.12
10599 2.59
10599 2.65
10599 2.9
10599 0
10599 1.51
10599 0.19
10602 1.09
10602 3.9
10602 6.12
10602 2.59
10602 2.65
10602 2.9
10602 0
10602 1.51
10602 0.19
10603 1.09
10603 3.9
10603 6.12
10603 2.59
10603 2.65
10603 2.9
10603 0
10603 1.51
10603 0.19
10606 1.09
10606 3.9
10606 6.12
10606 2.59
10606 2.65
10606 2.9
10606 0
10606 1.51
10606 0.19
10607 1.09
10607 3.9
10607 6.12
10607 2.59
10607 2.65
10607 2.9
10607 0
10607 1.51
10607 0.19
10608 1.09
10608 3.9
10608 6.12
10608 2.59
10608 2.65
10608 2.9
10608 0
10608 1.51
10608 0.19
10609 1.09
10609 3.9
10609 6.12
10609 2.59
10609 2.65
10609 2.9
10609 0
10609 1.51
10609 0.19
10611 1.09
10611 3.9
10611 6.12
10611 2.59
10611 2.65
10611 2.9
10611 0
10611 1.51
10611 0.19
10613 1.09
10613 3.9
10613 6.12
10613 2.59
10613 2.65
10613 2.9
10613 0
10613 1.51
10613 0.19
10614 1.09
10614 3.9
10614 6.12
10614 2.59
10614 2.65
10614 2.9
10614 0
10614 1.51
10614 0.19
10615 1.09
10615 3.9
10615 6.12
10615 2.59
10615 2.65
10615 2.9
10615 0
10615 1.51
10615 0.19
10617 1.09
10617 3.9
10617 6.12
10617 2.59
10617 2.65
10617 2.9
10617 0
10617 1.51
10617 0.19
10619 1.09
10619 3.9
10619 6.12
10619 2.59
10619 2.65
10619 2.9
10619 0
10619 1.51
10619 0.19
10620 1.09
10620 3.9
10620 6.12
10620 2.59
10620 2.65
10620 2.9
10620 0
10620 1.51
10620 0.19
10621 1.09
10621 3.9
10621 6.12
10621 2.59
10621 2.65
10621 2.9
10621 0
10621 1.51
10621 0.19
10622 1.09
10622 3.9
10622 6.12
10622 2.59
10622 2.65
10622 2.9
10622 0
10622 1.51
10622 0.19
10623 1.09
10623 3.9
10623 6.12
10623 2.59
10623 2.65
10623 2.9
10623 0
10623 1.51
10623 0.19
10699 1.09
10699 3.9
10699 6.12
10699 2.59
10699 2.65
10699 2.9
10699 0
10699 1.51
10699 0.19
10701 1.09
10701 3.9
10701 6.12
10701 2.59
10701 2.65
10701 2.9
10701 0
10701 1.51
10701 0.19
10707 1.09
10707 3.9
10707 6.12
10707 2.59
10707 2.65
10707 2.9
10707 0
10707 1.51
10707 0.19
10709 1.09
10709 3.9
10709 6.12
10709 2.59
10709 2.65
10709 2.9
10709 0
10709 1.51
10709 0.19
10710 1.09
10710 3.9
10710 6.12
10710 2.59
10710 2.65
10710 2.9
10710 0
10710 1.51
10710 0.19
10711 1.09
10711 3.9
10711 6.12
10711 2.59
10711 2.65
10711 2.9
10711 0
10711 1.51
10711 0.19
10712 1.09
10712 3.9
10712 6.12
10712 2.59
10712 2.65
10712 2.9
10712 0
10712 1.51
10712 0.19
10714 1.09
10714 3.9
10714 6.12
10714 2.59
10714 2.65
10714 2.9
10714 0
10714 1.51
10714 0.19
10715 1.09
10715 3.9
10715 6.12
10715 2.59
10715 2.65
10715 2.9
10715 0
10715 1.51
10715 0.19
10718 1.09
10718 3.9
10718 6.12
10718 2.59
10718 2.65
10718 2.9
10718 0
10718 1.51
10718 0.19
10719 1.09
10719 3.9
10719 6.12
10719 2.59
10719 2.65
10719 2.9
10719 0
10719 1.51
10719 0.19
10720 1.09
10720 3.9
10720 6.12
10720 2.59
10720 2.65
10720 2.9
10720 0
10720 1.51
10720 0.19
10799 1.09
10799 3.9
10799 6.12
10799 2.59
10799 2.65
10799 2.9
10799 0
10799 1.51
10799 0.19
10801 1.09
10801 3.9
10801 6.12
10801 2.59
10801 2.65
10801 2.9
10801 0
10801 1.51
10801 0.19
10802 1.09
10802 3.9
10802 6.12
10802 2.59
10802 2.65
10802 2.9
10802 0
10802 1.51
10802 0.19
10808 1.09
10808 3.9
10808 6.12
10808 2.59
10808 2.65
10808 2.9
10808 0
10808 1.51
10808 0.19
10810 1.09
10810 3.9
10810 6.12
10810 2.59
10810 2.65
10810 2.9
10810 0
10810 1.51
10810 0.19
10811 1.09
10811 3.9
10811 6.12
10811 2.59
10811 2.65
10811 2.9
10811 0
10811 1.51
10811 0.19
10812 1.09
10812 3.9
10812 6.12
10812 2.59
10812 2.65
10812 2.9
10812 0
10812 1.51
10812 0.19
10813 1.09
10813 3.9
10813 6.12
10813 2.59
10813 2.65
10813 2.9
10813 0
10813 1.51
10813 0.19
10814 1.09
10814 3.9
10814 6.12
10814 2.59
10814 2.65
10814 2.9
10814 0
10814 1.51
10814 0.19
10815 1.09
10815 3.9
10815 6.12
10815 2.59
10815 2.65
10815 2.9
10815 0
10815 1.51
10815 0.19
10817 1.09
10817 3.9
10817 6.12
10817 2.59
10817 2.65
10817 2.9
10817 0
10817 1.51
10817 0.19
10818 1.09
10818 3.9
10818 6.12
10818 2.59
10818 2.65
10818 2.9
10818 0
10818 1.51
10818 0.19
10819 1.09
10819 3.9
10819 6.12
10819 2.59
10819 2.65
10819 2.9
10819 0
10819 1.51
10819 0.19
10820 1.09
10820 3.9
10820 6.12
10820 2.59
10820 2.65
10820 2.9
10820 0
10820 1.51
10820 0.19
10821 1.09
10821 3.9
10821 6.12
10821 2.59
10821 2.65
10821 2.9
10821 0
10821 1.51
10821 0.19
10822 1.09
10822 3.9
10822 6.12
10822 2.59
10822 2.65
10822 2.9
10822 0
10822 1.51
10822 0.19
10823 1.09
10823 3.9
10823 6.12
10823 2.59
10823 2.65
10823 2.9
10823 0
10823 1.51
10823 0.19
10900 1.09
10900 3.9
10900 6.12
10900 2.59
10900 2.65
10900 2.9
10900 0
10900 1.51
10900 0.19
10902 1.09
10902 3.9
10902 6.12
10902 2.59
10902 2.65
10902 2.9
10902 0
10902 1.51
10902 0.19
10903 1.09
10903 3.9
10903 6.12
10903 2.59
10903 2.65
10903 2.9
10903 0
10903 1.51
10903 0.19
10904 1.09
10904 3.9
10904 6.12
10904 2.59
10904 2.65
10904 2.9
10904 0
10904 1.51
10904 0.19
10906 1.09
10906 3.9
10906 6.12
10906 2.59
10906 2.65
10906 2.9
10906 0
10906 1.51
10906 0.19
10910 1.09
10910 3.9
10910 6.12
10910 2.59
10910 2.65
10910 2.9
10910 0
10910 1.51
10910 0.19
10912 1.09
10912 3.9
10912 6.12
10912 2.59
10912 2.65
10912 2.9
10912 0
10912 1.51
10912 0.19
10914 1.09
10914 3.9
10914 6.12
10914 2.59
10914 2.65
10914 2.9
10914 0
10914 1.51
10914 0.19
10915 1.09
10915 3.9
10915 6.12
10915 2.59
10915 2.65
10915 2.9
10915 0
10915 1.51
10915 0.19
10916 1.09
10916 3.9
10916 6.12
10916 2.59
10916 2.65
10916 2.9
10916 0
10916 1.51
10916 0.19
10917 1.09
10917 3.9
10917 6.12
10917 2.59
10917 2.65
10917 2.9
10917 0
10917 1.51
10917 0.19
10918 1.09
10918 3.9
10918 6.12
10918 2.59
10918 2.65
10918 2.9
10918 0
10918 1.51
10918 0.19
10919 1.09
10919 3.9
10919 6.12
10919 2.59
10919 2.65
10919 2.9
10919 0
10919 1.51
10919 0.19
10920 1.09
10920 3.9
10920 6.12
10920 2.59
10920 2.65
10920 2.9
10920 0
10920 1.51
10920 0.19
10921 1.09
10921 3.9
10921 6.12
10921 2.59
10921 2.65
10921 2.9
10921 0
10921 1.51
10921 0.19
10922 1.09
10922 3.9
10922 6.12
10922 2.59
10922 2.65
10922 2.9
10922 0
10922 1.51
10922 0.19
10923 1.09
10923 3.9
10923 6.12
10923 2.59
10923 2.65
10923 2.9
10923 0
10923 1.51
10923 0.19
10924 1.09
10924 3.9
10924 6.12
10924 2.59
10924 2.65
10924 2.9
10924 0
10924 1.51
10924 0.19
10925 1.09
10925 3.9
10925 6.12
10925 2.59
10925 2.65
10925 2.9
10925 0
10925 1.51
10925 0.19
11007 1.09
11007 3.9
11007 6.12
11007 2.59
11007 2.65
11007 2.9
11007 0
11007 1.51
11007 0.19
11008 1.09
11008 3.9
11008 6.12
11008 2.59
11008 2.65
11008 2.9
11008 0
11008 1.51
11008 0.19
11010 1.09
11010 3.9
11010 6.12
11010 2.59
11010 2.65
11010 2.9
11010 0
11010 1.51
11010 0.19
11014 1.09
11014 3.9
11014 6.12
11014 2.59
11014 2.65
11014 2.9
11014 0
11014 1.51
11014 0.19
11020 1.09
11020 3.9
11020 6.12
11020 2.59
11020 2.65
11020 2.9
11020 0
11020 1.51
11020 0.19
11021 1.09
11021 3.9
11021 6.12
11021 2.59
11021 2.65
11021 2.9
11021 0
11021 1.51
11021 0.19
11022 1.09
11022 3.9
11022 6.12
11022 2.59
11022 2.65
11022 2.9
11022 0
11022 1.51
11022 0.19
11023 1.09
11023 3.9
11023 6.12
11023 2.59
11023 2.65
11023 2.9
11023 0
11023 1.51
11023 0.19
11024 1.09
11024 3.9
11024 6.12
11024 2.59
11024 2.65
11024 2.9
11024 0
11024 1.51
11024 0.19
11025 1.09
11025 3.9
11025 6.12
11025 2.59
11025 2.65
11025 2.9
11025 0
11025 1.51
11025 0.19
11026 1.09
11026 3.9
11026 6.12
11026 2.59
11026 2.65
11026 2.9
11026 0
11026 1.51
11026 0.19
11027 1.09
11027 3.9
11027 6.12
11027 2.59
11027 2.65
11027 2.9
11027 0
11027 1.51
11027 0.19
11028 1.09
11028 3.9
11028 6.12
11028 2.59
11028 2.65
11028 2.9
11028 0
11028 1.51
11028 0.19
11029 1.09
11029 3.9
11029 6.12
11029 2.59
11029 2.65
11029 2.9
11029 0
11029 1.51
11029 0.19
11030 1.09
11030 3.9
11030 6.12
11030 2.59
11030 2.65
11030 2.9
11030 0
11030 1.51
11030 0.19
11031 1.09
11031 3.9
11031 6.12
11031 2.59
11031 2.65
11031 2.9
11031 0
11031 1.51
11031 0.19
11033 1.09
11033 3.9
11033 6.12
11033 2.59
11033 2.65
11033 2.9
11033 0
11033 1.51
11033 0.19
11118 1.09
11118 3.9
11118 6.12
11118 2.59
11118 2.65
11118 2.9
11118 0
11118 1.51
11118 0.19
11121 1.09
11121 3.9
11121 6.12
11121 2.59
11121 2.65
11121 2.9
11121 0
11121 1.51
11121 0.19
11129 1.09
11129 3.9
11129 6.12
11129 2.59
11129 2.65
11129 2.9
11129 0
11129 1.51
11129 0.19
11131 1.09
11131 3.9
11131 6.12
11131 2.59
11131 2.65
11131 2.9
11131 0
11131 1.51
11131 0.19
11132 1.09
11132 3.9
11132 6.12
11132 2.59
11132 2.65
11132 2.9
11132 0
11132 1.51
11132 0.19
11133 1.09
11133 3.9
11133 6.12
11133 2.59
11133 2.65
11133 2.9
11133 0
11133 1.51
11133 0.19
11134 1.09
11134 3.9
11134 6.12
11134 2.59
11134 2.65
11134 2.9
11134 0
11134 1.51
11134 0.19
11135 1.09
11135 3.9
11135 6.12
11135 2.59
11135 2.65
11135 2.9
11135 0
11135 1.51
11135 0.19
11136 1.09
11136 3.9
11136 6.12
11136 2.59
11136 2.65
11136 2.9
11136 0
11136 1.51
11136 0.19
11137 1.09
11137 3.9
11137 6.12
11137 2.59
11137 2.65
11137 2.9
11137 0
11137 1.51
11137 0.19
11138 1.09
11138 3.9
11138 6.12
11138 2.59
11138 2.65
11138 2.9
11138 0
11138 1.51
11138 0.19
11139 1.09
11139 3.9
11139 6.12
11139 2.59
11139 2.65
11139 2.9
11139 0
11139 1.51
11139 0.19
11140 1.09
11140 3.9
11140 6.12
11140 2.59
11140 2.65
11140 2.9
11140 0
11140 1.51
11140 0.19
11141 1.09
11141 3.9
11141 6.12
11141 2.59
11141 2.65
11141 2.9
11141 0
11141 1.51
11141 0.19
11142 1.09
11142 3.9
11142 6.12
11142 2.59
11142 2.65
11142 2.9
11142 0
11142 1.51
11142 0.19
11143 1.09
11143 3.9
11143 6.12
11143 2.59
11143 2.65
11143 2.9
11143 0
11143 1.51
11143 0.19
11239 1.09
11239 3.9
11239 6.12
11239 2.59
11239 2.65
11239 2.9
11239 0
11239 1.51
11239 0.19
11241 1.09
11241 3.9
11241 6.12
11241 2.59
11241 2.65
11241 2.9
11241 0
11241 1.51
11241 0.19
11242 1.09
11242 3.9
11242 6.12
11242 2.59
11242 2.65
11242 2.9
11242 0
11242 1.51
11242 0.19
11244 1.09
11244 3.9
11244 6.12
11244 2.59
11244 2.65
11244 2.9
11244 0
11244 1.51
11244 0.19
11274 1.09
11274 3.9
11274 6.12
11274 2.59
11274 2.65
11274 2.9
11274 0
11274 1.51
11274 0.19
11249 1.09
11249 3.9
11249 6.12
11249 2.59
11249 2.65
11249 2.9
11249 0
11249 1.51
11249 0.19
11250 1.09
11250 3.9
11250 6.12
11250 2.59
11250 2.65
11250 2.9
11250 0
11250 1.51
11250 0.19
11253 1.09
11253 3.9
11253 6.12
11253 2.59
11253 2.65
11253 2.9
11253 0
11253 1.51
11253 0.19
11254 1.09
11254 3.9
11254 6.12
11254 2.59
11254 2.65
11254 2.9
11254 0
11254 1.51
11254 0.19
11255 1.09
11255 3.9
11255 6.12
11255 2.59
11255 2.65
11255 2.9
11255 0
11255 1.51
11255 0.19
11256 1.09
11256 3.9
11256 6.12
11256 2.59
11256 2.65
11256 2.9
11256 0
11256 1.51
11256 0.19
11257 1.09
11257 3.9
11257 6.12
11257 2.59
11257 2.65
11257 2.9
11257 0
11257 1.51
11257 0.19
11258 1.09
11258 3.9
11258 6.12
11258 2.59
11258 2.65
11258 2.9
11258 0
11258 1.51
11258 0.19
11259 1.09
11259 3.9
11259 6.12
11259 2.59
11259 2.65
11259 2.9
11259 0
11259 1.51
11259 0.19
11260 1.09
11260 3.9
11260 6.12
11260 2.59
11260 2.65
11260 2.9
11260 0
11260 1.51
11260 0.19
11261 1.09
11261 3.9
11261 6.12
11261 2.59
11261 2.65
11261 2.9
11261 0
11261 1.51
11261 0.19
11262 1.09
11262 3.9
11262 6.12
11262 2.59
11262 2.65
11262 2.9
11262 0
11262 1.51
11262 0.19
11263 1.09
11263 3.9
11263 6.12
11263 2.59
11263 2.65
11263 2.9
11263 0
11263 1.51
11263 0.19
11264 1.09
11264 3.9
11264 6.12
11264 2.59
11264 2.65
11264 2.9
11264 0
11264 1.51
11264 0.19
11362 1.09
11362 3.9
11362 6.12
11362 2.59
11362 2.65
11362 2.9
11362 0
11362 1.51
11362 0.19
11363 1.09
11363 3.9
11363 6.12
11363 2.59
11363 2.65
11363 2.9
11363 0
11363 1.51
11363 0.19
11399 1.09
11399 3.9
11399 6.12
11399 2.59
11399 2.65
11399 2.9
11399 0
11399 1.51
11399 0.19
11400 1.09
11400 3.9
11400 6.12
11400 2.59
11400 2.65
11400 2.9
11400 0
11400 1.51
11400 0.19
11397 1.09
11397 3.9
11397 6.12
11397 2.59
11397 2.65
11397 2.9
11397 0
11397 1.51
11397 0.19
11398 1.09
11398 3.9
11398 6.12
11398 2.59
11398 2.65
11398 2.9
11398 0
11398 1.51
11398 0.19
11369 1.09
11369 3.9
11369 6.12
11369 2.59
11369 2.65
11369 2.9
11369 0
11369 1.51
11369 0.19
11370 1.09
11370 3.9
11370 6.12
11370 2.59
11370 2.65
11370 2.9
11370 0
11370 1.51
11370 0.19
11371 1.09
11371 3.9
11371 6.12
11371 2.59
11371 2.65
11371 2.9
11371 0
11371 1.51
11371 0.19
11394 1.09
11394 3.9
11394 6.12
11394 2.59
11394 2.65
11394 2.9
11394 0
11394 1.51
11394 0.19
11395 1.09
11395 3.9
11395 6.12
11395 2.59
11395 2.65
11395 2.9
11395 0
11395 1.51
11395 0.19
11396 1.09
11396 3.9
11396 6.12
11396 2.59
11396 2.65
11396 2.9
11396 0
11396 1.51
11396 0.19
11393 1.09
11393 3.9
11393 6.12
11393 2.59
11393 2.65
11393 2.9
11393 0
11393 1.51
11393 0.19
11375 1.09
11375 3.9
11375 6.12
11375 2.59
11375 2.65
11375 2.9
11375 0
11375 1.51
11375 0.19
11376 1.09
11376 3.9
11376 6.12
11376 2.59
11376 2.65
11376 2.9
11376 0
11376 1.51
11376 0.19
11377 1.09
11377 3.9
11377 6.12
11377 2.59
11377 2.65
11377 2.9
11377 0
11377 1.51
11377 0.19
11378 1.09
11378 3.9
11378 6.12
11378 2.59
11378 2.65
11378 2.9
11378 0
11378 1.51
11378 0.19
11379 1.09
11379 3.9
11379 6.12
11379 2.59
11379 2.65
11379 2.9
11379 0
11379 1.51
11379 0.19
11380 1.09
11380 3.9
11380 6.12
11380 2.59
11380 2.65
11380 2.9
11380 0
11380 1.51
11380 0.19
11381 1.09
11381 3.9
11381 6.12
11381 2.59
11381 2.65
11381 2.9
11381 0
11381 1.51
11381 0.19
11383 1.09
11383 3.9
11383 6.12
11383 2.59
11383 2.65
11383 2.9
11383 0
11383 1.51
11383 0.19
11384 1.09
11384 3.9
11384 6.12
11384 2.59
11384 2.65
11384 2.9
11384 0
11384 1.51
11384 0.19
11385 1.09
11385 3.9
11385 6.12
11385 2.59
11385 2.65
11385 2.9
11385 0
11385 1.51
11385 0.19
11488 1.09
11488 3.9
11488 6.12
11488 2.59
11488 2.65
11488 2.9
11488 0
11488 1.51
11488 0.19
11490 1.09
11490 3.9
11490 6.12
11490 2.59
11490 2.65
11490 2.9
11490 0
11490 1.51
11490 0.19
11530 1.09
11530 3.9
11530 6.12
11530 2.59
11530 2.65
11530 2.9
11530 0
11530 1.51
11530 0.19
11531 1.09
11531 3.9
11531 6.12
11531 2.59
11531 2.65
11531 2.9
11531 0
11531 1.51
11531 0.19
11495 1.09
11495 3.9
11495 6.12
11495 2.59
11495 2.65
11495 2.9
11495 0
11495 1.51
11495 0.19
11528 1.09
11528 3.9
11528 6.12
11528 2.59
11528 2.65
11528 2.9
11528 0
11528 1.51
11528 0.19
11529 1.09
11529 3.9
11529 6.12
11529 2.59
11529 2.65
11529 2.9
11529 0
11529 1.51
11529 0.19
11496 1.09
11496 3.9
11496 6.12
11496 2.59
11496 2.65
11496 2.9
11496 0
11496 1.51
11496 0.19
11497 1.09
11497 3.9
11497 6.12
11497 2.59
11497 2.65
11497 2.9
11497 0
11497 1.51
11497 0.19
11527 1.09
11527 3.9
11527 6.12
11527 2.59
11527 2.65
11527 2.9
11527 0
11527 1.51
11527 0.19
11502 1.09
11502 3.9
11502 6.12
11502 2.59
11502 2.65
11502 2.9
11502 0
11502 1.51
11502 0.19
11503 1.09
11503 3.9
11503 6.12
11503 2.59
11503 2.65
11503 2.9
11503 0
11503 1.51
11503 0.19
11504 1.09
11504 3.9
11504 6.12
11504 2.59
11504 2.65
11504 2.9
11504 0
11504 1.51
11504 0.19
11505 1.09
11505 3.9
11505 6.12
11505 2.59
11505 2.65
11505 2.9
11505 0
11505 1.51
11505 0.19
11506 1.09
11506 3.9
11506 6.12
11506 2.59
11506 2.65
11506 2.9
11506 0
11506 1.51
11506 0.19
11507 1.09
11507 3.9
11507 6.12
11507 2.59
11507 2.65
11507 2.9
11507 0
11507 1.51
11507 0.19
11508 1.09
11508 3.9
11508 6.12
11508 2.59
11508 2.65
11508 2.9
11508 0
11508 1.51
11508 0.19
11509 1.09
11509 3.9
11509 6.12
11509 2.59
11509 2.65
11509 2.9
11509 0
11509 1.51
11509 0.19
11510 1.09
11510 3.9
11510 6.12
11510 2.59
11510 2.65
11510 2.9
11510 0
11510 1.51
11510 0.19
11512 1.09
11512 3.9
11512 6.12
11512 2.59
11512 2.65
11512 2.9
11512 0
11512 1.51
11512 0.19
11617 1.09
11617 3.9
11617 6.12
11617 2.59
11617 2.65
11617 2.9
11617 0
11617 1.51
11617 0.19
11618 1.09
11618 3.9
11618 6.12
11618 2.59
11618 2.65
11618 2.9
11618 0
11618 1.51
11618 0.19
11659 1.09
11659 3.9
11659 6.12
11659 2.59
11659 2.65
11659 2.9
11659 0
11659 1.51
11659 0.19
11660 1.09
11660 3.9
11660 6.12
11660 2.59
11660 2.65
11660 2.9
11660 0
11660 1.51
11660 0.19
11620 1.09
11620 3.9
11620 6.12
11620 2.59
11620 2.65
11620 2.9
11620 0
11620 1.51
11620 0.19
11657 1.09
11657 3.9
11657 6.12
11657 2.59
11657 2.65
11657 2.9
11657 0
11657 1.51
11657 0.19
11658 1.09
11658 3.9
11658 6.12
11658 2.59
11658 2.65
11658 2.9
11658 0
11658 1.51
11658 0.19
11655 1.09
11655 3.9
11655 6.12
11655 2.59
11655 2.65
11655 2.9
11655 0
11655 1.51
11655 0.19
11656 1.09
11656 3.9
11656 6.12
11656 2.59
11656 2.65
11656 2.9
11656 0
11656 1.51
11656 0.19
11624 1.09
11624 3.9
11624 6.12
11624 2.59
11624 2.65
11624 2.9
11624 0
11624 1.51
11624 0.19
11652 1.09
11652 3.9
11652 6.12
11652 2.59
11652 2.65
11652 2.9
11652 0
11652 1.51
11652 0.19
11654 1.09
11654 3.9
11654 6.12
11654 2.59
11654 2.65
11654 2.9
11654 0
11654 1.51
11654 0.19
11629 1.09
11629 3.9
11629 6.12
11629 2.59
11629 2.65
11629 2.9
11629 0
11629 1.51
11629 0.19
11630 1.09
11630 3.9
11630 6.12
11630 2.59
11630 2.65
11630 2.9
11630 0
11630 1.51
11630 0.19
11650 1.09
11650 3.9
11650 6.12
11650 2.59
11650 2.65
11650 2.9
11650 0
11650 1.51
11650 0.19
11631 1.09
11631 3.9
11631 6.12
11631 2.59
11631 2.65
11631 2.9
11631 0
11631 1.51
11631 0.19
11632 1.09
11632 3.9
11632 6.12
11632 2.59
11632 2.65
11632 2.9
11632 0
11632 1.51
11632 0.19
11633 1.09
11633 3.9
11633 6.12
11633 2.59
11633 2.65
11633 2.9
11633 0
11633 1.51
11633 0.19
11634 1.09
11634 3.9
11634 6.12
11634 2.59
11634 2.65
11634 2.9
11634 0
11634 1.51
11634 0.19
11635 1.09
11635 3.9
11635 6.12
11635 2.59
11635 2.65
11635 2.9
11635 0
11635 1.51
11635 0.19
11636 1.09
11636 3.9
11636 6.12
11636 2.59
11636 2.65
11636 2.9
11636 0
11636 1.51
11636 0.19
11637 1.09
11637 3.9
11637 6.12
11637 2.59
11637 2.65
11637 2.9
11637 0
11637 1.51
11637 0.19
11638 1.09
11638 3.9
11638 6.12
11638 2.59
11638 2.65
11638 2.9
11638 0
11638 1.51
11638 0.19
11639 1.09
11639 3.9
11639 6.12
11639 2.59
11639 2.65
11639 2.9
11639 0
11639 1.51
11639 0.19
11640 1.09
11640 3.9
11640 6.12
11640 2.59
11640 2.65
11640 2.9
11640 0
11640 1.51
11640 0.19
11744 1.09
11744 3.9
11744 6.12
11744 2.59
11744 2.65
11744 2.9
11744 0
11744 1.51
11744 0.19
11747 1.09
11747 3.9
11747 6.12
11747 2.59
11747 2.65
11747 2.9
11747 0
11747 1.51
11747 0.19
11791 1.09
11791 3.9
11791 6.12
11791 2.59
11791 2.65
11791 2.9
11791 0
11791 1.51
11791 0.19
11789 1.09
11789 3.9
11789 6.12
11789 2.59
11789 2.65
11789 2.9
11789 0
11789 1.51
11789 0.19
11790 1.09
11790 3.9
11790 6.12
11790 2.59
11790 2.65
11790 2.9
11790 0
11790 1.51
11790 0.19
11751 1.09
11751 3.9
11751 6.12
11751 2.59
11751 2.65
11751 2.9
11751 0
11751 1.51
11751 0.19
11787 1.09
11787 3.9
11787 6.12
11787 2.59
11787 2.65
11787 2.9
11787 0
11787 1.51
11787 0.19
11788 1.09
11788 3.9
11788 6.12
11788 2.59
11788 2.65
11788 2.9
11788 0
11788 1.51
11788 0.19
11753 1.09
11753 3.9
11753 6.12
11753 2.59
11753 2.65
11753 2.9
11753 0
11753 1.51
11753 0.19
11785 1.09
11785 3.9
11785 6.12
11785 2.59
11785 2.65
11785 2.9
11785 0
11785 1.51
11785 0.19
11786 1.09
11786 3.9
11786 6.12
11786 2.59
11786 2.65
11786 2.9
11786 0
11786 1.51
11786 0.19
11755 1.09
11755 3.9
11755 6.12
11755 2.59
11755 2.65
11755 2.9
11755 0
11755 1.51
11755 0.19
11782 1.09
11782 3.9
11782 6.12
11782 2.59
11782 2.65
11782 2.9
11782 0
11782 1.51
11782 0.19
11783 1.09
11783 3.9
11783 6.12
11783 2.59
11783 2.65
11783 2.9
11783 0
11783 1.51
11783 0.19
11784 1.09
11784 3.9
11784 6.12
11784 2.59
11784 2.65
11784 2.9
11784 0
11784 1.51
11784 0.19
11757 1.09
11757 3.9
11757 6.12
11757 2.59
11757 2.65
11757 2.9
11757 0
11757 1.51
11757 0.19
11758 1.09
11758 3.9
11758 6.12
11758 2.59
11758 2.65
11758 2.9
11758 0
11758 1.51
11758 0.19
11759 1.09
11759 3.9
11759 6.12
11759 2.59
11759 2.65
11759 2.9
11759 0
11759 1.51
11759 0.19
11760 1.09
11760 3.9
11760 6.12
11760 2.59
11760 2.65
11760 2.9
11760 0
11760 1.51
11760 0.19
11778 1.09
11778 3.9
11778 6.12
11778 2.59
11778 2.65
11778 2.9
11778 0
11778 1.51
11778 0.19
11779 1.09
11779 3.9
11779 6.12
11779 2.59
11779 2.65
11779 2.9
11779 0
11779 1.51
11779 0.19
11780 1.09
11780 3.9
11780 6.12
11780 2.59
11780 2.65
11780 2.9
11780 0
11780 1.51
11780 0.19
11781 1.09
11781 3.9
11781 6.12
11781 2.59
11781 2.65
11781 2.9
11781 0
11781 1.51
11781 0.19
11761 1.09
11761 3.9
11761 6.12
11761 2.59
11761 2.65
11761 2.9
11761 0
11761 1.51
11761 0.19
11762 1.09
11762 3.9
11762 6.12
11762 2.59
11762 2.65
11762 2.9
11762 0
11762 1.51
11762 0.19
11763 1.09
11763 3.9
11763 6.12
11763 2.59
11763 2.65
11763 2.9
11763 0
11763 1.51
11763 0.19
11764 1.09
11764 3.9
11764 6.12
11764 2.59
11764 2.65
11764 2.9
11764 0
11764 1.51
11764 0.19
11765 1.09
11765 3.9
11765 6.12
11765 2.59
11765 2.65
11765 2.9
11765 0
11765 1.51
11765 0.19
11767 1.09
11767 3.9
11767 6.12
11767 2.59
11767 2.65
11767 2.9
11767 0
11767 1.51
11767 0.19
11768 1.09
11768 3.9
11768 6.12
11768 2.59
11768 2.65
11768 2.9
11768 0
11768 1.51
11768 0.19
11876 1.09
11876 3.9
11876 6.12
11876 2.59
11876 2.65
11876 2.9
11876 0
11876 1.51
11876 0.19
11877 1.09
11877 3.9
11877 6.12
11877 2.59
11877 2.65
11877 2.9
11877 0
11877 1.51
11877 0.19
11878 1.09
11878 3.9
11878 6.12
11878 2.59
11878 2.65
11878 2.9
11878 0
11878 1.51
11878 0.19
11921 1.09
11921 3.9
11921 6.12
11921 2.59
11921 2.65
11921 2.9
11921 0
11921 1.51
11921 0.19
11919 1.09
11919 3.9
11919 6.12
11919 2.59
11919 2.65
11919 2.9
11919 0
11919 1.51
11919 0.19
11920 1.09
11920 3.9
11920 6.12
11920 2.59
11920 2.65
11920 2.9
11920 0
11920 1.51
11920 0.19
11917 1.09
11917 3.9
11917 6.12
11917 2.59
11917 2.65
11917 2.9
11917 0
11917 1.51
11917 0.19
11918 1.09
11918 3.9
11918 6.12
11918 2.59
11918 2.65
11918 2.9
11918 0
11918 1.51
11918 0.19
11915 1.09
11915 3.9
11915 6.12
11915 2.59
11915 2.65
11915 2.9
11915 0
11915 1.51
11915 0.19
11916 1.09
11916 3.9
11916 6.12
11916 2.59
11916 2.65
11916 2.9
11916 0
11916 1.51
11916 0.19
11886 1.09
11886 3.9
11886 6.12
11886 2.59
11886 2.65
11886 2.9
11886 0
11886 1.51
11886 0.19
11888 1.09
11888 3.9
11888 6.12
11888 2.59
11888 2.65
11888 2.9
11888 0
11888 1.51
11888 0.19
11911 1.09
11911 3.9
11911 6.12
11911 2.59
11911 2.65
11911 2.9
11911 0
11911 1.51
11911 0.19
11912 1.09
11912 3.9
11912 6.12
11912 2.59
11912 2.65
11912 2.9
11912 0
11912 1.51
11912 0.19
11913 1.09
11913 3.9
11913 6.12
11913 2.59
11913 2.65
11913 2.9
11913 0
11913 1.51
11913 0.19
11914 1.09
11914 3.9
11914 6.12
11914 2.59
11914 2.65
11914 2.9
11914 0
11914 1.51
11914 0.19
11889 1.09
11889 3.9
11889 6.12
11889 2.59
11889 2.65
11889 2.9
11889 0
11889 1.51
11889 0.19
11890 1.09
11890 3.9
11890 6.12
11890 2.59
11890 2.65
11890 2.9
11890 0
11890 1.51
11890 0.19
11891 1.09
11891 3.9
11891 6.12
11891 2.59
11891 2.65
11891 2.9
11891 0
11891 1.51
11891 0.19
11892 1.09
11892 3.9
11892 6.12
11892 2.59
11892 2.65
11892 2.9
11892 0
11892 1.51
11892 0.19
11908 1.09
11908 3.9
11908 6.12
11908 2.59
11908 2.65
11908 2.9
11908 0
11908 1.51
11908 0.19
11910 1.09
11910 3.9
11910 6.12
11910 2.59
11910 2.65
11910 2.9
11910 0
11910 1.51
11910 0.19
11893 1.09
11893 3.9
11893 6.12
11893 2.59
11893 2.65
11893 2.9
11893 0
11893 1.51
11893 0.19
11894 1.09
11894 3.9
11894 6.12
11894 2.59
11894 2.65
11894 2.9
11894 0
11894 1.51
11894 0.19
11896 1.09
11896 3.9
11896 6.12
11896 2.59
11896 2.65
11896 2.9
11896 0
11896 1.51
11896 0.19
11898 1.09
11898 3.9
11898 6.12
11898 2.59
11898 2.65
11898 2.9
11898 0
11898 1.51
11898 0.19
11899 1.09
11899 3.9
11899 6.12
11899 2.59
11899 2.65
11899 2.9
11899 0
11899 1.51
11899 0.19
11900 1.09
11900 3.9
11900 6.12
11900 2.59
11900 2.65
11900 2.9
11900 0
11900 1.51
11900 0.19
11906 1.09
11906 3.9
11906 6.12
11906 2.59
11906 2.65
11906 2.9
11906 0
11906 1.51
11906 0.19
12001 1.09
12001 3.9
12001 6.12
12001 2.59
12001 2.65
12001 2.9
12001 0
12001 1.51
12001 0.19
12003 1.09
12003 3.9
12003 6.12
12003 2.59
12003 2.65
12003 2.9
12003 0
12003 1.51
12003 0.19
12045 1.09
12045 3.9
12045 6.12
12045 2.59
12045 2.65
12045 2.9
12045 0
12045 1.51
12045 0.19
12005 1.09
12005 3.9
12005 6.12
12005 2.59
12005 2.65
12005 2.9
12005 0
12005 1.51
12005 0.19
12007 1.09
12007 3.9
12007 6.12
12007 2.59
12007 2.65
12007 2.9
12007 0
12007 1.51
12007 0.19
12042 1.09
12042 3.9
12042 6.12
12042 2.59
12042 2.65
12042 2.9
12042 0
12042 1.51
12042 0.19
12038 1.09
12038 3.9
12038 6.12
12038 2.59
12038 2.65
12038 2.9
12038 0
12038 1.51
12038 0.19
12040 1.09
12040 3.9
12040 6.12
12040 2.59
12040 2.65
12040 2.9
12040 0
12040 1.51
12040 0.19
12011 1.09
12011 3.9
12011 6.12
12011 2.59
12011 2.65
12011 2.9
12011 0
12011 1.51
12011 0.19
12012 1.09
12012 3.9
12012 6.12
12012 2.59
12012 2.65
12012 2.9
12012 0
12012 1.51
12012 0.19
12013 1.09
12013 3.9
12013 6.12
12013 2.59
12013 2.65
12013 2.9
12013 0
12013 1.51
12013 0.19
12035 1.09
12035 3.9
12035 6.12
12035 2.59
12035 2.65
12035 2.9
12035 0
12035 1.51
12035 0.19
12036 1.09
12036 3.9
12036 6.12
12036 2.59
12036 2.65
12036 2.9
12036 0
12036 1.51
12036 0.19
12014 1.09
12014 3.9
12014 6.12
12014 2.59
12014 2.65
12014 2.9
12014 0
12014 1.51
12014 0.19
12015 1.09
12015 3.9
12015 6.12
12015 2.59
12015 2.65
12015 2.9
12015 0
12015 1.51
12015 0.19
12016 1.09
12016 3.9
12016 6.12
12016 2.59
12016 2.65
12016 2.9
12016 0
12016 1.51
12016 0.19
12017 1.09
12017 3.9
12017 6.12
12017 2.59
12017 2.65
12017 2.9
12017 0
12017 1.51
12017 0.19
12018 1.09
12018 3.9
12018 6.12
12018 2.59
12018 2.65
12018 2.9
12018 0
12018 1.51
12018 0.19
12031 1.09
12031 3.9
12031 6.12
12031 2.59
12031 2.65
12031 2.9
12031 0
12031 1.51
12031 0.19
12032 1.09
12032 3.9
12032 6.12
12032 2.59
12032 2.65
12032 2.9
12032 0
12032 1.51
12032 0.19
12033 1.09
12033 3.9
12033 6.12
12033 2.59
12033 2.65
12033 2.9
12033 0
12033 1.51
12033 0.19
12034 1.09
12034 3.9
12034 6.12
12034 2.59
12034 2.65
12034 2.9
12034 0
12034 1.51
12034 0.19
12021 1.09
12021 3.9
12021 6.12
12021 2.59
12021 2.65
12021 2.9
12021 0
12021 1.51
12021 0.19
12022 1.09
12022 3.9
12022 6.12
12022 2.59
12022 2.65
12022 2.9
12022 0
12022 1.51
12022 0.19
12024 1.09
12024 3.9
12024 6.12
12024 2.59
12024 2.65
12024 2.9
12024 0
12024 1.51
12024 0.19
12025 1.09
12025 3.9
12025 6.12
12025 2.59
12025 2.65
12025 2.9
12025 0
12025 1.51
12025 0.19
12026 1.09
12026 3.9
12026 6.12
12026 2.59
12026 2.65
12026 2.9
12026 0
12026 1.51
12026 0.19
12027 1.09
12027 3.9
12027 6.12
12027 2.59
12027 2.65
12027 2.9
12027 0
12027 1.51
12027 0.19
12028 1.09
12028 3.9
12028 6.12
12028 2.59
12028 2.65
12028 2.9
12028 0
12028 1.51
12028 0.19
12029 1.09
12029 3.9
12029 6.12
12029 2.59
12029 2.65
12029 2.9
12029 0
12029 1.51
12029 0.19
12177 1.09
12177 3.9
12177 6.12
12177 2.59
12177 2.65
12177 2.9
12177 0
12177 1.51
12177 0.19
12121 1.09
12121 3.9
12121 6.12
12121 2.59
12121 2.65
12121 2.9
12121 0
12121 1.51
12121 0.19
12122 1.09
12122 3.9
12122 6.12
12122 2.59
12122 2.65
12122 2.9
12122 0
12122 1.51
12122 0.19
12123 1.09
12123 3.9
12123 6.12
12123 2.59
12123 2.65
12123 2.9
12123 0
12123 1.51
12123 0.19
12125 1.09
12125 3.9
12125 6.12
12125 2.59
12125 2.65
12125 2.9
12125 0
12125 1.51
12125 0.19
12167 1.09
12167 3.9
12167 6.12
12167 2.59
12167 2.65
12167 2.9
12167 0
12167 1.51
12167 0.19
12168 1.09
12168 3.9
12168 6.12
12168 2.59
12168 2.65
12168 2.9
12168 0
12168 1.51
12168 0.19
12126 1.09
12126 3.9
12126 6.12
12126 2.59
12126 2.65
12126 2.9
12126 0
12126 1.51
12126 0.19
12127 1.09
12127 3.9
12127 6.12
12127 2.59
12127 2.65
12127 2.9
12127 0
12127 1.51
12127 0.19
12166 1.09
12166 3.9
12166 6.12
12166 2.59
12166 2.65
12166 2.9
12166 0
12166 1.51
12166 0.19
12129 1.09
12129 3.9
12129 6.12
12129 2.59
12129 2.65
12129 2.9
12129 0
12129 1.51
12129 0.19
12130 1.09
12130 3.9
12130 6.12
12130 2.59
12130 2.65
12130 2.9
12130 0
12130 1.51
12130 0.19
12163 1.09
12163 3.9
12163 6.12
12163 2.59
12163 2.65
12163 2.9
12163 0
12163 1.51
12163 0.19
12164 1.09
12164 3.9
12164 6.12
12164 2.59
12164 2.65
12164 2.9
12164 0
12164 1.51
12164 0.19
12131 1.09
12131 3.9
12131 6.12
12131 2.59
12131 2.65
12131 2.9
12131 0
12131 1.51
12131 0.19
12133 1.09
12133 3.9
12133 6.12
12133 2.59
12133 2.65
12133 2.9
12133 0
12133 1.51
12133 0.19
12161 1.09
12161 3.9
12161 6.12
12161 2.59
12161 2.65
12161 2.9
12161 0
12161 1.51
12161 0.19
12162 1.09
12162 3.9
12162 6.12
12162 2.59
12162 2.65
12162 2.9
12162 0
12162 1.51
12162 0.19
12134 1.09
12134 3.9
12134 6.12
12134 2.59
12134 2.65
12134 2.9
12134 0
12134 1.51
12134 0.19
12151 1.09
12151 3.9
12151 6.12
12151 2.59
12151 2.65
12151 2.9
12151 0
12151 1.51
12151 0.19
12152 1.09
12152 3.9
12152 6.12
12152 2.59
12152 2.65
12152 2.9
12152 0
12152 1.51
12152 0.19
12153 1.09
12153 3.9
12153 6.12
12153 2.59
12153 2.65
12153 2.9
12153 0
12153 1.51
12153 0.19
12154 1.09
12154 3.9
12154 6.12
12154 2.59
12154 2.65
12154 2.9
12154 0
12154 1.51
12154 0.19
12155 1.09
12155 3.9
12155 6.12
12155 2.59
12155 2.65
12155 2.9
12155 0
12155 1.51
12155 0.19
12156 1.09
12156 3.9
12156 6.12
12156 2.59
12156 2.65
12156 2.9
12156 0
12156 1.51
12156 0.19
12147 1.09
12147 3.9
12147 6.12
12147 2.59
12147 2.65
12147 2.9
12147 0
12147 1.51
12147 0.19
12148 1.09
12148 3.9
12148 6.12
12148 2.59
12148 2.65
12148 2.9
12148 0
12148 1.51
12148 0.19
12149 1.09
12149 3.9
12149 6.12
12149 2.59
12149 2.65
12149 2.9
12149 0
12149 1.51
12149 0.19
12150 1.09
12150 3.9
12150 6.12
12150 2.59
12150 2.65
12150 2.9
12150 0
12150 1.51
12150 0.19
12303 1.09
12303 3.9
12303 6.12
12303 2.59
12303 2.65
12303 2.9
12303 0
12303 1.51
12303 0.19
12302 1.09
12302 3.9
12302 6.12
12302 2.59
12302 2.65
12302 2.9
12302 0
12302 1.51
12302 0.19
12245 1.09
12245 3.9
12245 6.12
12245 2.59
12245 2.65
12245 2.9
12245 0
12245 1.51
12245 0.19
12247 1.09
12247 3.9
12247 6.12
12247 2.59
12247 2.65
12247 2.9
12247 0
12247 1.51
12247 0.19
12248 1.09
12248 3.9
12248 6.12
12248 2.59
12248 2.65
12248 2.9
12248 0
12248 1.51
12248 0.19
12293 1.09
12293 3.9
12293 6.12
12293 2.59
12293 2.65
12293 2.9
12293 0
12293 1.51
12293 0.19
12249 1.09
12249 3.9
12249 6.12
12249 2.59
12249 2.65
12249 2.9
12249 0
12249 1.51
12249 0.19
12291 1.09
12291 3.9
12291 6.12
12291 2.59
12291 2.65
12291 2.9
12291 0
12291 1.51
12291 0.19
12292 1.09
12292 3.9
12292 6.12
12292 2.59
12292 2.65
12292 2.9
12292 0
12292 1.51
12292 0.19
12252 1.09
12252 3.9
12252 6.12
12252 2.59
12252 2.65
12252 2.9
12252 0
12252 1.51
12252 0.19
12289 1.09
12289 3.9
12289 6.12
12289 2.59
12289 2.65
12289 2.9
12289 0
12289 1.51
12289 0.19
12290 1.09
12290 3.9
12290 6.12
12290 2.59
12290 2.65
12290 2.9
12290 0
12290 1.51
12290 0.19
12253 1.09
12253 3.9
12253 6.12
12253 2.59
12253 2.65
12253 2.9
12253 0
12253 1.51
12253 0.19
12287 1.09
12287 3.9
12287 6.12
12287 2.59
12287 2.65
12287 2.9
12287 0
12287 1.51
12287 0.19
12288 1.09
12288 3.9
12288 6.12
12288 2.59
12288 2.65
12288 2.9
12288 0
12288 1.51
12288 0.19
12256 1.09
12256 3.9
12256 6.12
12256 2.59
12256 2.65
12256 2.9
12256 0
12256 1.51
12256 0.19
12257 1.09
12257 3.9
12257 6.12
12257 2.59
12257 2.65
12257 2.9
12257 0
12257 1.51
12257 0.19
12276 1.09
12276 3.9
12276 6.12
12276 2.59
12276 2.65
12276 2.9
12276 0
12276 1.51
12276 0.19
12277 1.09
12277 3.9
12277 6.12
12277 2.59
12277 2.65
12277 2.9
12277 0
12277 1.51
12277 0.19
12278 1.09
12278 3.9
12278 6.12
12278 2.59
12278 2.65
12278 2.9
12278 0
12278 1.51
12278 0.19
12279 1.09
12279 3.9
12279 6.12
12279 2.59
12279 2.65
12279 2.9
12279 0
12279 1.51
12279 0.19
12378 1.09
12378 3.9
12378 6.12
12378 2.59
12378 2.65
12378 2.9
12378 0
12378 1.51
12378 0.19
12379 1.09
12379 3.9
12379 6.12
12379 2.59
12379 2.65
12379 2.9
12379 0
12379 1.51
12379 0.19
12423 1.09
12423 3.9
12423 6.12
12423 2.59
12423 2.65
12423 2.9
12423 0
12423 1.51
12423 0.19
12424 1.09
12424 3.9
12424 6.12
12424 2.59
12424 2.65
12424 2.9
12424 0
12424 1.51
12424 0.19
12380 1.09
12380 3.9
12380 6.12
12380 2.59
12380 2.65
12380 2.9
12380 0
12380 1.51
12380 0.19
12381 1.09
12381 3.9
12381 6.12
12381 2.59
12381 2.65
12381 2.9
12381 0
12381 1.51
12381 0.19
12421 1.09
12421 3.9
12421 6.12
12421 2.59
12421 2.65
12421 2.9
12421 0
12421 1.51
12421 0.19
12422 1.09
12422 3.9
12422 6.12
12422 2.59
12422 2.65
12422 2.9
12422 0
12422 1.51
12422 0.19
12419 1.09
12419 3.9
12419 6.12
12419 2.59
12419 2.65
12419 2.9
12419 0
12419 1.51
12419 0.19
12420 1.09
12420 3.9
12420 6.12
12420 2.59
12420 2.65
12420 2.9
12420 0
12420 1.51
12420 0.19
12385 1.09
12385 3.9
12385 6.12
12385 2.59
12385 2.65
12385 2.9
12385 0
12385 1.51
12385 0.19
12386 1.09
12386 3.9
12386 6.12
12386 2.59
12386 2.65
12386 2.9
12386 0
12386 1.51
12386 0.19
12417 1.09
12417 3.9
12417 6.12
12417 2.59
12417 2.65
12417 2.9
12417 0
12417 1.51
12417 0.19
12418 1.09
12418 3.9
12418 6.12
12418 2.59
12418 2.65
12418 2.9
12418 0
12418 1.51
12418 0.19
12387 1.09
12387 3.9
12387 6.12
12387 2.59
12387 2.65
12387 2.9
12387 0
12387 1.51
12387 0.19
12567 1.09
12567 3.9
12567 6.12
12567 2.59
12567 2.65
12567 2.9
12567 0
12567 1.51
12567 0.19
12562 1.09
12562 3.9
12562 6.12
12562 2.59
12562 2.65
12562 2.9
12562 0
12562 1.51
12562 0.19
12510 1.09
12510 3.9
12510 6.12
12510 2.59
12510 2.65
12510 2.9
12510 0
12510 1.51
12510 0.19
12556 1.09
12556 3.9
12556 6.12
12556 2.59
12556 2.65
12556 2.9
12556 0
12556 1.51
12556 0.19
12511 1.09
12511 3.9
12511 6.12
12511 2.59
12511 2.65
12511 2.9
12511 0
12511 1.51
12511 0.19
12554 1.09
12554 3.9
12554 6.12
12554 2.59
12554 2.65
12554 2.9
12554 0
12554 1.51
12554 0.19
12555 1.09
12555 3.9
12555 6.12
12555 2.59
12555 2.65
12555 2.9
12555 0
12555 1.51
12555 0.19
12552 1.09
12552 3.9
12552 6.12
12552 2.59
12552 2.65
12552 2.9
12552 0
12552 1.51
12552 0.19
12553 1.09
12553 3.9
12553 6.12
12553 2.59
12553 2.65
12553 2.9
12553 0
12553 1.51
12553 0.19
12515 1.09
12515 3.9
12515 6.12
12515 2.59
12515 2.65
12515 2.9
12515 0
12515 1.51
12515 0.19
12550 1.09
12550 3.9
12550 6.12
12550 2.59
12550 2.65
12550 2.9
12550 0
12550 1.51
12550 0.19
12551 1.09
12551 3.9
12551 6.12
12551 2.59
12551 2.65
12551 2.9
12551 0
12551 1.51
12551 0.19
12519 1.09
12519 3.9
12519 6.12
12519 2.59
12519 2.65
12519 2.9
12519 0
12519 1.51
12519 0.19
12549 1.09
12549 3.9
12549 6.12
12549 2.59
12549 2.65
12549 2.9
12549 0
12549 1.51
12549 0.19
12689 1.09
12689 3.9
12689 6.12
12689 2.59
12689 2.65
12689 2.9
12689 0
12689 1.51
12689 0.19
12688 1.09
12688 3.9
12688 6.12
12688 2.59
12688 2.65
12688 2.9
12688 0
12688 1.51
12688 0.19
12687 1.09
12687 3.9
12687 6.12
12687 2.59
12687 2.65
12687 2.9
12687 0
12687 1.51
12687 0.19
12686 1.09
12686 3.9
12686 6.12
12686 2.59
12686 2.65
12686 2.9
12686 0
12686 1.51
12686 0.19
12636 1.09
12636 3.9
12636 6.12
12636 2.59
12636 2.65
12636 2.9
12636 0
12636 1.51
12636 0.19
12678 1.09
12678 3.9
12678 6.12
12678 2.59
12678 2.65
12678 2.9
12678 0
12678 1.51
12678 0.19
12679 1.09
12679 3.9
12679 6.12
12679 2.59
12679 2.65
12679 2.9
12679 0
12679 1.51
12679 0.19
12640 1.09
12640 3.9
12640 6.12
12640 2.59
12640 2.65
12640 2.9
12640 0
12640 1.51
12640 0.19
12641 1.09
12641 3.9
12641 6.12
12641 2.59
12641 2.65
12641 2.9
12641 0
12641 1.51
12641 0.19
12676 1.09
12676 3.9
12676 6.12
12676 2.59
12676 2.65
12676 2.9
12676 0
12676 1.51
12676 0.19
12642 1.09
12642 3.9
12642 6.12
12642 2.59
12642 2.65
12642 2.9
12642 0
12642 1.51
12642 0.19
12674 1.09
12674 3.9
12674 6.12
12674 2.59
12674 2.65
12674 2.9
12674 0
12674 1.51
12674 0.19
12675 1.09
12675 3.9
12675 6.12
12675 2.59
12675 2.65
12675 2.9
12675 0
12675 1.51
12675 0.19
12672 1.09
12672 3.9
12672 6.12
12672 2.59
12672 2.65
12672 2.9
12672 0
12672 1.51
12672 0.19
12673 1.09
12673 3.9
12673 6.12
12673 2.59
12673 2.65
12673 2.9
12673 0
12673 1.51
12673 0.19
12647 1.09
12647 3.9
12647 6.12
12647 2.59
12647 2.65
12647 2.9
12647 0
12647 1.51
12647 0.19
12811 1.09
12811 3.9
12811 6.12
12811 2.59
12811 2.65
12811 2.9
12811 0
12811 1.51
12811 0.19
12809 1.09
12809 3.9
12809 6.12
12809 2.59
12809 2.65
12809 2.9
12809 0
12809 1.51
12809 0.19
12807 1.09
12807 3.9
12807 6.12
12807 2.59
12807 2.65
12807 2.9
12807 0
12807 1.51
12807 0.19
12806 1.09
12806 3.9
12806 6.12
12806 2.59
12806 2.65
12806 2.9
12806 0
12806 1.51
12806 0.19
12752 1.09
12752 3.9
12752 6.12
12752 2.59
12752 2.65
12752 2.9
12752 0
12752 1.51
12752 0.19
12756 1.09
12756 3.9
12756 6.12
12756 2.59
12756 2.65
12756 2.9
12756 0
12756 1.51
12756 0.19
12757 1.09
12757 3.9
12757 6.12
12757 2.59
12757 2.65
12757 2.9
12757 0
12757 1.51
12757 0.19
12794 1.09
12794 3.9
12794 6.12
12794 2.59
12794 2.65
12794 2.9
12794 0
12794 1.51
12794 0.19
12792 1.09
12792 3.9
12792 6.12
12792 2.59
12792 2.65
12792 2.9
12792 0
12792 1.51
12792 0.19
12793 1.09
12793 3.9
12793 6.12
12793 2.59
12793 2.65
12793 2.9
12793 0
12793 1.51
12793 0.19
12760 1.09
12760 3.9
12760 6.12
12760 2.59
12760 2.65
12760 2.9
12760 0
12760 1.51
12760 0.19
12761 1.09
12761 3.9
12761 6.12
12761 2.59
12761 2.65
12761 2.9
12761 0
12761 1.51
12761 0.19
12790 1.09
12790 3.9
12790 6.12
12790 2.59
12790 2.65
12790 2.9
12790 0
12790 1.51
12790 0.19
12791 1.09
12791 3.9
12791 6.12
12791 2.59
12791 2.65
12791 2.9
12791 0
12791 1.51
12791 0.19
12762 1.09
12762 3.9
12762 6.12
12762 2.59
12762 2.65
12762 2.9
12762 0
12762 1.51
12762 0.19
12789 1.09
12789 3.9
12789 6.12
12789 2.59
12789 2.65
12789 2.9
12789 0
12789 1.51
12789 0.19
12765 1.09
12765 3.9
12765 6.12
12765 2.59
12765 2.65
12765 2.9
12765 0
12765 1.51
12765 0.19
12931 1.09
12931 3.9
12931 6.12
12931 2.59
12931 2.65
12931 2.9
12931 0
12931 1.51
12931 0.19
12930 1.09
12930 3.9
12930 6.12
12930 2.59
12930 2.65
12930 2.9
12930 0
12930 1.51
12930 0.19
12929 1.09
12929 3.9
12929 6.12
12929 2.59
12929 2.65
12929 2.9
12929 0
12929 1.51
12929 0.19
12928 1.09
12928 3.9
12928 6.12
12928 2.59
12928 2.65
12928 2.9
12928 0
12928 1.51
12928 0.19
12927 1.09
12927 3.9
12927 6.12
12927 2.59
12927 2.65
12927 2.9
12927 0
12927 1.51
12927 0.19
12873 1.09
12873 3.9
12873 6.12
12873 2.59
12873 2.65
12873 2.9
12873 0
12873 1.51
12873 0.19
12875 1.09
12875 3.9
12875 6.12
12875 2.59
12875 2.65
12875 2.9
12875 0
12875 1.51
12875 0.19
12876 1.09
12876 3.9
12876 6.12
12876 2.59
12876 2.65
12876 2.9
12876 0
12876 1.51
12876 0.19
12878 1.09
12878 3.9
12878 6.12
12878 2.59
12878 2.65
12878 2.9
12878 0
12878 1.51
12878 0.19
12909 1.09
12909 3.9
12909 6.12
12909 2.59
12909 2.65
12909 2.9
12909 0
12909 1.51
12909 0.19
12882 1.09
12882 3.9
12882 6.12
12882 2.59
12882 2.65
12882 2.9
12882 0
12882 1.51
12882 0.19
12883 1.09
12883 3.9
12883 6.12
12883 2.59
12883 2.65
12883 2.9
12883 0
12883 1.51
12883 0.19
13045 1.09
13045 3.9
13045 6.12
13045 2.59
13045 2.65
13045 2.9
13045 0
13045 1.51
13045 0.19
13041 1.09
13041 3.9
13041 6.12
13041 2.59
13041 2.65
13041 2.9
13041 0
13041 1.51
13041 0.19
13040 1.09
13040 3.9
13040 6.12
13040 2.59
13040 2.65
13040 2.9
13040 0
13040 1.51
13040 0.19
13039 1.09
13039 3.9
13039 6.12
13039 2.59
13039 2.65
13039 2.9
13039 0
13039 1.51
13039 0.19
12998 1.09
12998 3.9
12998 6.12
12998 2.59
12998 2.65
12998 2.9
12998 0
12998 1.51
12998 0.19
12999 1.09
12999 3.9
12999 6.12
12999 2.59
12999 2.65
12999 2.9
12999 0
12999 1.51
12999 0.19
13002 1.09
13002 3.9
13002 6.12
13002 2.59
13002 2.65
13002 2.9
13002 0
13002 1.51
13002 0.19
13003 1.09
13003 3.9
13003 6.12
13003 2.59
13003 2.65
13003 2.9
13003 0
13003 1.51
13003 0.19
13004 1.09
13004 3.9
13004 6.12
13004 2.59
13004 2.65
13004 2.9
13004 0
13004 1.51
13004 0.19
13005 1.09
13005 3.9
13005 6.12
13005 2.59
13005 2.65
13005 2.9
13005 0
13005 1.51
13005 0.19
13150 1.09
13150 3.9
13150 6.12
13150 2.59
13150 2.65
13150 2.9
13150 0
13150 1.51
13150 0.19
13149 1.09
13149 3.9
13149 6.12
13149 2.59
13149 2.65
13149 2.9
13149 0
13149 1.51
13149 0.19
13148 1.09
13148 3.9
13148 6.12
13148 2.59
13148 2.65
13148 2.9
13148 0
13148 1.51
13148 0.19
13147 1.09
13147 3.9
13147 6.12
13147 2.59
13147 2.65
13147 2.9
13147 0
13147 1.51
13147 0.19
13145 1.09
13145 3.9
13145 6.12
13145 2.59
13145 2.65
13145 2.9
13145 0
13145 1.51
13145 0.19
13113 1.09
13113 3.9
13113 6.12
13113 2.59
13113 2.65
13113 2.9
13113 0
13113 1.51
13113 0.19
13114 1.09
13114 3.9
13114 6.12
13114 2.59
13114 2.65
13114 2.9
13114 0
13114 1.51
13114 0.19
13115 1.09
13115 3.9
13115 6.12
13115 2.59
13115 2.65
13115 2.9
13115 0
13115 1.51
13115 0.19
13116 1.09
13116 3.9
13116 6.12
13116 2.59
13116 2.65
13116 2.9
13116 0
13116 1.51
13116 0.19
13117 1.09
13117 3.9
13117 6.12
13117 2.59
13117 2.65
13117 2.9
13117 0
13117 1.51
13117 0.19
13251 1.09
13251 3.9
13251 6.12
13251 2.59
13251 2.65
13251 2.9
13251 0
13251 1.51
13251 0.19
13250 1.09
13250 3.9
13250 6.12
13250 2.59
13250 2.65
13250 2.9
13250 0
13250 1.51
13250 0.19
13249 1.09
13249 3.9
13249 6.12
13249 2.59
13249 2.65
13249 2.9
13249 0
13249 1.51
13249 0.19
13248 1.09
13248 3.9
13248 6.12
13248 2.59
13248 2.65
13248 2.9
13248 0
13248 1.51
13248 0.19
13247 1.09
13247 3.9
13247 6.12
13247 2.59
13247 2.65
13247 2.9
13247 0
13247 1.51
13247 0.19
13246 1.09
13246 3.9
13246 6.12
13246 2.59
13246 2.65
13246 2.9
13246 0
13246 1.51
13246 0.19
13218 1.09
13218 3.9
13218 6.12
13218 2.59
13218 2.65
13218 2.9
13218 0
13218 1.51
13218 0.19
13219 1.09
13219 3.9
13219 6.12
13219 2.59
13219 2.65
13219 2.9
13219 0
13219 1.51
13219 0.19
13220 1.09
13220 3.9
13220 6.12
13220 2.59
13220 2.65
13220 2.9
13220 0
13220 1.51
13220 0.19
13221 1.09
13221 3.9
13221 6.12
13221 2.59
13221 2.65
13221 2.9
13221 0
13221 1.51
13221 0.19
13341 1.09
13341 3.9
13341 6.12
13341 2.59
13341 2.65
13341 2.9
13341 0
13341 1.51
13341 0.19
13340 1.09
13340 3.9
13340 6.12
13340 2.59
13340 2.65
13340 2.9
13340 0
13340 1.51
13340 0.19
13339 1.09
13339 3.9
13339 6.12
13339 2.59
13339 2.65
13339 2.9
13339 0
13339 1.51
13339 0.19
13314 1.09
13314 3.9
13314 6.12
13314 2.59
13314 2.65
13314 2.9
13314 0
13314 1.51
13314 0.19
13315 1.09
13315 3.9
13315 6.12
13315 2.59
13315 2.65
13315 2.9
13315 0
13315 1.51
13315 0.19
13316 1.09
13316 3.9
13316 6.12
13316 2.59
13316 2.65
13316 2.9
13316 0
13316 1.51
13316 0.19
13317 1.09
13317 3.9
13317 6.12
13317 2.59
13317 2.65
13317 2.9
13317 0
13317 1.51
13317 0.19
13321 1.09
13321 3.9
13321 6.12
13321 2.59
13321 2.65
13321 2.9
13321 0
13321 1.51
13321 0.19
13418 1.09
13418 3.9
13418 6.12
13418 2.59
13418 2.65
13418 2.9
13418 0
13418 1.51
13418 0.19
13392 1.09
13392 3.9
13392 6.12
13392 2.59
13392 2.65
13392 2.9
13392 0
13392 1.51
13392 0.19
13397 1.09
13397 3.9
13397 6.12
13397 2.59
13397 2.65
13397 2.9
13397 0
13397 1.51
13397 0.19
13398 1.09
13398 3.9
13398 6.12
13398 2.59
13398 2.65
13398 2.9
13398 0
13398 1.51
13398 0.19
13399 1.09
13399 3.9
13399 6.12
13399 2.59
13399 2.65
13399 2.9
13399 0
13399 1.51
13399 0.19
13400 1.09
13400 3.9
13400 6.12
13400 2.59
13400 2.65
13400 2.9
13400 0
13400 1.51
13400 0.19
13476 1.09
13476 3.9
13476 6.12
13476 2.59
13476 2.65
13476 2.9
13476 0
13476 1.51
13476 0.19
13479 1.09
13479 3.9
13479 6.12
13479 2.59
13479 2.65
13479 2.9
13479 0
13479 1.51
13479 0.19
13480 1.09
13480 3.9
13480 6.12
13480 2.59
13480 2.65
13480 2.9
13480 0
13480 1.51
13480 0.19
13481 1.09
13481 3.9
13481 6.12
13481 2.59
13481 2.65
13481 2.9
13481 0
13481 1.51
13481 0.19
13482 1.09
13482 3.9
13482 6.12
13482 2.59
13482 2.65
13482 2.9
13482 0
13482 1.51
13482 0.19
13546 1.09
13546 3.9
13546 6.12
13546 2.59
13546 2.65
13546 2.9
13546 0
13546 1.51
13546 0.19
13550 1.09
13550 3.9
13550 6.12
13550 2.59
13550 2.65
13550 2.9
13550 0
13550 1.51
13550 0.19
13551 1.09
13551 3.9
13551 6.12
13551 2.59
13551 2.65
13551 2.9
13551 0
13551 1.51
13551 0.19
13552 1.09
13552 3.9
13552 6.12
13552 2.59
13552 2.65
13552 2.9
13552 0
13552 1.51
13552 0.19
13553 1.09
13553 3.9
13553 6.12
13553 2.59
13553 2.65
13553 2.9
13553 0
13553 1.51
13553 0.19
13606 1.09
13606 3.9
13606 6.12
13606 2.59
13606 2.65
13606 2.9
13606 0
13606 1.51
13606 0.19
13610 1.09
13610 3.9
13610 6.12
13610 2.59
13610 2.65
13610 2.9
13610 0
13610 1.51
13610 0.19
13611 1.09
13611 3.9
13611 6.12
13611 2.59
13611 2.65
13611 2.9
13611 0
13611 1.51
13611 0.19
13612 1.09
13612 3.9
13612 6.12
13612 2.59
13612 2.65
13612 2.9
13612 0
13612 1.51
13612 0.19
13613 1.09
13613 3.9
13613 6.12
13613 2.59
13613 2.65
13613 2.9
13613 0
13613 1.51
13613 0.19
13663 1.09
13663 3.9
13663 6.12
13663 2.59
13663 2.65
13663 2.9
13663 0
13663 1.51
13663 0.19
13667 1.09
13667 3.9
13667 6.12
13667 2.59
13667 2.65
13667 2.9
13667 0
13667 1.51
13667 0.19
13670 1.09
13670 3.9
13670 6.12
13670 2.59
13670 2.65
13670 2.9
13670 0
13670 1.51
13670 0.19
13714 1.09
13714 3.9
13714 6.12
13714 2.59
13714 2.65
13714 2.9
13714 0
13714 1.51
13714 0.19
13718 1.09
13718 3.9
13718 6.12
13718 2.59
13718 2.65
13718 2.9
13718 0
13718 1.51
13718 0.19
13719 1.09
13719 3.9
13719 6.12
13719 2.59
13719 2.65
13719 2.9
13719 0
13719 1.51
13719 0.19
13723 1.09
13723 3.9
13723 6.12
13723 2.59
13723 2.65
13723 2.9
13723 0
13723 1.51
13723 0.19
13725 1.09
13725 3.9
13725 6.12
13725 2.59
13725 2.65
13725 2.9
13725 0
13725 1.51
13725 0.19
13773 1.09
13773 3.9
13773 6.12
13773 2.59
13773 2.65
13773 2.9
13773 0
13773 1.51
13773 0.19
13774 1.09
13774 3.9
13774 6.12
13774 2.59
13774 2.65
13774 2.9
13774 0
13774 1.51
13774 0.19
13777 1.09
13777 3.9
13777 6.12
13777 2.59
13777 2.65
13777 2.9
13777 0
13777 1.51
13777 0.19
13778 1.09
13778 3.9
13778 6.12
13778 2.59
13778 2.65
13778 2.9
13778 0
13778 1.51
13778 0.19
13826 1.09
13826 3.9
13826 6.12
13826 2.59
13826 2.65
13826 2.9
13826 0
13826 1.51
13826 0.19
13829 1.09
13829 3.9
13829 6.12
13829 2.59
13829 2.65
13829 2.9
13829 0
13829 1.51
13829 0.19
13830 1.09
13830 3.9
13830 6.12
13830 2.59
13830 2.65
13830 2.9
13830 0
13830 1.51
13830 0.19
13883 1.09
13883 3.9
13883 6.12
13883 2.59
13883 2.65
13883 2.9
13883 0
13883 1.51
13883 0.19
13887 1.09
13887 3.9
13887 6.12
13887 2.59
13887 2.65
13887 2.9
13887 0
13887 1.51
13887 0.19
13888 1.09
13888 3.9
13888 6.12
13888 2.59
13888 2.65
13888 2.9
13888 0
13888 1.51
13888 0.19
13940 1.09
13940 3.9
13940 6.12
13940 2.59
13940 2.65
13940 2.9
13940 0
13940 1.51
13940 0.19
13943 1.09
13943 3.9
13943 6.12
13943 2.59
13943 2.65
13943 2.9
13943 0
13943 1.51
13943 0.19
13944 1.09
13944 3.9
13944 6.12
13944 2.59
13944 2.65
13944 2.9
13944 0
13944 1.51
13944 0.19
14000 1.09
14000 3.9
14000 6.12
14000 2.59
14000 2.65
14000 2.9
14000 0
14000 1.51
14000 0.19
14057 1.09
14057 3.9
14057 6.12
14057 2.59
14057 2.65
14057 2.9
14057 0
14057 1.51
14057 0.19
14096 1.09
14096 3.9
14096 6.12
14096 2.59
14096 2.65
14096 2.9
14096 0
14096 1.51
14096 0.19
14100 1.09
14100 3.9
14100 6.12
14100 2.59
14100 2.65
14100 2.9
14100 0
14100 1.51
14100 0.19
14101 1.09
14101 3.9
14101 6.12
14101 2.59
14101 2.65
14101 2.9
14101 0
14101 1.51
14101 0.19
14102 1.09
14102 3.9
14102 6.12
14102 2.59
14102 2.65
14102 2.9
14102 0
14102 1.51
14102 0.19
14110 1.09
14110 3.9
14110 6.12
14110 2.59
14110 2.65
14110 2.9
14110 0
14110 1.51
14110 0.19
14111 1.09
14111 3.9
14111 6.12
14111 2.59
14111 2.65
14111 2.9
14111 0
14111 1.51
14111 0.19
14160 1.09
14160 3.9
14160 6.12
14160 2.59
14160 2.65
14160 2.9
14160 0
14160 1.51
14160 0.19
14165 1.09
14165 3.9
14165 6.12
14165 2.59
14165 2.65
14165 2.9
14165 0
14165 1.51
14165 0.19
14166 1.09
14166 3.9
14166 6.12
14166 2.59
14166 2.65
14166 2.9
14166 0
14166 1.51
14166 0.19
14167 1.09
14167 3.9
14167 6.12
14167 2.59
14167 2.65
14167 2.9
14167 0
14167 1.51
14167 0.19
14194 1.09
14194 3.9
14194 6.12
14194 2.59
14194 2.65
14194 2.9
14194 0
14194 1.51
14194 0.19
14207 1.09
14207 3.9
14207 6.12
14207 2.59
14207 2.65
14207 2.9
14207 0
14207 1.51
14207 0.19
14213 1.09
14213 3.9
14213 6.12
14213 2.59
14213 2.65
14213 2.9
14213 0
14213 1.51
14213 0.19
14214 1.09
14214 3.9
14214 6.12
14214 2.59
14214 2.65
14214 2.9
14214 0
14214 1.51
14214 0.19
14215 1.09
14215 3.9
14215 6.12
14215 2.59
14215 2.65
14215 2.9
14215 0
14215 1.51
14215 0.19
14216 1.09
14216 3.9
14216 6.12
14216 2.59
14216 2.65
14216 2.9
14216 0
14216 1.51
14216 0.19
14242 1.09
14242 3.9
14242 6.12
14242 2.59
14242 2.65
14242 2.9
14242 0
14242 1.51
14242 0.19
14261 1.09
14261 3.9
14261 6.12
14261 2.59
14261 2.65
14261 2.9
14261 0
14261 1.51
14261 0.19
14262 1.09
14262 3.9
14262 6.12
14262 2.59
14262 2.65
14262 2.9
14262 0
14262 1.51
14262 0.19
14308 1.09
14308 3.9
14308 6.12
14308 2.59
14308 2.65
14308 2.9
14308 0
14308 1.51
14308 0.19
14309 1.09
14309 3.9
14309 6.12
14309 2.59
14309 2.65
14309 2.9
14309 0
14309 1.51
14309 0.19
14310 1.09
14310 3.9
14310 6.12
14310 2.59
14310 2.65
14310 2.9
14310 0
14310 1.51
14310 0.19
14352 1.09
14352 3.9
14352 6.12
14352 2.59
14352 2.65
14352 2.9
14352 0
14352 1.51
14352 0.19
14353 1.09
14353 3.9
14353 6.12
14353 2.59
14353 2.65
14353 2.9
14353 0
14353 1.51
14353 0.19
14396 1.09
14396 3.9
14396 6.12
14396 2.59
14396 2.65
14396 2.9
14396 0
14396 1.51
14396 0.19
14468 1.09
14468 3.9
14468 6.12
14468 2.59
14468 2.65
14468 2.9
14468 0
14468 1.51
14468 0.19
14471 1.09
14471 3.9
14471 6.12
14471 2.59
14471 2.65
14471 2.9
14471 0
14471 1.51
14471 0.19
14535 1.09
14535 3.9
14535 6.12
14535 2.59
14535 2.65
14535 2.9
14535 0
14535 1.51
14535 0.19
14565 1.09
14565 3.9
14565 6.12
14565 2.59
14565 2.65
14565 2.9
14565 0
14565 1.51
14565 0.19
14566 1.09
14566 3.9
14566 6.12
14566 2.59
14566 2.65
14566 2.9
14566 0
14566 1.51
14566 0.19
14567 1.09
14567 3.9
14567 6.12
14567 2.59
14567 2.65
14567 2.9
14567 0
14567 1.51
14567 0.19
14601 1.09
14601 3.9
14601 6.12
14601 2.59
14601 2.65
14601 2.9
14601 0
14601 1.51
14601 0.19
14602 1.09
14602 3.9
14602 6.12
14602 2.59
14602 2.65
14602 2.9
14602 0
14602 1.51
14602 0.19
