pt_graph scale
9547 1.17684210526316
9547 0
9547 3.36789473684211
9547 2.46578947368421
9547 3.14236842105263
9547 2.89868421052632
9547 0.00263157894736842
9547 0.0197368421052632
9547 0.0184210526315789
9623 1.17684210526316
9623 0
9623 3.36789473684211
9623 2.46578947368421
9623 3.14236842105263
9623 2.89868421052632
9623 0.00263157894736842
9623 0.0197368421052632
9623 0.0184210526315789
9622 1.17684210526316
9622 0
9622 3.36789473684211
9622 2.46578947368421
9622 3.14236842105263
9622 2.89868421052632
9622 0.00263157894736842
9622 0.0197368421052632
9622 0.0184210526315789
9621 1.17684210526316
9621 0
9621 3.36789473684211
9621 2.46578947368421
9621 3.14236842105263
9621 2.89868421052632
9621 0.00263157894736842
9621 0.0197368421052632
9621 0.0184210526315789
9620 1.17684210526316
9620 0
9620 3.36789473684211
9620 2.46578947368421
9620 3.14236842105263
9620 2.89868421052632
9620 0.00263157894736842
9620 0.0197368421052632
9620 0.0184210526315789
9619 1.17684210526316
9619 0
9619 3.36789473684211
9619 2.46578947368421
9619 3.14236842105263
9619 2.89868421052632
9619 0.00263157894736842
9619 0.0197368421052632
9619 0.0184210526315789
9700 1.17684210526316
9700 0
9700 3.36789473684211
9700 2.46578947368421
9700 3.14236842105263
9700 2.89868421052632
9700 0.00263157894736842
9700 0.0197368421052632
9700 0.0184210526315789
9699 1.17684210526316
9699 0
9699 3.36789473684211
9699 2.46578947368421
9699 3.14236842105263
9699 2.89868421052632
9699 0.00263157894736842
9699 0.0197368421052632
9699 0.0184210526315789
9698 1.17684210526316
9698 0
9698 3.36789473684211
9698 2.46578947368421
9698 3.14236842105263
9698 2.89868421052632
9698 0.00263157894736842
9698 0.0197368421052632
9698 0.0184210526315789
9697 1.17684210526316
9697 0
9697 3.36789473684211
9697 2.46578947368421
9697 3.14236842105263
9697 2.89868421052632
9697 0.00263157894736842
9697 0.0197368421052632
9697 0.0184210526315789
9696 1.17684210526316
9696 0
9696 3.36789473684211
9696 2.46578947368421
9696 3.14236842105263
9696 2.89868421052632
9696 0.00263157894736842
9696 0.0197368421052632
9696 0.0184210526315789
9778 1.17684210526316
9778 0
9778 3.36789473684211
9778 2.46578947368421
9778 3.14236842105263
9778 2.89868421052632
9778 0.00263157894736842
9778 0.0197368421052632
9778 0.0184210526315789
9777 1.17684210526316
9777 0
9777 3.36789473684211
9777 2.46578947368421
9777 3.14236842105263
9777 2.89868421052632
9777 0.00263157894736842
9777 0.0197368421052632
9777 0.0184210526315789
9776 1.17684210526316
9776 0
9776 3.36789473684211
9776 2.46578947368421
9776 3.14236842105263
9776 2.89868421052632
9776 0.00263157894736842
9776 0.0197368421052632
9776 0.0184210526315789
9775 1.17684210526316
9775 0
9775 3.36789473684211
9775 2.46578947368421
9775 3.14236842105263
9775 2.89868421052632
9775 0.00263157894736842
9775 0.0197368421052632
9775 0.0184210526315789
9774 1.17684210526316
9774 0
9774 3.36789473684211
9774 2.46578947368421
9774 3.14236842105263
9774 2.89868421052632
9774 0.00263157894736842
9774 0.0197368421052632
9774 0.0184210526315789
9860 1.17684210526316
9860 0
9860 3.36789473684211
9860 2.46578947368421
9860 3.14236842105263
9860 2.89868421052632
9860 0.00263157894736842
9860 0.0197368421052632
9860 0.0184210526315789
9859 1.17684210526316
9859 0
9859 3.36789473684211
9859 2.46578947368421
9859 3.14236842105263
9859 2.89868421052632
9859 0.00263157894736842
9859 0.0197368421052632
9859 0.0184210526315789
9858 1.17684210526316
9858 0
9858 3.36789473684211
9858 2.46578947368421
9858 3.14236842105263
9858 2.89868421052632
9858 0.00263157894736842
9858 0.0197368421052632
9858 0.0184210526315789
9857 1.17684210526316
9857 0
9857 3.36789473684211
9857 2.46578947368421
9857 3.14236842105263
9857 2.89868421052632
9857 0.00263157894736842
9857 0.0197368421052632
9857 0.0184210526315789
9941 1.17684210526316
9941 0
9941 3.36789473684211
9941 2.46578947368421
9941 3.14236842105263
9941 2.89868421052632
9941 0.00263157894736842
9941 0.0197368421052632
9941 0.0184210526315789
9940 1.17684210526316
9940 0
9940 3.36789473684211
9940 2.46578947368421
9940 3.14236842105263
9940 2.89868421052632
9940 0.00263157894736842
9940 0.0197368421052632
9940 0.0184210526315789
9939 1.17684210526316
9939 0
9939 3.36789473684211
9939 2.46578947368421
9939 3.14236842105263
9939 2.89868421052632
9939 0.00263157894736842
9939 0.0197368421052632
9939 0.0184210526315789
9938 1.17684210526316
9938 0
9938 3.36789473684211
9938 2.46578947368421
9938 3.14236842105263
9938 2.89868421052632
9938 0.00263157894736842
9938 0.0197368421052632
9938 0.0184210526315789
10022 1.17684210526316
10022 0
10022 3.36789473684211
10022 2.46578947368421
10022 3.14236842105263
10022 2.89868421052632
10022 0.00263157894736842
10022 0.0197368421052632
10022 0.0184210526315789
10021 1.17684210526316
10021 0
10021 3.36789473684211
10021 2.46578947368421
10021 3.14236842105263
10021 2.89868421052632
10021 0.00263157894736842
10021 0.0197368421052632
10021 0.0184210526315789
10020 1.17684210526316
10020 0
10020 3.36789473684211
10020 2.46578947368421
10020 3.14236842105263
10020 2.89868421052632
10020 0.00263157894736842
10020 0.0197368421052632
10020 0.0184210526315789
10360 1.17684210526316
10360 0
10360 3.36789473684211
10360 2.46578947368421
10360 3.14236842105263
10360 2.89868421052632
10360 0.00263157894736842
10360 0.0197368421052632
10360 0.0184210526315789
10359 1.17684210526316
10359 0
10359 3.36789473684211
10359 2.46578947368421
10359 3.14236842105263
10359 2.89868421052632
10359 0.00263157894736842
10359 0.0197368421052632
10359 0.0184210526315789
10357 1.17684210526316
10357 0
10357 3.36789473684211
10357 2.46578947368421
10357 3.14236842105263
10357 2.89868421052632
10357 0.00263157894736842
10357 0.0197368421052632
10357 0.0184210526315789
10454 1.17684210526316
10454 0
10454 3.36789473684211
10454 2.46578947368421
10454 3.14236842105263
10454 2.89868421052632
10454 0.00263157894736842
10454 0.0197368421052632
10454 0.0184210526315789
10453 1.17684210526316
10453 0
10453 3.36789473684211
10453 2.46578947368421
10453 3.14236842105263
10453 2.89868421052632
10453 0.00263157894736842
10453 0.0197368421052632
10453 0.0184210526315789
10452 1.17684210526316
10452 0
10452 3.36789473684211
10452 2.46578947368421
10452 3.14236842105263
10452 2.89868421052632
10452 0.00263157894736842
10452 0.0197368421052632
10452 0.0184210526315789
10451 1.17684210526316
10451 0
10451 3.36789473684211
10451 2.46578947368421
10451 3.14236842105263
10451 2.89868421052632
10451 0.00263157894736842
10451 0.0197368421052632
10451 0.0184210526315789
10557 1.17684210526316
10557 0
10557 3.36789473684211
10557 2.46578947368421
10557 3.14236842105263
10557 2.89868421052632
10557 0.00263157894736842
10557 0.0197368421052632
10557 0.0184210526315789
10554 1.17684210526316
10554 0
10554 3.36789473684211
10554 2.46578947368421
10554 3.14236842105263
10554 2.89868421052632
10554 0.00263157894736842
10554 0.0197368421052632
10554 0.0184210526315789
10549 1.17684210526316
10549 0
10549 3.36789473684211
10549 2.46578947368421
10549 3.14236842105263
10549 2.89868421052632
10549 0.00263157894736842
10549 0.0197368421052632
10549 0.0184210526315789
10548 1.17684210526316
10548 0
10548 3.36789473684211
10548 2.46578947368421
10548 3.14236842105263
10548 2.89868421052632
10548 0.00263157894736842
10548 0.0197368421052632
10548 0.0184210526315789
10545 1.17684210526316
10545 0
10545 3.36789473684211
10545 2.46578947368421
10545 3.14236842105263
10545 2.89868421052632
10545 0.00263157894736842
10545 0.0197368421052632
10545 0.0184210526315789
10656 1.17684210526316
10656 0
10656 3.36789473684211
10656 2.46578947368421
10656 3.14236842105263
10656 2.89868421052632
10656 0.00263157894736842
10656 0.0197368421052632
10656 0.0184210526315789
10651 1.17684210526316
10651 0
10651 3.36789473684211
10651 2.46578947368421
10651 3.14236842105263
10651 2.89868421052632
10651 0.00263157894736842
10651 0.0197368421052632
10651 0.0184210526315789
10650 1.17684210526316
10650 0
10650 3.36789473684211
10650 2.46578947368421
10650 3.14236842105263
10650 2.89868421052632
10650 0.00263157894736842
10650 0.0197368421052632
10650 0.0184210526315789
10765 1.17684210526316
10765 0
10765 3.36789473684211
10765 2.46578947368421
10765 3.14236842105263
10765 2.89868421052632
10765 0.00263157894736842
10765 0.0197368421052632
10765 0.0184210526315789
10763 1.17684210526316
10763 0
10763 3.36789473684211
10763 2.46578947368421
10763 3.14236842105263
10763 2.89868421052632
10763 0.00263157894736842
10763 0.0197368421052632
10763 0.0184210526315789
10757 1.17684210526316
10757 0
10757 3.36789473684211
10757 2.46578947368421
10757 3.14236842105263
10757 2.89868421052632
10757 0.00263157894736842
10757 0.0197368421052632
10757 0.0184210526315789
10754 1.17684210526316
10754 0
10754 3.36789473684211
10754 2.46578947368421
10754 3.14236842105263
10754 2.89868421052632
10754 0.00263157894736842
10754 0.0197368421052632
10754 0.0184210526315789
10753 1.17684210526316
10753 0
10753 3.36789473684211
10753 2.46578947368421
10753 3.14236842105263
10753 2.89868421052632
10753 0.00263157894736842
10753 0.0197368421052632
10753 0.0184210526315789
10752 1.17684210526316
10752 0
10752 3.36789473684211
10752 2.46578947368421
10752 3.14236842105263
10752 2.89868421052632
10752 0.00263157894736842
10752 0.0197368421052632
10752 0.0184210526315789
10858 1.17684210526316
10858 0
10858 3.36789473684211
10858 2.46578947368421
10858 3.14236842105263
10858 2.89868421052632
10858 0.00263157894736842
10858 0.0197368421052632
10858 0.0184210526315789
10853 1.17684210526316
10853 0
10853 3.36789473684211
10853 2.46578947368421
10853 3.14236842105263
10853 2.89868421052632
10853 0.00263157894736842
10853 0.0197368421052632
10853 0.0184210526315789
10971 1.17684210526316
10971 0
10971 3.36789473684211
10971 2.46578947368421
10971 3.14236842105263
10971 2.89868421052632
10971 0.00263157894736842
10971 0.0197368421052632
10971 0.0184210526315789
10962 1.17684210526316
10962 0
10962 3.36789473684211
10962 2.46578947368421
10962 3.14236842105263
10962 2.89868421052632
10962 0.00263157894736842
10962 0.0197368421052632
10962 0.0184210526315789
11077 1.17684210526316
11077 0
11077 3.36789473684211
11077 2.46578947368421
11077 3.14236842105263
11077 2.89868421052632
11077 0.00263157894736842
11077 0.0197368421052632
11077 0.0184210526315789
11207 1.17684210526316
11207 0
11207 3.36789473684211
11207 2.46578947368421
11207 3.14236842105263
11207 2.89868421052632
11207 0.00263157894736842
11207 0.0197368421052632
11207 0.0184210526315789
11199 1.17684210526316
11199 0
11199 3.36789473684211
11199 2.46578947368421
11199 3.14236842105263
11199 2.89868421052632
11199 0.00263157894736842
11199 0.0197368421052632
11199 0.0184210526315789
11196 1.17684210526316
11196 0
11196 3.36789473684211
11196 2.46578947368421
11196 3.14236842105263
11196 2.89868421052632
11196 0.00263157894736842
11196 0.0197368421052632
11196 0.0184210526315789
11192 1.17684210526316
11192 0
11192 3.36789473684211
11192 2.46578947368421
11192 3.14236842105263
11192 2.89868421052632
11192 0.00263157894736842
11192 0.0197368421052632
11192 0.0184210526315789
11321 1.17684210526316
11321 0
11321 3.36789473684211
11321 2.46578947368421
11321 3.14236842105263
11321 2.89868421052632
11321 0.00263157894736842
11321 0.0197368421052632
11321 0.0184210526315789
11454 1.17684210526316
11454 0
11454 3.36789473684211
11454 2.46578947368421
11454 3.14236842105263
11454 2.89868421052632
11454 0.00263157894736842
11454 0.0197368421052632
11454 0.0184210526315789
11452 1.17684210526316
11452 0
11452 3.36789473684211
11452 2.46578947368421
11452 3.14236842105263
11452 2.89868421052632
11452 0.00263157894736842
11452 0.0197368421052632
11452 0.0184210526315789
11450 1.17684210526316
11450 0
11450 3.36789473684211
11450 2.46578947368421
11450 3.14236842105263
11450 2.89868421052632
11450 0.00263157894736842
11450 0.0197368421052632
11450 0.0184210526315789
11449 1.17684210526316
11449 0
11449 3.36789473684211
11449 2.46578947368421
11449 3.14236842105263
11449 2.89868421052632
11449 0.00263157894736842
11449 0.0197368421052632
11449 0.0184210526315789
11448 1.17684210526316
11448 0
11448 3.36789473684211
11448 2.46578947368421
11448 3.14236842105263
11448 2.89868421052632
11448 0.00263157894736842
11448 0.0197368421052632
11448 0.0184210526315789
11446 1.17684210526316
11446 0
11446 3.36789473684211
11446 2.46578947368421
11446 3.14236842105263
11446 2.89868421052632
11446 0.00263157894736842
11446 0.0197368421052632
11446 0.0184210526315789
11441 1.17684210526316
11441 0
11441 3.36789473684211
11441 2.46578947368421
11441 3.14236842105263
11441 2.89868421052632
11441 0.00263157894736842
11441 0.0197368421052632
11441 0.0184210526315789
11440 1.17684210526316
11440 0
11440 3.36789473684211
11440 2.46578947368421
11440 3.14236842105263
11440 2.89868421052632
11440 0.00263157894736842
11440 0.0197368421052632
11440 0.0184210526315789
11584 1.17684210526316
11584 0
11584 3.36789473684211
11584 2.46578947368421
11584 3.14236842105263
11584 2.89868421052632
11584 0.00263157894736842
11584 0.0197368421052632
11584 0.0184210526315789
11583 1.17684210526316
11583 0
11583 3.36789473684211
11583 2.46578947368421
11583 3.14236842105263
11583 2.89868421052632
11583 0.00263157894736842
11583 0.0197368421052632
11583 0.0184210526315789
11582 1.17684210526316
11582 0
11582 3.36789473684211
11582 2.46578947368421
11582 3.14236842105263
11582 2.89868421052632
11582 0.00263157894736842
11582 0.0197368421052632
11582 0.0184210526315789
11581 1.17684210526316
11581 0
11581 3.36789473684211
11581 2.46578947368421
11581 3.14236842105263
11581 2.89868421052632
11581 0.00263157894736842
11581 0.0197368421052632
11581 0.0184210526315789
11580 1.17684210526316
11580 0
11580 3.36789473684211
11580 2.46578947368421
11580 3.14236842105263
11580 2.89868421052632
11580 0.00263157894736842
11580 0.0197368421052632
11580 0.0184210526315789
11579 1.17684210526316
11579 0
11579 3.36789473684211
11579 2.46578947368421
11579 3.14236842105263
11579 2.89868421052632
11579 0.00263157894736842
11579 0.0197368421052632
11579 0.0184210526315789
11578 1.17684210526316
11578 0
11578 3.36789473684211
11578 2.46578947368421
11578 3.14236842105263
11578 2.89868421052632
11578 0.00263157894736842
11578 0.0197368421052632
11578 0.0184210526315789
11576 1.17684210526316
11576 0
11576 3.36789473684211
11576 2.46578947368421
11576 3.14236842105263
11576 2.89868421052632
11576 0.00263157894736842
11576 0.0197368421052632
11576 0.0184210526315789
11574 1.17684210526316
11574 0
11574 3.36789473684211
11574 2.46578947368421
11574 3.14236842105263
11574 2.89868421052632
11574 0.00263157894736842
11574 0.0197368421052632
11574 0.0184210526315789
11712 1.17684210526316
11712 0
11712 3.36789473684211
11712 2.46578947368421
11712 3.14236842105263
11712 2.89868421052632
11712 0.00263157894736842
11712 0.0197368421052632
11712 0.0184210526315789
11711 1.17684210526316
11711 0
11711 3.36789473684211
11711 2.46578947368421
11711 3.14236842105263
11711 2.89868421052632
11711 0.00263157894736842
11711 0.0197368421052632
11711 0.0184210526315789
11710 1.17684210526316
11710 0
11710 3.36789473684211
11710 2.46578947368421
11710 3.14236842105263
11710 2.89868421052632
11710 0.00263157894736842
11710 0.0197368421052632
11710 0.0184210526315789
11709 1.17684210526316
11709 0
11709 3.36789473684211
11709 2.46578947368421
11709 3.14236842105263
11709 2.89868421052632
11709 0.00263157894736842
11709 0.0197368421052632
11709 0.0184210526315789
11708 1.17684210526316
11708 0
11708 3.36789473684211
11708 2.46578947368421
11708 3.14236842105263
11708 2.89868421052632
11708 0.00263157894736842
11708 0.0197368421052632
11708 0.0184210526315789
11707 1.17684210526316
11707 0
11707 3.36789473684211
11707 2.46578947368421
11707 3.14236842105263
11707 2.89868421052632
11707 0.00263157894736842
11707 0.0197368421052632
11707 0.0184210526315789
11704 1.17684210526316
11704 0
11704 3.36789473684211
11704 2.46578947368421
11704 3.14236842105263
11704 2.89868421052632
11704 0.00263157894736842
11704 0.0197368421052632
11704 0.0184210526315789
11703 1.17684210526316
11703 0
11703 3.36789473684211
11703 2.46578947368421
11703 3.14236842105263
11703 2.89868421052632
11703 0.00263157894736842
11703 0.0197368421052632
11703 0.0184210526315789
11702 1.17684210526316
11702 0
11702 3.36789473684211
11702 2.46578947368421
11702 3.14236842105263
11702 2.89868421052632
11702 0.00263157894736842
11702 0.0197368421052632
11702 0.0184210526315789
11841 1.17684210526316
11841 0
11841 3.36789473684211
11841 2.46578947368421
11841 3.14236842105263
11841 2.89868421052632
11841 0.00263157894736842
11841 0.0197368421052632
11841 0.0184210526315789
