745
1417
2160
2880
3624
4344
5088
5832
6552
7297
8017
8761
9505
10201
10944
11664
12408
13128
13872
14616
15336
16081
16801
17545
18289
18961
19704
20424
21168
21888
22632
23376
24096
24841
25561
26305
27049
27721
28464
29184
29928
30648
31392
32136
32856
33601
34321
35065
35809
36481
37224
37944
38688
39408
40152
40896
41616
42361
43081
43825
44569
45265
46008
46728
47472
48192
48936
49680
50400
51145
51865
52609
53353
54025
54768
55488
56232
56952
57696
58440
59160
59905
60625
61369
62113
62785
63528
64248
64992
65712
66456
67200
67920
68665
69385
70129
70873
71545
72288
73008
73752
74472
75216
75960
76680
77425
78145
78889
79633
80329
81072
81792
82536
83256
84000
84744
85464
86209
86929
87673
88417
89089
89832
90552
91296
92016
92760
93504
94224
94969
95689
96433
97177
97849
98592
99312
100056
100776
101520
102264
102984
103729
104449
105193
105937
106609
107352
108072
108816
109536
110280
111024
111744
112489
113209
-1
